# Time	FTRLS_Output	FTRLS_Error
0.000000000000000000e+00	0.000000000000000000e+00	0.000000000000000000e+00
1.001001001001000992e-03	0.000000000000000000e+00	0.000000000000000000e+00
2.002002002002001985e-03	0.000000000000000000e+00	0.000000000000000000e+00
3.003003003003002977e-03	0.000000000000000000e+00	0.000000000000000000e+00
4.004004004004003969e-03	0.000000000000000000e+00	0.000000000000000000e+00
5.005005005005004962e-03	0.000000000000000000e+00	0.000000000000000000e+00
6.006006006006005954e-03	0.000000000000000000e+00	0.000000000000000000e+00
7.007007007007006946e-03	0.000000000000000000e+00	0.000000000000000000e+00
8.008008008008007939e-03	0.000000000000000000e+00	0.000000000000000000e+00
9.009009009009008931e-03	0.000000000000000000e+00	0.000000000000000000e+00
1.001001001001000992e-02	0.000000000000000000e+00	0.000000000000000000e+00
1.101101101101101092e-02	0.000000000000000000e+00	0.000000000000000000e+00
1.201201201201201191e-02	0.000000000000000000e+00	0.000000000000000000e+00
1.301301301301301290e-02	0.000000000000000000e+00	0.000000000000000000e+00
1.401401401401401389e-02	0.000000000000000000e+00	0.000000000000000000e+00
1.501501501501501488e-02	0.000000000000000000e+00	0.000000000000000000e+00
1.601601601601601588e-02	0.000000000000000000e+00	0.000000000000000000e+00
1.701701701701701513e-02	0.000000000000000000e+00	0.000000000000000000e+00
1.801801801801801786e-02	0.000000000000000000e+00	0.000000000000000000e+00
1.901901901901902059e-02	0.000000000000000000e+00	0.000000000000000000e+00
2.002002002002001985e-02	0.000000000000000000e+00	0.000000000000000000e+00
2.102102102102101910e-02	0.000000000000000000e+00	0.000000000000000000e+00
2.202202202202202183e-02	0.000000000000000000e+00	0.000000000000000000e+00
2.302302302302302456e-02	0.000000000000000000e+00	0.000000000000000000e+00
2.402402402402402382e-02	0.000000000000000000e+00	0.000000000000000000e+00
2.502502502502502307e-02	0.000000000000000000e+00	7.076624788865043536e-01
2.602602602602602580e-02	2.073477490354937558e+00	-1.343949399232749142e+00
2.702702702702702853e-02	1.162973550307226933e+00	-4.123012450545026075e-01
2.802802802802802778e-02	3.315451748652565644e+00	-2.544377535953841196e+00
2.902902902902902704e-02	3.438123378008990372e+00	-2.647409739093896874e+00
3.003003003003002977e-02	2.105285211157973624e+00	-1.295714047817229542e+00
3.103103103103103250e-02	2.450412748649067662e+00	-1.622784610046336340e+00
3.203203203203203175e-02	1.138393937733798156e+00	-2.935272287779804312e-01
3.303303303303303101e-02	-2.103774592287661893e-02	8.823075738621074526e-01
3.403403403403403027e-02	1.797073035272966690e+00	-9.202517600398132380e-01
3.503503503503503647e-02	2.392082254665642616e+00	-1.500576581967358658e+00
3.603603603603603572e-02	3.585632845781683287e+00	-2.680324346199086882e+00
3.703703703703703498e-02	3.565192762403682991e+00	-2.646976655523408883e+00
3.803803803803804118e-02	1.938277570866777655e+00	-1.008061840038173340e+00
3.903903903903904044e-02	2.062214568431433026e+00	-1.120919062901929664e+00
4.004004004004003969e-02	1.329196826680939525e+00	-3.777523519977628030e-01
4.104104104104103895e-02	9.528323620217306056e-01	7.820240400590372509e-03
4.204204204204203821e-02	6.735747037385828584e-01	2.953360794975666836e-01
4.304304304304304440e-02	4.415157614249356932e+00	-3.438946763274927321e+00
4.404404404404404366e-02	1.934016235166474473e+00	-9.514706482438467505e-01
4.504504504504504292e-02	2.058185791914310503e+00	-1.070277064974132442e+00
4.604604604604604912e-02	1.270473170628872772e+00	-2.781782029740590412e-01
4.704704704704704837e-02	3.238090491465547505e+00	-2.242390519758709733e+00
4.804804804804804763e-02	9.610010680527167892e-01	3.711930398542950815e-02
4.904904904904904689e-02	2.255216839706283061e+00	-1.255663064484519253e+00
5.005005005005004615e-02	1.631215077669813329e+00	-6.312163138412159036e-01
5.105105105105105234e-02	2.831404763012126402e+00	-1.831949865183057025e+00
5.205205205205205160e-02	1.998753266650417304e+00	-1.000830551622174047e+00
5.305305305305305086e-02	1.358414303768215259e+00	-3.630105732342027158e-01
5.405405405405405705e-02	2.371136258666467267e+00	-1.379235823407590544e+00
5.505505505505505631e-02	2.768652469683098527e+00	-1.781236176226309587e+00
5.605605605605605557e-02	2.431396368478189185e+00	-1.449440629180682505e+00
5.705705705705705483e-02	2.647082728782395034e+00	-1.671558556300556386e+00
5.805805805805805409e-02	1.870153621727102866e+00	-9.020256688249840282e-01
5.905905905905906028e-02	2.093147327148112247e+00	-1.133372932794923127e+00
6.006006006006005954e-02	1.810488430052484610e+00	-8.600166727523730348e-01
6.106106106106105880e-02	2.023479054831727630e+00	-1.083249814121968635e+00
6.206206206206206499e-02	1.597758860690118299e+00	-6.687018877357555624e-01
6.306306306306305731e-02	8.192459484731408059e-01	9.772005332287270196e-02
6.406406406406406351e-02	2.337029519466493621e+00	-1.433061236004477434e+00
6.506506506506506970e-02	1.850864089637582310e+00	-9.607874188156764195e-01
6.606606606606606202e-02	8.560660246318579913e-01	1.923887604595508893e-02
6.706706706706706822e-02	2.512708300538828876e+00	-1.653040720358083693e+00
6.806806806806806054e-02	1.347988714632032403e+00	-5.048085422458097327e-01
6.906906906906906674e-02	2.064186856608858811e+00	-1.238327875645315546e+00
7.007007007007007293e-02	2.559416394272362449e+00	-1.751695260198555815e+00
7.107107107107106525e-02	2.094035064121739342e+00	-1.305250496689107864e+00
7.207207207207207145e-02	2.803562012385210078e+00	-2.034494005810893125e+00
7.307307307307307764e-02	1.062997516217705885e+00	-3.144065678827152599e-01
7.407407407407406996e-02	2.203372957292060175e+00	-1.475999315719011218e+00
7.507507507507507616e-02	1.396717186170927327e+00	-6.912801190249742156e-01
7.607607607607608236e-02	1.196176131069377924e+00	-5.133732139061888411e-01
7.707707707707707467e-02	1.349767325012404262e+00	-6.902737514765081572e-01
7.807807807807808087e-02	1.503358635736593341e+00	-8.678265498922091981e-01
7.907907907907907319e-02	1.700858635818674802e+00	-1.089916487273251633e+00
8.008008008008007939e-02	7.903189090256513838e-01	-2.045708314838120545e-01
8.108108108108108558e-02	2.131917666018191326e+00	-1.571942879880595889e+00
8.208208208208207790e-02	1.776796510277138585e+00	-1.243148749875016001e+00
8.308308308308308410e-02	4.073070663820455017e-01	9.948596758622707537e-02
8.408408408408407642e-02	2.338084811087528081e+00	-1.858647648798718244e+00
8.508508508508508261e-02	2.569966782575489717e+00	-2.118359586198594435e+00
8.608608608608608881e-02	2.087193152814655672e+00	-1.663862496758121257e+00
8.708708708708708113e-02	1.229899007653560750e+00	-8.352635049041197135e-01
8.808808808808808732e-02	6.660886579119825734e-01	-3.005385460867635583e-01
8.908908908908909352e-02	1.879892154116686420e+00	-1.543788909574470569e+00
9.009009009009008584e-02	9.581479143321890435e-01	-6.518238947254052507e-01
9.109109109109109204e-02	1.903280429708295252e+00	-1.627038545329220653e+00
9.209209209209209823e-02	1.247373901322336165e+00	-1.001487315568486025e+00
9.309309309309309055e-02	1.658494903041518809e+00	-1.443206762296428414e+00
9.409409409409409675e-02	1.257494030790994310e+00	-1.073017223987501767e+00
9.509509509509508907e-02	1.375480692276269901e+00	-1.221997640380053207e+00
9.609609609609609526e-02	9.363237585566819288e-01	-8.139862341782245769e-01
9.709709709709710146e-02	1.801939201495166731e+00	-1.710868178808526041e+00
9.809809809809809378e-02	9.192842992294255611e-01	-8.595698343462152557e-01
9.909909909909909997e-02	9.885437859921566428e-01	-9.602449279090383705e-01
1.001001001001000923e-01	1.717135749656332422e+00	-1.720280481864068456e+00
1.011011011011010985e-01	8.013175315152171185e-02	-1.147169659633389405e-01
1.021021021021021047e-01	2.335084051409794595e-02	-8.934233414071861279e-02
1.031031031031030970e-01	1.047700580934775472e+00	-1.145033099303077728e+00
1.041041041041041032e-01	-6.879533686270838944e-02	-5.978195841916009168e-02
1.051051051051051094e-01	1.396809703102205757e+00	-1.556504630889755214e+00
1.061061061061061017e-01	1.938156392911224157e-01	-3.844702843241868395e-01
1.071071071071071079e-01	-6.318915833769406243e-02	-1.582366739838648173e-01
1.081081081081081141e-01	1.164764223432707801e+00	-1.416742284817833042e+00
1.091091091091091064e-01	8.793892908155017674e-01	-1.161670411289473348e+00
1.101101101101101126e-01	9.656614591975228867e-01	-1.277966503429012413e+00
1.111111111111111049e-01	4.745988936014723381e-01	-8.166190369271405514e-01
1.121121121121121111e-01	-3.448616560368793493e-01	-2.653537777068853964e-02
1.131131131131131173e-01	8.187505574299032141e-01	-1.219157223597707063e+00
1.141141141141141097e-01	-1.801633529443157355e-01	-2.488570011180105679e-01
1.151151151151151159e-01	2.195842292296235898e-01	-6.767940319087027978e-01
1.161161161161161082e-01	2.004741446816381556e-01	-6.854212813991253928e-01
1.171171171171171144e-01	-3.097833642142486243e-01	-2.024215637388654954e-01
1.181181181181181206e-01	-8.606612269200761278e-02	-4.528900996682088120e-01
1.191191191191191129e-01	-1.432253796088527042e-02	-5.508520288045074542e-01
1.201201201201201191e-01	-2.972542224318558413e-01	-2.935798125741019282e-01
1.211211211211211253e-01	-9.540930485436750486e-01	3.381837949764955331e-01
1.221221221221221176e-01	-5.332079699003203777e-01	-1.071674567727054495e-01
1.231231231231231238e-01	-1.649196962960269575e-01	-4.992886645095869769e-01
1.241241241241241300e-01	-1.020034490487216061e+00	3.326500018581058926e-01
1.251251251251251362e-01	-9.410374770552021317e-01	2.311565847607734980e-01
1.261261261261261146e-01	-1.087902017067354121e+00	3.562266909656761626e-01
1.271271271271271208e-01	-1.831427371887644484e-01	-5.696035013091902410e-01
1.281281281281281270e-01	-6.828249977076550348e-01	-9.024779568106244820e-02
1.291291291291291332e-01	-7.875294743400534925e-01	-5.105416401631202028e-03
1.301301301301301394e-01	-1.367663255356981189e+00	5.562500688941153237e-01
1.311311311311311179e-01	-9.268198913808224360e-01	9.743077985574000177e-02
1.321321321321321240e-01	-1.449254954433290221e+00	6.027100641032298034e-01
1.331331331331331302e-01	-1.335101093370777647e+00	4.722375350848465603e-01
1.341341341341341364e-01	-1.751595182792219152e+00	8.732662042094503363e-01
1.351351351351351426e-01	-1.389822766361510586e+00	4.968969082119422120e-01
1.361361361361361211e-01	-1.517065621583126411e+00	6.104258588062374535e-01
1.371371371371371273e-01	-1.871948366540934217e+00	9.524912351507290875e-01
1.381381381381381335e-01	-1.776434455327945861e+00	8.450691658680918872e-01
1.391391391391391397e-01	-2.462081766508148473e+00	1.519729304973829853e+00
1.401401401401401459e-01	-2.794612923726439657e+00	1.842205140841988165e+00
1.411411411411411521e-01	-2.143904727135888866e+00	1.182383416888763250e+00
1.421421421421421305e-01	-2.301206398067110914e+00	1.331522366409423341e+00
1.431431431431431367e-01	-2.178729199800303551e+00	1.201841324438810865e+00
1.441441441441441429e-01	-1.486037304486309107e+00	5.029115866906049837e-01
1.451451451451451491e-01	-2.068656496529286848e+00	1.080265105895814148e+00
1.461461461461461553e-01	-2.834590378498086594e+00	1.841910691614566442e+00
1.471471471471471337e-01	-2.052552709793399544e+00	1.056566343754295367e+00
1.481481481481481399e-01	-3.164115751023509393e+00	2.165807592752241106e+00
1.491491491491491461e-01	-2.864078050744029991e+00	1.864435283081800065e+00
1.501501501501501523e-01	-2.745414232439118418e+00	1.745425357963404256e+00
1.511511511511511585e-01	-1.983171708913727738e+00	9.838255724517468437e-01
1.521521521521521647e-01	-3.093153059436645869e+00	2.095437870240384193e+00
1.531531531531531432e-01	-3.224281757510692348e+00	2.229184112060426326e+00
1.541541541541541493e-01	-2.989367060970568701e+00	1.997870967373183815e+00
1.551551551551551555e-01	-3.229050281192894722e+00	2.242136186139734644e+00
1.561561561561561617e-01	-2.518782657808086523e+00	1.537426477054526952e+00
1.571571571571571679e-01	-3.418192423454127216e+00	2.443364576779592845e+00
1.581581581581581464e-01	-3.514337253883625500e+00	2.547001705486334977e+00
1.591591591591591526e-01	-3.237247536376615997e+00	2.278360841651966062e+00
1.601601601601601588e-01	-3.323154065466872531e+00	2.373664425112059106e+00
1.611611611611611650e-01	-2.307904344430580235e+00	1.368750666810812255e+00
1.621621621621621712e-01	-2.634517840489239315e+00	1.706628813192729854e+00
1.631631631631631496e-01	-2.982390566978358581e+00	2.066683738478189092e+00
1.641641641641641558e-01	-3.497200590244476714e+00	2.594581462575442643e+00
1.651651651651651620e-01	-2.561142122211304439e+00	1.672503255558948521e+00
1.661661661661661682e-01	-3.340338804200832623e+00	2.466558934288103799e+00
1.671671671671671744e-01	-3.620574916849590874e+00	2.762518085993903583e+00
1.681681681681681528e-01	-2.499514227881835193e+00	1.658028930581784799e+00
1.691691691691691590e-01	-2.917484502863910922e+00	2.093402846760546332e+00
1.701701701701701652e-01	-2.653972365836369196e+00	1.848109248878699651e+00
1.711711711711711714e-01	-2.800213864364079264e+00	2.013366168992488880e+00
1.721721721721721776e-01	-2.567596687928561661e+00	1.800542493072962769e+00
1.731731731731731838e-01	-3.091628029344761774e+00	2.345125841016709956e+00
1.741741741741741623e-01	-3.231658935178290282e+00	2.506446936417892513e+00
1.751751751751751685e-01	-2.477767406961354002e+00	1.774562727880669932e+00
1.761761761761761746e-01	-3.140328203054746581e+00	2.459826211699494003e+00
1.771771771771771808e-01	-3.045480380748161853e+00	2.388353995478973424e+00
1.781781781781781870e-01	-2.884705322682999729e+00	2.251604346756178820e+00
1.791791791791791655e-01	-2.639297001126344355e+00	2.030847480132126570e+00
1.801801801801801717e-01	-2.713772824628103209e+00	2.130576427421829067e+00
1.811811811811811779e-01	-3.181062402422802471e+00	2.623695826161160038e+00
1.821821821821821841e-01	-2.810672710073826686e+00	2.279687109944505963e+00
1.831831831831831903e-01	-3.422844394892351705e+00	2.918764839101027242e+00
1.841841841841841965e-01	-2.182264877790903945e+00	1.705589828344476810e+00
1.851851851851851749e-01	-3.045450866219924002e+00	2.596651686019461724e+00
1.861861861861861811e-01	-2.930698183614588448e+00	2.510218670345373937e+00
1.871871871871871873e-01	-2.447210286249494882e+00	2.055466233529096964e+00
1.881881881881881935e-01	-2.725209669477131502e+00	2.362588455695464162e+00
1.891891891891891997e-01	-1.609200610043559410e+00	1.276060815301501616e+00
1.901901901901901781e-01	-2.753661890908306376e+00	2.450332942433679051e+00
1.911911911911911843e-01	-1.993805200897323715e+00	1.720587047288857363e+00
1.921921921921921905e-01	-1.954588603901195709e+00	1.711751418522608370e+00
1.931931931931931967e-01	-2.432731994531752928e+00	2.220515908349244949e+00
1.941941941941942029e-01	-1.668684355438509348e+00	1.487299219565858532e+00
1.951951951951951814e-01	-1.908659921184559849e+00	1.758285099370622939e+00
1.961961961961961876e-01	-1.423372306138854571e+00	1.304156497402680248e+00
1.971971971971971938e-01	-1.312389028641052890e+00	1.224450120229990890e+00
1.981981981981981999e-01	-5.476735124895084628e-01	4.910984633057157156e-01
1.991991991991992061e-01	-6.577916837327151267e-01	6.326364383433391581e-01
2.002002002002001846e-01	-1.287277112513869781e+00	1.293566545829936798e+00
2.012012012012011908e-01	-1.110496728808836320e+00	1.148224621487553110e+00
2.022022022022021970e-01	-3.935427389301029977e-01	4.626717835248873589e-01
2.032032032032032032e-01	-4.131458165658437043e-01	5.136076544180117054e-01
2.042042042042042094e-01	-2.876782618093000066e-01	4.193735506449239869e-01
2.052052052052052156e-01	-1.141694733552031771e+00	1.304493245717125882e+00
2.062062062062061940e-01	-3.444040929350961067e-01	5.381448441719929310e-01
2.072072072072072002e-01	-5.295684865654596285e-01	7.540598952030316271e-01
2.082082082082082064e-01	1.007935550445958894e-01	1.542265213557142134e-01
2.092092092092092126e-01	1.637463777291262024e-02	2.689219283011370365e-01
2.102102102102102188e-01	6.436974429840616185e-01	-3.284065044085590079e-01
2.112112112112111972e-01	5.837884759336273710e-01	-2.388149421390373117e-01
2.122122122122122034e-01	9.074305791394030596e-01	-5.331155792153843276e-01
2.132132132132132096e-01	5.281350969947217200e-01	-1.248487745107412228e-01
2.142142142142142158e-01	3.133388266285760393e-01	1.185200263847208668e-01
2.152152152152152220e-01	6.690941531350872440e-01	-2.090898157364764476e-01
2.162162162162162282e-01	9.089385103027349810e-01	-4.212435664891004405e-01
2.172172172172172067e-01	1.185012915998154170e+00	-6.701096257573420090e-01
2.182182182182182129e-01	2.198548719097305870e+00	-1.656946247549116125e+00
2.192192192192192191e-01	1.358168987316392240e+00	-7.904029012216844396e-01
2.202202202202202252e-01	1.053396589065898725e+00	-4.600283272282782443e-01
2.212212212212212314e-01	1.331555476910439850e+00	-7.131717949942241175e-01
2.222222222222222099e-01	1.312876730437557926e+00	-6.700891207510194514e-01
2.232232232232232161e-01	1.691917056744632220e+00	-1.025361143562260935e+00
2.242242242242242223e-01	8.386917827102042811e-01	-1.490266937319427720e-01
2.252252252252252285e-01	1.582372460580168783e+00	-8.702801751491434645e-01
2.262262262262262347e-01	1.726485174686957613e+00	-9.926698494102298431e-01
2.272272272272272131e-01	1.797805539838272848e+00	-1.042992812277474535e+00
2.282282282282282193e-01	1.490963028063714724e+00	-7.158992991841133247e-01
2.292292292292292255e-01	1.670242427372292893e+00	-8.756941234598493162e-01
2.302302302302302317e-01	1.292426986170480907e+00	-4.791798009467478359e-01
2.312312312312312379e-01	1.713938785385552555e+00	-8.827969030698592512e-01
2.322322322322322163e-01	1.780238100287419689e+00	-9.320234003746179496e-01
2.332332332332332225e-01	2.238893756315444517e+00	-1.374445000855579968e+00
2.342342342342342287e-01	1.636774069267374010e+00	-7.569460734509448896e-01
2.352352352352352349e-01	2.463333945659889501e+00	-1.568996732528862292e+00
2.362362362362362411e-01	2.870214844545895261e+00	-1.962252784666349115e+00
2.372372372372372473e-01	1.384619032770182168e+00	-4.639299697173189241e-01
2.382382382382382258e-01	2.475842235147530879e+00	-1.543336597667823717e+00
2.392392392392392320e-01	2.715077676098115234e+00	-1.771677577826534344e+00
2.402402402402402382e-01	2.241470198288546545e+00	-1.288108525911117574e+00
2.412412412412412444e-01	2.370658285352012395e+00	-1.408277776115379076e+00
2.422422422422422505e-01	2.499950346894097564e+00	-1.529502656374300607e+00
2.432432432432432290e-01	2.354522124887010293e+00	-1.376966885939324259e+00
2.442442442442442352e-01	2.382068130079991075e+00	-1.398372003900381078e+00
2.452452452452452414e-01	1.849755458219700888e+00	-8.608911784562651714e-01
2.462462462462462476e-01	3.079474646203185006e+00	-2.086420057062817079e+00
2.472472472472472538e-01	3.164003172518424556e+00	-2.167740261819870007e+00
2.482482482482482600e-01	2.386155058869348089e+00	-1.387668986998825682e+00
2.492492492492492384e-01	2.163188846714596103e+00	-1.163466972444207492e+00
2.502502502502502724e-01	2.996957539898770673e+00	-1.996988444031023935e+00
2.512512512512512508e-01	2.552191161345781723e+00	-1.552963669149702408e+00
2.522522522522522292e-01	2.851788779808974716e+00	-1.854290983214474942e+00
2.532532532532532632e-01	2.701846221109004631e+00	-1.707064501626419428e+00
2.542542542542542416e-01	3.161299598168260339e+00	-2.170217651499240397e+00
2.552552552552552756e-01	3.279247040905528543e+00	-2.292844904209814239e+00
2.562562562562562540e-01	2.716209158437405069e+00	-1.735462241217365253e+00
2.572572572572572325e-01	2.420886757738321737e+00	-1.446764877299585361e+00
2.582582582582582664e-01	2.245827347255740403e+00	-1.279293769697698924e+00
2.592592592592592449e-01	3.197053448410617449e+00	-2.239063936095128327e+00
2.602602602602602788e-01	2.386506109816513899e+00	-1.438007976256718834e+00
2.612612612612612573e-01	2.549490939674946777e+00	-1.611422112778780447e+00
2.622622622622622357e-01	2.577318167921860415e+00	-1.650606262516574940e+00
2.632632632632632697e-01	2.754813170346380957e+00	-1.840374570901214923e+00
2.642642642642642481e-01	1.867783929871395854e+00	-9.665228843254509705e-01
2.652652652652652820e-01	2.726964665471049987e+00	-1.839772391062445944e+00
2.662662662662662605e-01	2.882116684941747220e+00	-2.009870486922261001e+00
2.672672672672672389e-01	2.696128539867003848e+00	-1.839690943973657067e+00
2.682682682682682729e-01	2.510004876440020904e+00	-1.670222775981481611e+00
2.692692692692692513e-01	2.659700390612280696e+00	-1.837404209013470791e+00
2.702702702702702853e-01	2.846349889478945627e+00	-2.042352759112004534e+00
2.712712712712712637e-01	1.367640248048360041e+00	-5.827372061619553456e-01
2.722722722722722422e-01	3.233450844964879778e+00	-2.468418047506988344e+00
2.732732732732732761e-01	2.632954633539092093e+00	-1.888548587650673127e+00
2.742742742742742545e-01	2.217042549500449322e+00	-1.493999365438939186e+00
2.752752752752752885e-01	2.227443229729627827e+00	-1.526477892962030847e+00
2.762762762762762669e-01	2.577556528336303110e+00	-1.899362192521636183e+00
2.772772772772773009e-01	2.271462761208860481e+00	-1.616710062769126433e+00
2.782782782782782793e-01	1.378458316082213697e+00	-7.477947110396562236e-01
2.792792792792792578e-01	2.999833591203648009e+00	-2.393882714940098300e+00
2.802802802802802917e-01	2.043232602157845079e+00	-1.462593652729239579e+00
2.812812812812812702e-01	2.510548385759101997e+00	-1.955795531374983742e+00
2.822822822822823041e-01	1.804813653037145249e+00	-1.276495464291094617e+00
2.832832832832832826e-01	2.766456401188343683e+00	-2.265095308600737045e+00
2.842842842842842610e-01	2.188408551007795300e+00	-1.714500328417351671e+00
2.852852852852852950e-01	2.330785688591128668e+00	-1.884798962906052422e+00
2.862862862862862734e-01	1.579494420717030501e+00	-1.161870208510563662e+00
2.872872872872873073e-01	2.479564441932483820e+00	-2.090715713341096738e+00
2.882882882882882858e-01	2.232283888586113374e+00	-1.872595158941576576e+00
2.892892892892892642e-01	2.550403732198787132e+00	-2.220230681797949579e+00
2.902902902902902982e-01	1.669546346872262443e+00	-1.369215469260511409e+00
2.912912912912912766e-01	1.595752433647994684e+00	-1.325560712764212168e+00
2.922922922922923106e-01	2.714310978575356081e+00	-2.474525595077619933e+00
2.932932932932932890e-01	1.267961312273190089e+00	-1.058819379335622868e+00
2.942942942942942675e-01	1.533014354004621715e+00	-1.354722682846644322e+00
2.952952952952953014e-01	1.980767917518833521e+00	-1.833502812898692991e+00
2.962962962962962798e-01	1.620574000360343936e+00	-1.504481086235112786e+00
2.972972972972973138e-01	1.653976462198379682e+00	-1.569170537722869962e+00
2.982982982982982922e-01	1.137254067813558533e+00	-1.083818993820500731e+00
2.992992992992992707e-01	1.396408967250755362e+00	-1.374397583324526106e+00
3.003003003003003046e-01	5.989073778476269316e-01	-6.083414500735239150e-01
3.013013013013012831e-01	1.726826366039086791e+00	-1.767696565479797144e+00
3.023023023023023170e-01	9.325906106395828177e-01	-1.004856522560170662e+00
3.033033033033032955e-01	6.808527114638182054e-01	-7.844428752960568296e-01
3.043043043043043294e-01	1.046924180508891578e+00	-1.181736160515475254e+00
3.053053053053053079e-01	4.900703026171308596e-01	-6.559707891858440609e-01
3.063063063063062863e-01	-6.366579652387618915e-02	-1.331591449438275510e-01
3.073073073073073203e-01	-1.970350831663786328e-01	-3.051968170970409400e-02
3.083083083083082987e-01	4.678096899886094451e-01	-7.258692594174585011e-01
3.093093093093093326e-01	1.349856712241322143e-02	-3.018077573946358894e-01
3.103103103103103111e-01	-1.091930995755937550e-01	-2.090806153167141801e-01
3.113113113113112895e-01	3.723845551276571131e-01	-7.203080678219406785e-01
3.123123123123123235e-01	-7.038648603762992506e-01	3.266355960735294328e-01
3.133133133133133019e-01	-7.128352309231977824e-01	3.066732403687268405e-01
3.143143143143143359e-01	-7.540332007871037856e-01	3.193401196327077529e-01
3.153153153153153143e-01	-6.263700758599546337e-01	1.635757528926565785e-01
3.163163163163162928e-01	-7.539045472973828765e-01	2.634666193809630519e-01
3.173173173173173267e-01	-1.069105134344334518e+00	5.515085738824565542e-01
3.183183183183183051e-01	-1.026052311564816577e+00	4.818089469332378361e-01
3.193193193193193391e-01	-1.135352391467735034e+00	5.650004008898336094e-01
3.203203203203203175e-01	-1.557341295059316844e+00	9.614446744254189214e-01
3.213213213213212960e-01	-1.728839043902037798e+00	1.107987049058795304e+00
3.223223223223223299e-01	-1.405841430674228176e+00	7.606479947355355709e-01
3.233233233233233084e-01	-1.976459786257372064e+00	1.307562912513033027e+00
3.243243243243243423e-01	-2.242413252650667488e+00	1.550474383673121626e+00
3.253253253253253208e-01	-1.948364791454698874e+00	1.234068155027677971e+00
3.263263263263262992e-01	-2.059884488530574043e+00	1.323936421046471690e+00
3.273273273273273332e-01	-1.078753073997112066e+00	3.218813219921200508e-01
3.283283283283283116e-01	-2.325916367138026519e+00	1.548869367655738793e+00
3.293293293293293456e-01	-1.744314418293747559e+00	9.478605587888179196e-01
3.303303303303303240e-01	-1.840978501535792899e+00	1.025905360049530923e+00
3.313313313313313024e-01	-2.671687424951979750e+00	1.838800991311207333e+00
3.323323323323323364e-01	-1.871846856015178417e+00	1.021970734824491966e+00
3.333333333333333148e-01	-2.804816295700092610e+00	1.938790891915654679e+00
3.343343343343343488e-01	-3.577006261684225308e+00	2.695687949574418152e+00
3.353353353353353272e-01	-2.325602350667346663e+00	1.429862626982091767e+00
3.363363363363363057e-01	-3.458592895006390222e+00	2.549317517192501992e+00
3.373373373373373396e-01	-2.578505748262651665e+00	1.656593858577426914e+00
3.383383383383383181e-01	-3.084570356977534900e+00	2.150933593366688878e+00
3.393393393393393520e-01	-2.122757439343924801e+00	1.178319033963096008e+00
3.403403403403403304e-01	-2.364432998005695730e+00	1.410126864276947334e+00
3.413413413413413644e-01	-3.037478066642117280e+00	2.074247875748204351e+00
3.423423423423423428e-01	-3.201427655222069735e+00	2.230225902951693762e+00
3.433433433433433213e-01	-3.514431018166413789e+00	2.536218083033205506e+00
3.443443443443443552e-01	-3.273838492561123470e+00	2.289581686127754701e+00
3.453453453453453337e-01	-3.233699053496695619e+00	2.244371663843201858e+00
3.463463463463463676e-01	-3.286696933607580640e+00	2.293277262889770185e+00
3.473473473473473461e-01	-3.126205405121699421e+00	2.129675802171362875e+00
3.483483483483483245e-01	-2.924202250068350217e+00	1.925548138991893810e+00
3.493493493493493585e-01	-2.973316382945370151e+00	1.973525288681444056e+00
3.503503503503503369e-01	-3.463904212029989882e+00	2.463964783829696081e+00
3.513513513513513709e-01	-3.819500617654672414e+00	2.820401651449990776e+00
3.523523523523523493e-01	-2.785134235279563164e+00	1.787863695906730443e+00
3.533533533533533277e-01	-3.614050400434314803e+00	2.619594444679036904e+00
3.543543543543543617e-01	-3.696875796974916639e+00	2.706217798405484931e+00
3.553553553553553401e-01	-3.723827816680438829e+00	2.737947393233042703e+00
3.563563563563563741e-01	-4.289733938026652815e+00	3.309605983304476418e+00
3.573573573573573525e-01	-3.824811364504462130e+00	2.851405083748459468e+00
3.583583583583583310e-01	-3.797881481320014796e+00	2.832159433004659554e+00
3.593593593593593649e-01	-3.206338887780844971e+00	2.249256031782574272e+00
3.603603603603603434e-01	-3.171158853439144831e+00	2.223661606718714712e+00
3.613613613613613773e-01	-3.354456796182817779e+00	2.417482096915379852e+00
3.623623623623623557e-01	-2.959084633440917766e+00	2.033559014519239483e+00
3.633633633633633342e-01	-3.131804831626053165e+00	2.218643504453069681e+00
3.643643643643643681e-01	-3.342834421534371714e+00	2.442940371011053102e+00
3.653653653653653466e-01	-3.303305662729836722e+00	2.417568754333306202e+00
3.663663663663663805e-01	-3.410470621745028463e+00	2.539766721579900910e+00
3.673673673673673590e-01	-3.455128331234441408e+00	2.600318439927514547e+00
3.683683683683683929e-01	-3.333601996884474783e+00	2.495531398179248406e+00
3.693693693693693714e-01	-3.679572598763253932e+00	2.859070023656165915e+00
3.703703703703703498e-01	-3.066663082090996806e+00	2.264539889335952516e+00
3.713713713713713838e-01	-3.566388301208704092e+00	2.783437675000240752e+00
3.723723723723723622e-01	-2.773134172915924012e+00	2.010130338544396711e+00
3.733733733733733962e-01	-3.204919372493599372e+00	2.462616830747990093e+00
3.743743743743743746e-01	-3.060134268423384540e+00	2.339267049498798379e+00
3.753753753753753530e-01	-2.776591455836122879e+00	2.077872393483754632e+00
3.763763763763763870e-01	-2.564502642209059324e+00	1.888622668846379637e+00
3.773773773773773654e-01	-3.533861178983249030e+00	2.881488642461457861e+00
3.783783783783783994e-01	-2.919260841011931618e+00	2.291040843716289022e+00
3.793793793793793778e-01	-2.357127860355078486e+00	1.753681621291652171e+00
3.803803803803803563e-01	-3.373536128213419083e+00	2.795460368713047039e+00
3.813813813813813902e-01	-2.377676951761168223e+00	1.825543305408098504e+00
3.823823823823823687e-01	-3.445185543667976802e+00	2.919539991036655291e+00
3.833833833833834026e-01	-2.921045638981627057e+00	2.422407967740634938e+00
3.843843843843843811e-01	-2.463751144718904662e+00	1.992614435635886583e+00
3.853853853853853595e-01	-3.180722612202553812e+00	2.737552751558426145e+00
3.863863863863863934e-01	-2.893902009221589022e+00	2.479137228116182090e+00
3.873873873873873719e-01	-3.133286765508352723e+00	2.747337206513022601e+00
3.883883883883884058e-01	-1.759474116141608979e+00	1.402721427727377845e+00
3.893893893893893843e-01	-2.254948709962753206e+00	1.927745669104980797e+00
3.903903903903903627e-01	-1.993405149624580153e+00	1.696075312957407322e+00
3.913913913913913967e-01	-2.222595216418211450e+00	1.955432600283689926e+00
3.923923923923923751e-01	-2.186549532968490084e+00	1.949818322676808657e+00
3.933933933933934091e-01	-2.666679866182873671e+00	2.460614154771181283e+00
3.943943943943943875e-01	-2.013004181890915678e+00	1.837807738639045452e+00
3.953953953953953659e-01	-2.161339787772901033e+00	2.017185856704941660e+00
3.963963963963963999e-01	-1.335498151023533975e+00	1.222529279594460450e+00
3.973973973973973783e-01	-1.114436577415385488e+00	1.032764475552178318e+00
3.983983983983984123e-01	-8.021738962782527516e-01	7.518793259148863761e-01
3.993993993993993907e-01	-9.061532923537137796e-01	8.872859875692467035e-01
4.004004004004003692e-01	-1.437241737614482817e+00	1.449820355453222520e+00
4.014014014014014031e-01	-1.633926696087989239e+00	1.677938798110369722e+00
4.024024024024023816e-01	-6.715552728266731553e-01	7.469573374090738849e-01
4.034034034034034155e-01	-7.039033488495554103e-01	8.106208142209136991e-01
4.044044044044043940e-01	-1.578168785647186878e+00	1.716096123619839986e+00
4.054054054054054279e-01	-5.329320306867253443e-01	7.019328510085742767e-01
4.064064064064064064e-01	-2.276556219067354669e-01	4.275628071315402123e-01
4.074074074074073848e-01	-3.031513200366030558e-01	5.337671907790418890e-01
4.084084084084084187e-01	-2.532163572245882954e-01	5.143128676366772734e-01
4.094094094094093972e-01	-4.398512587973772425e-01	7.311702220729237034e-01
4.104104104104104311e-01	-5.781108008315760660e-01	8.993641445157192216e-01
4.114114114114114096e-01	5.037086028179595942e-01	-1.528385519666293768e-01
4.124124124124123880e-01	2.291540479201380209e-01	1.509857502034570309e-01
4.134134134134134220e-01	2.636127136190726805e-01	1.454209283216734705e-01
4.144144144144144004e-01	1.222611595781369243e+00	-7.850885853244660151e-01
4.154154154154154344e-01	9.164800459943549527e-01	-4.509003142003971121e-01
4.164164164164164128e-01	9.241926113408664989e-01	-4.310165494413927267e-01
4.174174174174173912e-01	9.595348463192292510e-01	-4.392501343376506995e-01
4.184184184184184252e-01	1.764787238792332014e+00	-1.217908363298704888e+00
4.194194194194194036e-01	2.045420833085985990e+00	-1.472488578443967411e+00
4.204204204204204376e-01	1.917658343143998190e+00	-1.319239256753071077e+00
4.214214214214214160e-01	1.861473055955890299e+00	-1.238158888017674375e+00
4.224224224224223945e-01	7.321013561065361497e-01	-8.450847446914278027e-02
4.234234234234234284e-01	1.630830734021136097e+00	-9.595995146802338560e-01
4.244244244244244069e-01	1.571212683345466044e+00	-8.770068772047436845e-01
4.254254254254254408e-01	1.785199263215167642e+00	-1.068705339732384463e+00
4.264264264264264193e-01	2.314457880426762593e+00	-1.576384348794424684e+00
4.274274274274273977e-01	7.669058967221120682e-01	-7.982605254024055519e-03
4.284284284284284317e-01	1.660349471056232318e+00	-8.813268854727418500e-01
4.294294294294294101e-01	2.179262432871988953e+00	-1.380910894197583616e+00
4.304304304304304440e-01	1.926686163032968357e+00	-1.109795125840063346e+00
4.314314314314314225e-01	1.515596036130691493e+00	-6.809732878828742564e-01
4.324324324324324564e-01	2.535578338274001364e+00	-1.684049200540690183e+00
4.334334334334334349e-01	2.399626455816653792e+00	-1.532032968149052321e+00
4.344344344344344133e-01	1.970665116111443904e+00	-1.087865203386825019e+00
4.354354354354354473e-01	2.637872209925806732e+00	-1.740738833983493050e+00
4.364364364364364257e-01	2.905336410921243839e+00	-1.994756707329208512e+00
4.374374374374374597e-01	2.663381199932589816e+00	-1.740255600738277675e+00
4.384384384384384381e-01	3.091423688650893453e+00	-2.156665031983742598e+00
4.394394394394394165e-01	2.780298341751619162e+00	-1.834830969157756231e+00
4.404404404404404505e-01	2.594480825767924603e+00	-1.639239668169637731e+00
4.414414414414414289e-01	2.268574609710673595e+00	-1.304504262894523148e+00
4.424424424424424629e-01	2.731388486356359113e+00	-1.759442276904125357e+00
4.434434434434434413e-01	2.822195828240088300e+00	-1.843334870826226934e+00
4.444444444444444198e-01	3.092973864024954889e+00	-2.108166111012747201e+00
4.454454454454454537e-01	2.691101611926905779e+00	-1.701320896203122324e+00
4.464464464464464322e-01	2.949931617919203219e+00	-1.956156689913779223e+00
4.474474474474474661e-01	2.483168903727012378e+00	-1.486382463569978052e+00
4.484484484484484446e-01	2.542479236335745352e+00	-1.543666962108476204e+00
4.494494494494494230e-01	2.839094823299948001e+00	-1.839244396341647603e+00
4.504504504504504570e-01	2.435871856552958015e+00	-1.435971984786209132e+00
4.514514514514514354e-01	3.193269414389379168e+00	-2.194308854630551586e+00
4.524524524524524693e-01	3.235865748029295830e+00	-2.238832328250605741e+00
4.534534534534534478e-01	3.223942764941436945e+00	-2.229822407451497401e+00
4.544544544544544262e-01	3.265473851640567027e+00	-2.275249598149368335e+00
4.554554554554554602e-01	4.065615363754512046e+00	-3.080266403286895383e+00
4.564564564564564386e-01	3.139588895628403264e+00	-2.160089596247286803e+00
4.574574574574574726e-01	2.306704352616709919e+00	-1.334023297913549788e+00
4.584584584584584510e-01	3.251502316251297930e+00	-2.286601347556558750e+00
4.594594594594594295e-01	3.198181845795628586e+00	-2.242015111056377297e+00
4.604604604604604634e-01	2.967815295303876333e+00	-2.021328305569023875e+00
4.614614614614614418e-01	2.687985866036392668e+00	-1.752114560482580075e+00
4.624624624624624758e-01	2.868022818877765001e+00	-1.943692639300456326e+00
4.634634634634634542e-01	3.067899798334415618e+00	-2.156024774019381418e+00
4.644644644644644327e-01	2.752429840981645448e+00	-1.853911684861777154e+00
4.654654654654654666e-01	4.022630224224156059e+00	-3.138357441215378074e+00
4.664664664664664451e-01	2.680196632233202259e+00	-1.811043640631202489e+00
4.674674674674674790e-01	2.684959572921354898e+00	-1.831785839727962273e+00
4.684684684684684575e-01	1.942527454624152439e+00	-1.106176645658375701e+00
4.694694694694694914e-01	2.880679118160512253e+00	-2.061978263794683741e+00
4.704704704704704699e-01	1.857275928396468601e+00	-1.057034605742436240e+00
4.714714714714714483e-01	2.352094336946401576e+00	-1.571103869300482847e+00
4.724724724724724823e-01	2.450375526592802444e+00	-1.689408200931134862e+00
4.734734734734734607e-01	2.239985606774372862e+00	-1.499793910072428460e+00
4.744744744744744946e-01	3.251306532460412679e+00	-2.532622407591874847e+00
4.754754754754754731e-01	3.011553456058802425e+00	-2.315087578009579872e+00
4.764764764764764515e-01	3.112730546455400038e+00	-2.439171619568533789e+00
4.774774774774774855e-01	2.123985479121722086e+00	-1.473999556068075201e+00
4.784784784784784639e-01	2.901967415498682534e+00	-2.276197238646875398e+00
4.794794794794794979e-01	2.601277033847875231e+00	-2.000341399684752552e+00
4.804804804804804763e-01	2.585584525245665510e+00	-2.010077672475774513e+00
4.814814814814814548e-01	2.697842328804216816e+00	-2.148333350733409919e+00
4.824824824824824887e-01	1.932512189856687490e+00	-1.409544471640884256e+00
4.834834834834834671e-01	2.023579224154123501e+00	-1.527669905469733580e+00
4.844844844844845011e-01	2.505019537568707655e+00	-2.036659001236047040e+00
4.854854854854854795e-01	9.398880224595436150e-01	-4.995394095249242605e-01
4.864864864864864580e-01	2.630908064016218351e+00	-2.219006815772224250e+00
4.874874874874874919e-01	2.224927992274717159e+00	-1.841881419671548281e+00
4.884884884884884704e-01	1.898676845851448025e+00	-1.544863726725108410e+00
4.894894894894895043e-01	1.958597425692337302e+00	-1.634367630207965716e+00
4.904904904904904828e-01	1.212176854986913188e+00	-9.178509996676309513e-01
4.914914914914914612e-01	1.426084234482229318e+00	-1.161953365165621088e+00
4.924924924924924952e-01	2.005390147876017437e+00	-1.771715451911765049e+00
4.934934934934934736e-01	2.174109375987168136e+00	-1.971121923960405420e+00
4.944944944944945076e-01	2.757053728105921309e+00	-2.584954245341752888e+00
4.954954954954954860e-01	1.672467985806273871e+00	-1.531426653881353683e+00
4.964964964964965199e-01	1.344763769116288588e+00	-1.234920057573787977e+00
4.974974974974974984e-01	1.296976291022465144e+00	-1.218438819456795219e+00
4.984984984984984768e-01	9.895088492071795194e-01	-9.423552798548719966e-01
4.994994994994995108e-01	1.174571598538579398e+00	-1.158848559481538532e+00
5.005005005005005447e-01	1.229787226438395997e+00	-1.245510265495437308e+00
5.015015015015015232e-01	9.019118295591425083e-01	-9.490653989114488098e-01
5.025025025025025016e-01	1.348024217425074056e+00	-1.426561688990742871e+00
5.035035035035034801e-01	6.587429263817458081e-01	-7.685866379242453084e-01
5.045045045045044585e-01	4.739776750127963623e-01	-6.150190069377136082e-01
5.055055055055055480e-01	2.160550328536168241e-01	-3.881545156177858003e-01
5.065065065065065264e-01	-4.289779882708110725e-01	2.259905362440495225e-01
5.075075075075075048e-01	-5.354416581934868802e-01	3.017669622292357134e-01
5.085085085085084833e-01	-5.193974084731447505e-01	2.552665391565394071e-01
5.095095095095094617e-01	3.792632539437700845e-01	-6.735891092630511556e-01
5.105105105105105512e-01	2.962125543896637625e-01	-6.204423498740359033e-01
5.115115115115115296e-01	3.788283232936451306e-01	-7.326414424199836350e-01
5.125125125125125081e-01	-8.793635120336619204e-01	4.963169394304958182e-01
5.135135135135134865e-01	-1.324052644476798157e+00	9.121513962328083869e-01
5.145145145145144649e-01	-9.510624375862344326e-01	5.107138246516161884e-01
5.155155155155155544e-01	-6.600028851954479192e-01	1.916423488627866378e-01
5.165165165165165329e-01	-5.879517906814458739e-01	9.204247199705695159e-02
5.175175175175175113e-01	-4.707884647788045940e-01	-5.217925343699597596e-02
5.185185185185184897e-01	-9.173295897030206980e-01	3.678206116322148000e-01
5.195195195195194682e-01	-4.853762039149513985e-01	-9.013064885493726752e-02
5.205205205205205576e-01	-1.359999146951757387e+00	7.590635127886341538e-01
5.215215215215215361e-01	-1.737107348258817741e+00	1.111337171407012825e+00
5.225225225225225145e-01	-2.188985262707320523e+00	1.538999339653675857e+00
5.235235235235234930e-01	-1.961112448778112416e+00	1.287553521891247055e+00
5.245245245245244714e-01	-1.588979741511041821e+00	8.925138634618215994e-01
5.255255255255255609e-01	-2.184794920858413203e+00	1.466110795989874926e+00
5.265265265265265393e-01	-1.504040895159068247e+00	7.638491984571257332e-01
5.275275275275275177e-01	-1.385456822382860054e+00	6.244894967211921388e-01
5.285285285285284962e-01	-3.062996565320466047e+00	2.282006097674549316e+00
5.295295295295294746e-01	-1.811043368556382038e+00	1.010802045902351454e+00
5.305305305305305641e-01	-3.194449298139033111e+00	2.375748443773205487e+00
5.315315315315315425e-01	-2.131065983358761518e+00	1.294715174392986334e+00
5.325325325325325210e-01	-1.743193596829050840e+00	8.900198636356579929e-01
5.335335335335334994e-01	-2.211025170724963740e+00	1.341872179122965747e+00
5.345345345345344779e-01	-2.939899612627132619e+00	2.055626829618356410e+00
5.355355355355355673e-01	-2.809385137934842902e+00	1.910866981814975940e+00
5.365365365365365458e-01	-2.830242126473611286e+00	1.918367102158577087e+00
5.375375375375375242e-01	-2.806195473067495172e+00	1.881865293490186941e+00
5.385385385385385026e-01	-2.788413078391616118e+00	1.852541772837804857e+00
5.395395395395394811e-01	-2.783981716731573464e+00	1.837494726996722116e+00
5.405405405405405705e-01	-2.711890294471128726e+00	1.755723559731878325e+00
5.415415415415415490e-01	-3.411629290839046647e+00	2.446728322144307466e+00
5.425425425425425274e-01	-3.147775421674677165e+00	2.175094366971517257e+00
5.435435435435435059e-01	-2.442487639071560412e+00	1.462988339690444395e+00
5.445445445445444843e-01	-3.344697882684934065e+00	2.359348922217318290e+00
5.455455455455455738e-01	-3.423452005748641280e+00	2.433227752257442589e+00
5.465465465465465522e-01	-2.766022596366010333e+00	1.771902238876071012e+00
5.475475475475475307e-01	-4.280997384926291005e+00	3.283963965147600916e+00
5.485485485485485091e-01	-2.740688064381461064e+00	1.741727504622633926e+00
5.495495495495495986e-01	-3.531391754022623619e+00	2.531491882255874515e+00
5.505505505505505770e-01	-3.195531826016710486e+00	2.195681399058409866e+00
5.515515515515515554e-01	-3.291634001941067922e+00	2.292821727713798552e+00
5.525525525525525339e-01	-3.006402780646002526e+00	2.009616340488967978e+00
5.535535535535535123e-01	-3.398543715635953255e+00	2.404768787630528593e+00
5.545545545545546018e-01	-3.656623610400224322e+00	2.666842894676441311e+00
5.555555555555555802e-01	-2.715845363227085141e+00	1.731037610214877231e+00
5.565565565565565587e-01	-4.310145986396183737e+00	3.331285028982322149e+00
5.575575575575575371e-01	-3.442805909605949566e+00	2.470859700153715366e+00
5.585585585585585155e-01	-4.060662258323872287e+00	3.096591911507720507e+00
5.595595595595596050e-01	-3.808738869556732798e+00	2.853497711958446370e+00
5.605605605605605835e-01	-2.586165330691979847e+00	1.640697958098116693e+00
5.615615615615615619e-01	-3.382078226247351882e+00	2.447319569580200582e+00
5.625625625625625403e-01	-3.263755542610546456e+00	2.340629943416232983e+00
5.635635635635635188e-01	-4.115611147050531216e+00	3.205031443458495666e+00
5.645645645645646082e-01	-3.723945348392347476e+00	2.826811972450034016e+00
5.655655655655655867e-01	-3.347889759666527798e+00	2.465089846941908025e+00
5.665665665665665651e-01	-3.189311788513373269e+00	2.321718300845771132e+00
5.675675675675675436e-01	-3.022580357338828794e+00	2.171051219605515836e+00
5.685685685685685220e-01	-3.317961395791398260e+00	2.483338647543580358e+00
5.695695695695696115e-01	-3.042281209684198018e+00	2.225390172491293228e+00
5.705705705705705899e-01	-2.996783723335601390e+00	2.198432184661195166e+00
5.715715715715715683e-01	-4.017873623339837330e+00	3.238851037756345086e+00
5.725725725725725468e-01	-3.116874185506705697e+00	2.357950894038617129e+00
5.735735735735735252e-01	-2.815018530409496567e+00	2.076944998777156659e+00
5.745745745745746147e-01	-2.781827143705988714e+00	2.065333220223205757e+00
5.755755755755755931e-01	-3.143844606196063207e+00	2.449638800055339960e+00
5.765765765765765716e-01	-3.323012712760330167e+00	2.651781493419425928e+00
5.775775775775775500e-01	-3.511815102992161819e+00	2.864222221354767672e+00
5.785785785785785285e-01	-3.069915428456745587e+00	2.446601260518527443e+00
5.795795795795796179e-01	-2.424167240345151964e+00	1.825748153954225295e+00
5.805805805805805964e-01	-3.760590665157230283e+00	3.187658410515209262e+00
5.815815815815815748e-01	-3.108216698077056250e+00	2.561337822583429347e+00
5.825825825825825532e-01	-3.304470252763606730e+00	2.784185540782027068e+00
5.835835835835835317e-01	-2.370633402805246259e+00	1.877457340905769989e+00
5.845845845845846211e-01	-2.821931617201725917e+00	2.356351885407768521e+00
5.855855855855855996e-01	-2.861858315684285614e+00	2.424335305227379500e+00
5.865865865865865780e-01	-2.705025822465582763e+00	2.295992180524836890e+00
5.875875875875875565e-01	-2.360115198904697120e+00	1.979975400781099237e+00
5.885885885885885349e-01	-2.537819913064141453e+00	2.186949862212808515e+00
5.895895895895896244e-01	-3.641234499979376871e+00	3.319981156295232605e+00
5.905905905905906028e-01	-2.135527683468986471e+00	1.844208720193440509e+00
5.915915915915915813e-01	-2.089733123164051243e+00	1.828636612751962875e+00
5.925925925925925597e-01	-2.313818426156451391e+00	2.083202555414009449e+00
5.935935935935935381e-01	-2.634149375840697083e+00	2.434242190615889534e+00
5.945945945945946276e-01	-1.993680709958814967e+00	1.824679889636964703e+00
5.955955955955956060e-01	-1.896542748247998178e+00	1.758615410275345514e+00
5.965965965965965845e-01	-2.056812851404842490e+00	1.950095386033483091e+00
5.975975975975975629e-01	-1.877382863798260360e+00	1.801980799215856743e+00
5.985985985985985414e-01	-2.164143927225688380e+00	2.120131825203303233e+00
5.995995995995996308e-01	-1.817371602084345339e+00	1.804792984245606302e+00
6.006006006006006093e-01	-2.330666015811794889e+00	2.349533320596262520e+00
6.016016016016015877e-01	-1.379152763221195954e+00	1.429447333584561219e+00
6.026026026026025662e-01	-1.798285273671455409e+00	1.879957375534659469e+00
6.036036036036035446e-01	-1.201943946600094293e+00	1.314912818029163155e+00
6.046046046046046341e-01	-1.899765607982853766e+00	2.043919539050813583e+00
6.056056056056056125e-01	-1.382876281750405223e+00	1.558072725002274339e+00
6.066066066066065909e-01	-1.045435995719193656e+00	1.251501707130884711e+00
6.076076076076075694e-01	-1.574762385229531603e+00	1.811493595521208366e+00
6.086086086086086588e-01	-8.028817942576567113e-01	1.070044410392177126e+00
6.096096096096096373e-01	-8.678145532884135038e-01	1.165144389955586890e+00
6.106106106106106157e-01	-1.369852990782979729e+00	1.697056031640751028e+00
6.116116116116115942e-01	-1.150505256909014618e+00	1.507257945323244641e+00
6.126126126126125726e-01	-2.678200311106651577e-01	6.537695901059907833e-01
6.136136136136136621e-01	5.503276253059663503e-02	3.597320185748123511e-01
6.146146146146146405e-01	-3.265122345930989572e-02	4.758210841034365979e-01
6.156156156156156189e-01	2.931752290420407414e-01	1.779614800409763942e-01
6.166166166166165974e-01	3.305302973292421065e-01	1.681073739117473487e-01
6.176176176176175758e-01	5.314607731231327792e-01	-5.815220491812378434e-03
6.186186186186186653e-01	1.189041137359882150e+00	-6.369074910068104334e-01
6.196196196196196437e-01	8.232862787279951466e-02	4.957471316275714468e-01
6.206206206206206222e-01	1.083515855668948813e+00	-4.800696166055236080e-01
6.216216216216216006e-01	7.886522358183214454e-01	-1.604322385226812919e-01
6.226226226226225791e-01	9.662439200903413239e-01	-3.138713835685509324e-01
6.236236236236236685e-01	1.091035219649084231e+00	-4.151552462864042115e-01
6.246246246246246470e-01	1.160648738727673379e+00	-4.619296763753061308e-01
6.256256256256256254e-01	9.555595396101556060e-01	-2.346923206855716648e-01
6.266266266266266038e-01	1.604135118969626905e+00	-8.618325772240197358e-01
6.276276276276275823e-01	2.467167716017550472e+00	-1.704163881646024059e+00
6.286286286286286717e-01	1.862157650977864787e+00	-1.079207024769401002e+00
6.296296296296296502e-01	2.071683496466483643e+00	-1.269560303711440241e+00
6.306306306306306286e-01	1.886616613043110569e+00	-1.066114037936024328e+00
6.316316316316316071e-01	2.201259178604828115e+00	-1.363188579899601738e+00
6.326326326326325855e-01	2.654655980880706867e+00	-1.799846089573781782e+00
6.336336336336336750e-01	2.373164722447323349e+00	-1.502460822282195574e+00
6.346346346346346534e-01	2.414088705132159784e+00	-1.528351796735631041e+00
6.356356356356356319e-01	2.964367939988641343e+00	-2.064473889465324064e+00
6.366366366366366103e-01	2.536327209651503267e+00	-1.623165882478520228e+00
6.376376376376375887e-01	3.044455688956518635e+00	-2.118930070034841684e+00
6.386386386386386782e-01	3.326688284984727684e+00	-2.389713585717289757e+00
6.396396396396396566e-01	3.691094640027645646e+00	-2.743597393307216414e+00
6.406406406406406351e-01	3.141466149762290438e+00	-2.184383293764019740e+00
6.416416416416416135e-01	3.840679432444384034e+00	-2.874957384129029681e+00
6.426426426426425920e-01	3.799230172567316988e+00	-2.825823891811314770e+00
6.436436436436436814e-01	2.902953247777266821e+00	-1.922825293055090423e+00
6.446446446446446599e-01	2.878924706019113877e+00	-1.893044282571718417e+00
6.456456456456456383e-01	3.222540609074135531e+00	-2.231882610504703823e+00
6.466466466466466168e-01	3.872715160026543035e+00	-2.878259204271265581e+00
6.476476476476475952e-01	3.480382911276082236e+00	-2.483112371903249738e+00
6.486486486486486847e-01	3.285466956730660026e+00	-2.286367990525978833e+00
6.496496496496496631e-01	4.279118111885502174e+00	-3.279178683685208373e+00
6.506506506506506415e-01	3.892605320180848594e+00	-2.892814225916922499e+00
6.516516516516516200e-01	2.735829814419936667e+00	-1.737175703343480038e+00
6.526526526526525984e-01	3.717251458598435310e+00	-2.720721855648098320e+00
6.536536536536536879e-01	3.846995227447797649e+00	-2.853575556729986751e+00
6.546546546546546663e-01	3.756376838919194494e+00	-2.767049449265701178e+00
6.556556556556556448e-01	3.920914142046189266e+00	-2.936657335612820496e+00
6.566566566566566232e-01	3.725506493639197725e+00	-2.747293558505988997e+00
6.576576576576576016e-01	3.130158395111242609e+00	-2.158956642840865303e+00
6.586586586586586911e-01	3.504756459317376116e+00	-2.541526268423464074e+00
6.596596596596596696e-01	3.246186636228777900e+00	-2.291880502500029060e+00
6.606606606606606480e-01	3.167293206286264873e+00	-2.222854800905435635e+00
6.616616616616616264e-01	3.007867361687391217e+00	-2.074230598076543863e+00
6.626626626626626049e-01	3.684000886408469455e+00	-2.762088996723242929e+00
6.636636636636636943e-01	3.485845876896465523e+00	-2.576570499082577737e+00
6.646646646646646728e-01	3.145988922031556001e+00	-2.250249198346300439e+00
6.656656656656656512e-01	3.011994175043274158e+00	-2.130675862933466114e+00
6.666666666666666297e-01	3.152627292717546492e+00	-2.286601888933106341e+00
6.676676676676676081e-01	3.561349653300139639e+00	-2.711473532109452744e+00
6.686686686686686976e-01	2.254662624121554604e+00	-1.421776190480781743e+00
6.696696696696696760e-01	3.251484497184335964e+00	-2.436411355698073322e+00
6.706706706706706544e-01	2.835158094983215804e+00	-2.038704235478285387e+00
6.716716716716716329e-01	2.096742808905328825e+00	-1.319695809423038213e+00
6.726726726726726113e-01	1.919709473265946986e+00	-1.162837721260954194e+00
6.736736736736737008e-01	2.261488585660424988e+00	-1.525540518176321747e+00
6.746746746746746792e-01	2.580056762589804098e+00	-1.865760126162782306e+00
6.756756756756756577e-01	2.600785449952358608e+00	-1.908846580974810525e+00
6.766766766766766361e-01	2.098678370955004091e+00	-1.429781497210664165e+00
6.776776776776777256e-01	2.850697686501760142e+00	-2.205504250563067981e+00
6.786786786786787040e-01	3.000157226396327648e+00	-2.379305231553083821e+00
6.796796796796796825e-01	2.539365597481293424e+00	-1.943468976847394503e+00
6.806806806806806609e-01	2.021340813063658537e+00	-1.450988822485754781e+00
6.816816816816816393e-01	2.695720089695436528e+00	-2.151476725063856676e+00
6.826826826826827288e-01	2.596300370263693313e+00	-2.078703809801815794e+00
6.836836836836837072e-01	2.635607195164259675e+00	-2.145169267247838629e+00
6.846846846846846857e-01	1.972554138028770998e+00	-1.509759815061470167e+00
6.856856856856856641e-01	9.225926059269399238e-01	-4.878995247725443907e-01
6.866866866866866426e-01	2.986503159905361748e+00	-2.580341169350888197e+00
6.876876876876877320e-01	1.311533764615859576e+00	-9.343045003130903137e-01
6.886886886886887105e-01	1.836698817227688796e+00	-1.488775304533404231e+00
6.896896896896896889e-01	2.862594904129653006e+00	-2.544321189237342296e+00
6.906906906906906674e-01	2.018572642253054994e+00	-1.730263451980832867e+00
6.916916916916916458e-01	2.224414058297900620e+00	-1.966354488869048733e+00
6.926926926926927353e-01	1.012682299895340643e+00	-7.851275350192584712e-01
6.936936936936937137e-01	8.194916980957140940e-01	-6.226667566280074118e-01
6.946946946946946921e-01	1.158318813875576447e+00	-9.924183273068638567e-01
6.956956956956956706e-01	1.791834884674086137e+00	-1.657022904667501129e+00
6.966966966966966490e-01	1.211716495739721511e+00	-1.108126331907479889e+00
6.976976976976977385e-01	9.976159761101546231e-01	-9.253500641895673340e-01
6.986986986986987169e-01	1.347975198999049828e+00	-1.307104999558336589e+00
6.996996996996996954e-01	1.639988821399283259e+00	-1.630554749173386719e+00
7.007007007007006738e-01	4.304496083399095285e-01	-4.524609922661358974e-01
7.017017017017016522e-01	3.989506233937118451e-01	-4.523856973867665388e-01
7.027027027027027417e-01	3.519173415066910726e-01	-4.367232659821995711e-01
7.037037037037037202e-01	9.655479246800096060e-01	-1.081640838805241200e+00
7.047047047047046986e-01	5.068819338007845010e-01	-6.541470384209255862e-01
7.057057057057056770e-01	1.301123581863930179e+00	-1.479415253021904464e+00
7.067067067067066555e-01	7.075884557951404030e-01	-9.167303887327047374e-01
7.077077077077077449e-01	1.673476554889490875e-01	-4.071330389866839594e-01
7.087087087087087234e-01	5.909932865194753582e-01	-8.611850074032583180e-01
7.097097097097097018e-01	1.139211218191216596e-01	-4.142519994308715980e-01
7.107107107107106803e-01	-2.361955458563165522e-01	-9.397750454451822555e-02
7.117117117117116587e-01	1.150209238200213258e-01	-4.747096534645536825e-01
7.127127127127127482e-01	-4.861271111909588605e-01	9.727838259956950173e-02
7.137137137137137266e-01	-4.519136810087078793e-01	3.428946880224048588e-02
7.147147147147147050e-01	1.451302708506502226e-02	-4.604997527701401028e-01
7.157157157157156835e-01	-6.837470936092621132e-01	2.098388710188211492e-01
7.167167167167166619e-01	-1.170922990092978511e+00	6.695618975053760913e-01
7.177177177177177514e-01	-1.085988397584073395e+00	5.576702088380206535e-01
7.187187187187187298e-01	-4.461932294713477631e-01	-1.085596249127693813e-01
7.197197197197197083e-01	-1.174517152413103060e+00	5.938782029844986710e-01
7.207207207207206867e-01	-1.300045209062158369e+00	6.940943327986125455e-01
7.217217217217216652e-01	-1.462460639554661768e+00	8.317970345121052933e-01
7.227227227227227546e-01	-1.235281303259426755e+00	5.805286048196909299e-01
7.237237237237237331e-01	-1.594965888004997501e+00	9.167715521903314624e-01
7.247247247247247115e-01	-2.329435690358328870e+00	1.628470353590732778e+00
7.257257257257256899e-01	-2.113961498351869750e+00	1.390918314290362723e+00
7.267267267267266684e-01	-2.212615439631027137e+00	1.468209393742609059e+00
7.277277277277277578e-01	-1.332353475371889306e+00	5.673206779139989830e-01
7.287287287287287363e-01	-1.611347401481457497e+00	8.264443595950535792e-01
7.297297297297297147e-01	-1.770813808789849730e+00	9.668166784229105248e-01
7.307307307307306932e-01	-2.442757938919128513e+00	1.620461757320321272e+00
7.317317317317316716e-01	-2.753131085072638928e+00	1.913348984614100079e+00
7.327327327327327611e-01	-2.743472393462643044e+00	1.887034797569297151e+00
7.337337337337337395e-01	-3.174194029318138099e+00	2.301947831298652325e+00
7.347347347347347180e-01	-1.722916132058818439e+00	8.357238576502157290e-01
7.357357357357356964e-01	-3.758793826119358972e+00	2.857532780573414755e+00
7.367367367367367859e-01	-2.733032900119455988e+00	1.818594300674289732e+00
7.377377377377377643e-01	-3.568084539639117203e+00	2.641372634233832173e+00
7.387387387387387427e-01	-3.161875828849007419e+00	2.223807001952842199e+00
7.397397397397397212e-01	-3.711263292257573898e+00	2.762765158697779722e+00
7.407407407407406996e-01	-3.912881029534809763e+00	2.954891517219321084e+00
7.417417417417417891e-01	-3.979616053614454252e+00	3.013082476056412773e+00
7.427427427427427675e-01	-2.768858504565591350e+00	1.794736624126855196e+00
7.437437437437437460e-01	-3.635933020597333698e+00	2.655186103377294327e+00
7.447447447447447244e-01	-3.951388224052615250e+00	2.964986087356900946e+00
7.457457457457457028e-01	-3.426836842436882691e+00	2.435754895767863193e+00
7.467467467467467923e-01	-3.659644138374272160e+00	2.664862418891686957e+00
7.477477477477477708e-01	-3.394256731520796322e+00	2.396758934926296547e+00
7.487487487487487492e-01	-4.524029471687127213e+00	3.524801979491047899e+00
7.497497497497497276e-01	-3.616361820919519854e+00	2.616392725051773116e+00
7.507507507507507061e-01	-3.372697249289316357e+00	2.372975375018927746e+00
7.517517517517517955e-01	-4.410942548992043299e+00	3.412456477121520670e+00
7.527527527527527740e-01	-3.663145459316742958e+00	2.666882548618188409e+00
7.537537537537537524e-01	-3.152328436246003118e+00	2.159273847105635635e+00
7.547547547547547309e-01	-3.892654639415876971e+00	2.903790359652441033e+00
7.557557557557557093e-01	-3.517422463945441446e+00	2.533726337765831005e+00
7.567567567567567988e-01	-3.518629105859889084e+00	2.541073866912202828e+00
7.577577577577577772e-01	-4.105233837599707059e+00	3.134786147079909657e+00
7.587587587587587556e-01	-3.782350395128448728e+00	2.819969885891815409e+00
7.597597597597597341e-01	-4.704517198415205215e+00	3.751155526037775356e+00
7.607607607607607125e-01	-4.209236653027195629e+00	3.265836554755613186e+00
7.617617617617618020e-01	-3.998889667629832445e+00	3.066384030150124840e+00
7.627627627627627804e-01	-3.741144324983088687e+00	2.820455261930225888e+00
7.637637637637637589e-01	-4.057157718844407235e+00	3.149195658964861089e+00
7.647647647647647373e-01	-3.723931126155180849e+00	2.829593913024152751e+00
7.657657657657657158e-01	-4.484167291724746818e+00	3.604339295908316032e+00
7.667667667667668052e-01	-4.076866600719555755e+00	3.212417845259690097e+00
7.677677677677677837e-01	-4.201140700784572246e+00	3.352926000871770285e+00
7.687687687687687621e-01	-3.374551167485286829e+00	2.543409285169592859e+00
7.697697697697697405e-01	-4.161428105487427587e+00	3.348180920263693405e+00
7.707707707707707190e-01	-4.377640185350225366e+00	3.583091881437779236e+00
7.717717717717718084e-01	-4.190015084247334265e+00	3.414951355367733754e+00
7.727727727727727869e-01	-4.697913864913238591e+00	3.943101137352440055e+00
7.737737737737737653e-01	-4.101005019428679788e+00	3.367189694151951240e+00
7.747747747747747438e-01	-4.361586930031627674e+00	3.649494644600600246e+00
7.757757757757757222e-01	-5.120219323222755747e+00	4.430554234244491241e+00
7.767767767767768117e-01	-4.284866614592587553e+00	3.618310701410216268e+00
7.777777777777777901e-01	-4.416612383015782406e+00	3.773824773329242710e+00
7.787787787787787686e-01	-5.183070094901784941e+00	4.564686412985568431e+00
7.797797797797797470e-01	-4.531106660417902887e+00	3.937738398580279853e+00
7.807807807807807254e-01	-3.803361158490398353e+00	3.235595072395689442e+00
7.817817817817818149e-01	-4.129761110083581599e+00	3.588158638535392519e+00
7.827827827827827933e-01	-3.902183774702736585e+00	3.387280484461923535e+00
7.837837837837837718e-01	-4.717149005027158282e+00	4.229454061213521854e+00
7.847847847847847502e-01	-3.731479339650942251e+00	3.271475002252327791e+00
7.857857857857857287e-01	-3.710900270005785817e+00	3.279041416992487079e+00
7.867867867867868181e-01	-3.435802018432173810e+00	3.032515695948192924e+00
7.877877877877877966e-01	-3.398601651134141477e+00	3.024286651210121413e+00
7.887887887887887750e-01	-4.119694127313501042e+00	3.774720593518908096e+00
7.897897897897897534e-01	-3.559244187224309464e+00	3.243953248648806742e+00
7.907907907907907319e-01	-3.689476483080313951e+00	3.404179917006262102e+00
7.917917917917918214e-01	-3.281708136967482314e+00	3.026688060567171767e+00
7.927927927927927998e-01	-3.574133703497242909e+00	3.349642294859668912e+00
7.937937937937937782e-01	-2.621974771119861991e+00	2.428234019882961281e+00
7.947947947947947567e-01	-3.401148622451704462e+00	3.238350110286609240e+00
7.957957957957957351e-01	-3.315793859011467060e+00	3.184098570175840859e+00
7.967967967967968246e-01	-2.782758822188867942e+00	2.682296984336699719e+00
7.977977977977978030e-01	-3.103444374298098385e+00	3.034315329703312081e+00
7.987987987987987815e-01	-2.755724524805895470e+00	2.717996632127178458e+00
7.997997997997997599e-01	-2.806514965053527266e+00	2.800225531737458251e+00
8.008008008008007383e-01	-1.447550454533192310e+00	1.472705699922565170e+00
8.018018018018018278e-01	-1.445881396246945227e+00	1.502456445430736753e+00
8.028028028028028062e-01	-1.586026571882216407e+00	1.673965480293275299e+00
8.038038038038037847e-01	-1.425699880893504634e+00	1.544915689629677624e+00
8.048048048048047631e-01	-6.289966857837939740e-01	7.793715075977288853e-01
8.058058058058058526e-01	-7.755714135943641008e-01	9.569565494670153605e-01
8.068068068068068310e-01	-5.673233412406355480e-01	7.795394274231421949e-01
8.078078078078078095e-01	-6.629790724645865385e-01	9.058162578431744327e-01
8.088088088088087879e-01	-1.177759546757081832e+00	1.450977700365546852e+00
8.098098098098097664e-01	-4.394945109519779458e-01	7.428234594266024393e-01
8.108108108108108558e-01	-4.968473650074041181e-01	8.299871597494614672e-01
8.118118118118118343e-01	1.563461944340786558e-01	2.062750193475866300e-01
8.128128128128128127e-01	5.376435849315163162e-01	-1.458995322111186765e-01
8.138138138138137911e-01	1.265174754737453666e-01	2.939620377954678676e-01
8.148148148148147696e-01	7.985858400122811673e-01	-3.497866598118214432e-01
8.158158158158158590e-01	1.725166628916352973e+00	-1.248491579469926060e+00
8.168168168168168375e-01	8.880725771960974457e-01	-3.839930214047716506e-01
8.178178178178178159e-01	2.246991474224289131e+00	-1.716005874094968853e+00
8.188188188188187944e-01	1.198924325837622096e+00	-6.415577495759813287e-01
8.198198198198197728e-01	1.801716419234300037e+00	-1.218520022028029226e+00
8.208208208208208623e-01	2.043098229321228754e+00	-1.434648708327012523e+00
8.218218218218218407e-01	2.208919554624063863e+00	-1.575818578697241845e+00
8.228228228228228192e-01	2.058228779536136699e+00	-1.401102394266948714e+00
8.238238238238237976e-01	2.297102997493797982e+00	-1.616601006138547181e+00
8.248248248248247760e-01	2.438000669906681406e+00	-1.734795990826000001e+00
8.258258258258258655e-01	2.874664872509962610e+00	-2.149452873749563953e+00
8.268268268268268439e-01	2.978583519461746043e+00	-2.232081331133693780e+00
8.278278278278278224e-01	4.096056484117529095e+00	-3.329002289261930869e+00
8.288288288288288008e-01	4.068876307429675876e+00	-3.282028612058087269e+00
8.298298298298297793e-01	3.317644700122684309e+00	-2.511781583165017651e+00
8.308308308308308687e-01	3.771097953693773430e+00	-2.947016297590407952e+00
8.318318318318318472e-01	4.211717746981061161e+00	-3.370232449681011211e+00
8.328328328328328256e-01	3.957315763179017676e+00	-3.099258932323330828e+00
8.338338338338338041e-01	4.192510502764856817e+00	-3.318730632852129769e+00
8.348348348348347825e-01	4.369103788640074093e+00	-3.480464921987718618e+00
8.358358358358358720e-01	4.933551614082506198e+00	-4.030932486413471239e+00
8.368368368368368504e-01	4.215466061664186803e+00	-3.299759233164017758e+00
8.378378378378378288e-01	4.394519275511982848e+00	-3.466630248215474275e+00
8.388388388388388073e-01	4.911833947768124098e+00	-3.972680270148357451e+00
8.398398398398397857e-01	4.923728702799304635e+00	-3.974239062444491655e+00
8.408408408408408752e-01	4.839131801674716904e+00	-3.880245106950066969e+00
8.418418418418418536e-01	4.708138260227873850e+00	-3.740802711830583771e+00
8.428428428428428321e-01	5.248247021159646586e+00	-4.273419174485113103e+00
8.438438438438438105e-01	6.056883413176564090e+00	-5.075527232423005408e+00
8.448448448448447889e-01	5.473965237246129156e+00	-4.487051142192969522e+00
8.458458458458458784e-01	5.280533352963973748e+00	-4.289037259366589083e+00
8.468468468468468568e-01	5.779879547307834819e+00	-4.784781901857568798e+00
8.478478478478478353e-01	5.346186313424789560e+00	-4.348471124228527884e+00
8.488488488488488137e-01	5.294712950644091976e+00	-4.295366814182111526e+00
8.498498498498497922e-01	5.709380021049343057e+00	-4.709391146573628895e+00
8.508508508508508816e-01	4.446650923595735883e+00	-3.447008155933505957e+00
8.518518518518518601e-01	4.909858693297491250e+00	-3.911550535026222963e+00
8.528528528528528385e-01	5.022479984213220838e+00	-4.026493618174116662e+00
8.538538538538538170e-01	4.402731202014240175e+00	-3.410051515130719579e+00
8.548548548548547954e-01	4.503503807724126062e+00	-3.515112417090652919e+00
8.558558558558558849e-01	4.686162118860172754e+00	-3.703036401064468297e+00
8.568568568568568633e-01	3.983008581826402938e+00	-3.006120706464909809e+00
8.578578578578578417e-01	4.439788654508053156e+00	-3.470104622850365583e+00
8.588588588588588202e-01	4.349245534907788091e+00	-3.387724224660662031e+00
8.598598598598597986e-01	4.565691277760522304e+00	-3.613283494876069923e+00
8.608608608608608881e-01	5.028946018371188487e+00	-4.086593556836869645e+00
8.618618618618618665e-01	4.719436561241792560e+00	-3.788071271781937366e+00
8.628628628628628450e-01	4.672509850898069139e+00	-3.753052719507863344e+00
8.638638638638638234e-01	4.647290660021331732e+00	-3.740650897244441442e+00
8.648648648648649129e-01	4.662481617036110748e+00	-3.769555758886542485e+00
8.658658658658658913e-01	4.027346216498249198e+00	-3.149017237915479939e+00
8.668668668668668698e-01	4.369666546235278837e+00	-3.506802987949348083e+00
8.678678678678678482e-01	4.436382344765489094e+00	-3.589837454435428121e+00
8.688688688688688266e-01	3.417403179012558745e+00	-2.588014067487474534e+00
8.698698698698699161e-01	4.291294496381038215e+00	-3.479881309918172239e+00
8.708708708708708945e-01	4.434033920769467230e+00	-3.641399030027781425e+00
8.718718718718718730e-01	3.576318475823960341e+00	-2.803245682435242525e+00
8.728728728728728514e-01	3.693462251031142340e+00	-2.940716012533186596e+00
8.738738738738738299e-01	3.363362485000376711e+00	-2.631687158898696310e+00
8.748748748748749193e-01	3.972728093255016191e+00	-3.262847200960587113e+00
8.758758758758758978e-01	3.335036678285404843e+00	-2.647652189656295452e+00
8.768768768768768762e-01	3.667329293562909598e+00	-3.003120932757295414e+00
8.778778778778778547e-01	3.286694633817076383e+00	-2.646319207144049113e+00
8.788788788788788331e-01	3.680050864994024007e+00	-3.064141611426841827e+00
8.798798798798799226e-01	2.792719031249634387e+00	-2.201884996243675285e+00
8.808808808808809010e-01	4.081957244113499250e+00	-3.516782677348107011e+00
8.818818818818818794e-01	3.136225782045351629e+00	-2.597269559685134510e+00
8.828828828828828579e-01	3.477247278994973101e+00	-2.965042351041856872e+00
8.838838838838838363e-01	3.290195414579410560e+00	-2.805248277861919437e+00
8.848848848848849258e-01	2.894043984815477089e+00	-2.436834182136399463e+00
8.858858858858859042e-01	2.553401480556587888e+00	-2.124381126494261807e+00
8.868868868868868827e-01	3.222694109783111216e+00	-2.822287443615306035e+00
8.878878878878878611e-01	2.478226306952877156e+00	-2.106829273145306658e+00
8.888888888888888395e-01	2.684743085323327172e+00	-2.342722941997654296e+00
8.898898898898899290e-01	2.046807453198259630e+00	-1.734502408966771547e+00
8.908908908908909074e-01	2.011637086541124830e+00	-1.729355966067152917e+00
8.918918918918918859e-01	2.373295477587773039e+00	-2.121317416202646022e+00
8.928928928928928643e-01	2.474259070043280939e+00	-2.252833237721718618e+00
8.938938938938938428e-01	2.005312313362975551e+00	-1.814657668329909823e+00
8.948948948948949322e-01	1.178214479410355509e+00	-1.018519551622806940e+00
8.958958958958959107e-01	2.466729626966352118e+00	-2.338152331684482998e+00
8.968968968968968891e-01	1.178998821257513763e+00	-1.081666302889209064e+00
8.978978978978978676e-01	6.532081195782051264e-01	-5.872166259515809728e-01
8.988988988988988460e-01	2.438812618475741267e+00	-2.404227405663922568e+00
8.998998998998999355e-01	1.013517238964361633e+00	-1.010372506756625821e+00
9.009009009009009139e-01	4.134836300060708014e-01	-4.417824880891878525e-01
9.019019019019018923e-01	5.313640524262903675e-01	-5.910785173094976752e-01
9.029029029029028708e-01	9.007297146200087257e-01	-9.918007373066490828e-01
9.039039039039038492e-01	6.909172006149056910e-01	-8.132547249933609335e-01
9.049049049049049387e-01	2.081547285799781322e-01	-3.616377804761944370e-01
9.059059059059059171e-01	1.152426936881193908e+00	-1.336903743684684898e+00
9.069069069069068956e-01	1.115537834748009105e-01	-3.268419242198883357e-01
9.079079079079078740e-01	-4.114183209354708159e-01	1.655317351816214533e-01
9.089089089089088525e-01	3.809541774428107930e-01	-6.571960618218828376e-01
9.099099099099099419e-01	5.509528339063852753e-01	-8.572768535131682910e-01
9.109109109109109204e-01	-4.447717016021123237e-01	1.086684570598980826e-01
9.119119119119118988e-01	-1.030672711600367997e+00	6.651225997751488705e-01
9.129129129129128772e-01	-9.230264903295339052e-02	-3.023328537164861607e-01
9.139139139139138557e-01	-1.659673740735164493e+00	1.236343084678632742e+00
9.149149149149149451e-01	-1.526233868291374529e+00	1.074626671914480358e+00
9.159159159159159236e-01	-6.750537991293849016e-01	1.956166368405772293e-01
9.169169169169169020e-01	-1.275950649318086771e+00	7.691576153498145274e-01
9.179179179179178805e-01	-1.612148488512117783e+00	1.078500728109996976e+00
9.189189189189188589e-01	-1.473669750399586365e+00	9.136949642619937029e-01
9.199199199199199484e-01	-1.712849173789367407e+00	1.127101096247529188e+00
9.209209209209209268e-01	-2.596172898691592401e+00	1.985230750146168788e+00
9.219219219219219053e-01	-1.543423067759901679e+00	9.078909819155182026e-01
9.229229229229228837e-01	-1.421516841618500671e+00	7.620232680826064531e-01
9.239239239239238621e-01	-2.211392918131157348e+00	1.528590000967970930e+00
9.249249249249249516e-01	-2.376727744552900923e+00	1.671290677406949143e+00
9.259259259259259300e-01	-1.282612347115763551e+00	5.552387055427145945e-01
9.269269269269269085e-01	-2.415364762455036285e+00	1.666773814120046548e+00
9.279279279279278869e-01	-2.596953653343863522e+00	1.827885646769548345e+00
9.289289289289288654e-01	-2.467525057911996722e+00	1.678740490479367908e+00
9.299299299299299548e-01	-1.959277326747579151e+00	1.151556192673771406e+00
9.309309309309309333e-01	-2.057171130996744424e+00	1.231312150033201380e+00
9.319319319319319117e-01	-2.887858870449815374e+00	2.044678698063593814e+00
9.329329329329328901e-01	-2.655752472091361671e+00	1.796084891910618042e+00
9.339339339339339796e-01	-3.640925785019916816e+00	2.765620884342104624e+00
9.349349349349349581e-01	-3.477800488056873363e+00	2.587723817234967250e+00
9.359359359359359365e-01	-3.800139354616931975e+00	2.896171071154916010e+00
9.369369369369369149e-01	-3.940515164859557107e+00	3.023549163063544487e+00
9.379379379379378934e-01	-2.929002826516883928e+00	1.999945853562522524e+00
9.389389389389389828e-01	-3.896623022482434973e+00	2.956393781772676643e+00
9.399399399399399613e-01	-3.831471935479604074e+00	2.881000178179492277e+00
9.409409409409409397e-01	-3.624264478067046547e+00	2.664490083713857871e+00
9.419419419419419182e-01	-3.228825935857403628e+00	2.260697982955285568e+00
9.429429429429428966e-01	-3.571700517156522814e+00	2.596176344674685055e+00
9.439439439439439861e-01	-2.544587177331373073e+00	1.562631438033866171e+00
9.449449449449449645e-01	-3.732246084323994850e+00	2.744829790867205688e+00
9.459459459459459429e-01	-3.538024624158545350e+00	2.546124188899668628e+00
9.469469469469469214e-01	-3.688258888588354267e+00	2.692855158054341835e+00
9.479479479479478998e-01	-3.286297622077014591e+00	2.288374907048771334e+00
9.489489489489489893e-01	-3.685872094133701093e+00	2.686417196304631716e+00
9.499499499499499677e-01	-4.002225079238444394e+00	3.002226315409846968e+00
9.509509509509509462e-01	-4.672167528612130027e+00	3.672613753390366220e+00
9.519519519519519246e-01	-4.205213146674689817e+00	3.207092774636543187e+00
9.529529529529529031e-01	-3.645723615907582094e+00	2.650023644200744322e+00
9.539539539539539925e-01	-4.467080018468410074e+00	3.474785050813596676e+00
9.549549549549549710e-01	-4.215118774126334955e+00	3.227210047186156672e+00
9.559559559559559494e-01	-4.476355641206755109e+00	3.493810054284126831e+00
9.569569569569569278e-01	-4.158874624554239396e+00	3.182663773579808897e+00
9.579579579579579063e-01	-4.936766720356986937e+00	3.967855937120837062e+00
9.589589589589589957e-01	-3.378053795529435632e+00	2.417401193107114654e+00
9.599599599599599742e-01	-4.903853316014010311e+00	3.952408841330833145e+00
9.609609609609609526e-01	-4.508316971151353769e+00	3.567021465621849519e+00
9.619619619619619311e-01	-3.820746653458788611e+00	2.890530922630183852e+00
9.629629629629629095e-01	-4.193588209697712621e+00	3.275372102817437625e+00
9.639639639639639990e-01	-3.827869028052942380e+00	2.922560528470345531e+00
9.649649649649649774e-01	-4.332976573886075933e+00	3.441470901187791309e+00
9.659659659659659559e-01	-4.188259782513940266e+00	3.311438507280785259e+00
9.669669669669669343e-01	-4.247230649410508541e+00	3.385960821471277082e+00
9.679679679679679127e-01	-3.505740055658269849e+00	2.660873346702450348e+00
9.689689689689690022e-01	-4.006425892638094233e+00	3.178797754035362466e+00
9.699699699699699806e-01	-3.846608309442328011e+00	3.037037146101583041e+00
9.709709709709709591e-01	-4.461030950896271996e+00	3.670317311981178054e+00
9.719719719719719375e-01	-3.709049839785962366e+00	2.937975627087236585e+00
9.729729729729729160e-01	-4.060437874787832691e+00	3.309765569535106255e+00
9.739739739739740054e-01	-3.462942944159532299e+00	2.733414853037343217e+00
9.749749749749749839e-01	-2.955338594081628134e+00	2.247676115195122115e+00
9.759759759759759623e-01	-3.741320330574235076e+00	3.056223240090453874e+00
9.769769769769769407e-01	-3.768556652558564313e+00	3.106702412728694629e+00
9.779779779779779192e-01	-4.083752480715862276e+00	3.445795569962747606e+00
9.789789789789790087e-01	-3.694429717069878549e+00	3.081000982803215660e+00
9.799799799799799871e-01	-3.788294341048654257e+00	3.200000375847849465e+00
9.809809809809809655e-01	-3.395316840392985203e+00	2.832739382174547238e+00
9.819819819819819440e-01	-3.594125304088060524e+00	3.057820660850675942e+00
9.829829829829829224e-01	-3.538903951991976271e+00	3.029402451708099520e+00
9.839839839839840119e-01	-2.994875079312731003e+00	2.512680545510681540e+00
9.849849849849849903e-01	-3.643420801010579080e+00	3.189010054565701857e+00
9.859859859859859688e-01	-2.915063706398692389e+00	2.488886094026256046e+00
9.869869869869869472e-01	-3.257520260986288108e+00	2.859997210902372355e+00
9.879879879879879256e-01	-2.650386232219141824e+00	2.281910837408887893e+00
9.889889889889890151e-01	-2.210288446266897022e+00	1.871225075772222857e+00
9.899899899899899935e-01	-2.726852096815711057e+00	2.417536035426842034e+00
9.909909909909909720e-01	-2.250221673333371086e+00	1.970958790040539199e+00
9.919919919919919504e-01	-2.199579435011530304e+00	1.950645880544635391e+00
9.929929929929930399e-01	-2.674798894688041884e+00	2.456440828443394953e+00
9.939939939939940183e-01	-2.165427898760348580e+00	1.977861245384512134e+00
9.949949949949949968e-01	-2.048786943645227954e+00	1.892197179516669436e+00
9.959959959959959752e-01	-1.744432180820184142e+00	1.618974150639885812e+00
9.969969969969969537e-01	-1.946214043861456133e+00	1.852011807533826104e+00
9.979979979979980431e-01	-1.687572075044373010e+00	1.624718784999892751e+00
9.989989989989990216e-01	-2.268814491437624259e+00	2.237372300518503998e+00
1.000000000000000000e+00	-2.032513526730499898e+00	2.032513526730498565e+00
