# Time	RLS_Output	RLS_Error
0.000000000000000000e+00	0.000000000000000000e+00	0.000000000000000000e+00
1.001001001001000992e-03	0.000000000000000000e+00	0.000000000000000000e+00
2.002002002002001985e-03	0.000000000000000000e+00	0.000000000000000000e+00
3.003003003003002977e-03	0.000000000000000000e+00	0.000000000000000000e+00
4.004004004004003969e-03	0.000000000000000000e+00	0.000000000000000000e+00
5.005005005005004962e-03	0.000000000000000000e+00	0.000000000000000000e+00
6.006006006006005954e-03	0.000000000000000000e+00	0.000000000000000000e+00
7.007007007007006946e-03	0.000000000000000000e+00	0.000000000000000000e+00
8.008008008008007939e-03	0.000000000000000000e+00	0.000000000000000000e+00
9.009009009009008931e-03	0.000000000000000000e+00	0.000000000000000000e+00
1.001001001001000992e-02	0.000000000000000000e+00	0.000000000000000000e+00
1.101101101101101092e-02	0.000000000000000000e+00	0.000000000000000000e+00
1.201201201201201191e-02	0.000000000000000000e+00	0.000000000000000000e+00
1.301301301301301290e-02	0.000000000000000000e+00	0.000000000000000000e+00
1.401401401401401389e-02	0.000000000000000000e+00	0.000000000000000000e+00
1.501501501501501488e-02	0.000000000000000000e+00	0.000000000000000000e+00
1.601601601601601588e-02	0.000000000000000000e+00	0.000000000000000000e+00
1.701701701701701513e-02	0.000000000000000000e+00	0.000000000000000000e+00
1.801801801801801786e-02	0.000000000000000000e+00	0.000000000000000000e+00
1.901901901901902059e-02	0.000000000000000000e+00	0.000000000000000000e+00
2.002002002002001985e-02	0.000000000000000000e+00	0.000000000000000000e+00
2.102102102102101910e-02	0.000000000000000000e+00	0.000000000000000000e+00
2.202202202202202183e-02	0.000000000000000000e+00	0.000000000000000000e+00
2.302302302302302456e-02	0.000000000000000000e+00	0.000000000000000000e+00
2.402402402402402382e-02	0.000000000000000000e+00	0.000000000000000000e+00
2.502502502502502307e-02	0.000000000000000000e+00	7.076624788865043536e-01
2.602602602602602580e-02	3.292866980198922433e-01	4.002413931022961724e-01
2.702702702702702853e-02	4.968622769735877021e-01	2.538100282791366236e-01
2.802802802802802778e-02	5.976450251335997388e-01	1.734291875651249315e-01
2.902902902902902704e-02	6.456351446662231819e-01	1.450784942488705376e-01
3.003003003003002977e-02	7.737083534469757495e-01	3.586280989376822159e-02
3.103103103103103250e-02	8.038787582867032988e-01	2.374938031602791266e-02
3.203203203203203175e-02	8.200987241864443611e-01	2.476798476937336346e-02
3.303303303303303101e-02	7.825580190225189803e-01	7.871180891671181179e-02
3.403403403403403027e-02	7.875462677964655267e-01	8.927500743668792538e-02
3.503503503503503647e-02	8.480432030762419249e-01	4.346246962204203257e-02
3.603603603603603572e-02	8.671565729133198230e-01	3.815192666927680332e-02
3.703703703703703498e-02	9.208499349810613799e-01	-2.633828100787383164e-03
3.803803803803804118e-02	9.505053522462841853e-01	-2.028962141767998162e-02
3.903903903903904044e-02	9.899502059558669131e-01	-4.865470042636366177e-02
4.004004004004003969e-02	1.011478760077987760e+00	-6.003428539481103776e-02
4.104104104104103895e-02	9.460239130954715137e-01	1.462868932684946444e-02
4.204204204204203821e-02	8.624758483033515555e-01	1.064349349327979866e-01
4.304304304304304440e-02	9.468827702760893583e-01	2.932808069834025311e-02
4.404404404404404366e-02	1.000494508250401315e+00	-1.794892132777359262e-02
4.504504504504504292e-02	9.922875154214435556e-01	-4.378788481265494248e-03
4.604604604604604912e-02	9.400093299522527257e-01	5.228563770256100529e-02
4.704704704704704837e-02	9.891031685824458464e-01	6.596803124391814599e-03
4.804804804804804763e-02	1.079866072865379945e+00	-8.174570082723364717e-02
4.904904904904904689e-02	1.072217301524230892e+00	-7.266352630246708522e-02
5.005005005005004615e-02	1.119412218490475786e+00	-1.194134546618783599e-01
5.105105105105105234e-02	9.564536479090812726e-01	4.300124991998799384e-02
5.205205205205205160e-02	1.039695496760792315e+00	-4.177278173254905802e-02
5.305305305305305086e-02	1.014490429473624999e+00	-1.908669893961245645e-02
5.405405405405405705e-02	9.515258005843084677e-01	4.037463467456836597e-02
5.505505505505505631e-02	9.136470961457130446e-01	7.376919731107589584e-02
5.605605605605605557e-02	9.166905123797676191e-01	6.526522691773906093e-02
5.705705705705705483e-02	1.013328008497085486e+00	-3.780383601524672788e-02
5.805805805805805409e-02	1.052461474482973225e+00	-8.433352158085438699e-02
5.905905905905906028e-02	1.000519349354105136e+00	-4.074495500091612765e-02
6.006006006006005954e-02	1.016879552710435730e+00	-6.640779541032415523e-02
6.106106106106105880e-02	1.045857590626011913e+00	-1.056283499162529171e-01
6.206206206206206499e-02	9.968318017414203869e-01	-6.777482878705765046e-02
6.306306306306305731e-02	9.354412490442793882e-01	-1.847524724826588027e-02
6.406406406406406351e-02	9.171053874192165445e-01	-1.313710395720035784e-02
6.506506506506506970e-02	9.414054306952581719e-01	-5.132875987335228096e-02
6.606606606606606202e-02	9.142920854436610290e-01	-3.898718476584794868e-02
6.706706706706706822e-02	9.538520255795106539e-01	-9.418444539876547061e-02
6.806806806806806054e-02	8.820073777167313223e-01	-3.882720533050865175e-02
6.906906906906906674e-02	8.753277644723355122e-01	-4.946878350879224673e-02
7.007007007007007293e-02	9.119712514952112992e-01	-1.042501174214045534e-01
7.107107107107106525e-02	9.185419339602151068e-01	-1.297573665275836285e-01
7.207207207207207145e-02	9.051315224442388896e-01	-1.360635158699219360e-01
7.307307307307307764e-02	8.894765322385813633e-01	-1.408855839035907387e-01
7.407407407407406996e-02	8.961938592511241586e-01	-1.688202176780753128e-01
7.507507507507507616e-02	8.735303581107018989e-01	-1.680932909647487872e-01
7.607607607607608236e-02	8.314632845467019306e-01	-1.486603673835128481e-01
7.707707707707707467e-02	7.976953908175398178e-01	-1.382018172816437129e-01
7.807807807807808087e-02	7.847292154885998627e-01	-1.491971296442157202e-01
7.907907907907907319e-02	7.721248793042132519e-01	-1.611827307587901936e-01
8.008008008008007939e-02	7.238038564203727043e-01	-1.380557788785333750e-01
8.108108108108108558e-02	7.633125388456224458e-01	-2.033377527080270086e-01
8.208208208208207790e-02	7.559139694427478018e-01	-2.222662090406252178e-01
8.308308308308308410e-02	7.077651490716452276e-01	-2.009721151033726505e-01
8.408408408408407642e-02	7.149598519689946974e-01	-2.355226896801847492e-01
8.508508508508508261e-02	7.549880923739016314e-01	-3.033808959970062391e-01
8.608608608608608881e-02	7.739362949029855443e-01	-3.506056388464510176e-01
8.708708708708708113e-02	7.590097672416441510e-01	-3.643742644922030594e-01
8.808808808808808732e-02	6.994307433611622882e-01	-3.338806315359432730e-01
8.908908908908909352e-02	6.914108984800859670e-01	-3.553076539378701160e-01
9.009009009009008584e-02	6.979710575992263966e-01	-3.916470379924426037e-01
9.109109109109109204e-02	6.867677509254305201e-01	-4.105258665463560330e-01
9.209209209209209823e-02	6.658799404367170549e-01	-4.199933546828669151e-01
9.309309309309309055e-02	6.613881521808616659e-01	-4.461000114357713264e-01
9.409409409409409675e-02	6.541050353036906850e-01	-4.696282285001981416e-01
9.509509509509508907e-02	6.932194803869408117e-01	-5.397364284907242293e-01
9.609609609609609526e-02	6.860468485282970041e-01	-5.637093241498396523e-01
9.709709709709710146e-02	7.427460134576995276e-01	-6.516749907710588374e-01
9.809809809809809378e-02	6.768521559052036451e-01	-6.171376910219933398e-01
9.909909909909909997e-02	6.146662214796683177e-01	-5.863673633965500454e-01
1.001001001001000923e-01	6.792857706111312677e-01	-6.824305028188673017e-01
1.011011011011010985e-01	5.093848537711127555e-01	-5.439700665829300119e-01
1.021021021021021047e-01	2.821423159806179526e-01	-3.481338096072386090e-01
1.031031031031030970e-01	2.254720039856087377e-01	-3.228045223539109387e-01
1.041041041041041032e-01	-2.084414423906113395e-02	-1.077331510428073402e-01
1.051051051051051094e-01	-1.723390355656501810e-02	-1.424610242309845010e-01
1.061061061061061017e-01	-1.047708309891474537e-01	-8.588381404391699780e-02
1.071071071071071079e-01	-2.660841716188440675e-01	4.465833929728518781e-02
1.081081081081081141e-01	-2.621004220379219984e-01	1.012236065279681352e-02
1.091091091091091064e-01	-8.268714277521475864e-02	-1.995939776987567527e-01
1.101101101101101126e-01	-5.404475301412715177e-02	-2.582602912173623810e-01
1.111111111111111049e-01	-9.814843213292668428e-03	-3.322053001123755345e-01
1.121121121121121111e-01	-1.998963917562150139e-01	-1.715006420513528751e-01
1.131131131131131173e-01	-2.058015699763398876e-01	-1.946050961914639610e-01
1.141141141141141097e-01	-1.748037041852513462e-01	-2.542166498770749294e-01
1.151151151151151159e-01	-2.400511756604007674e-01	-2.171586270186784129e-01
1.161161161161161082e-01	-1.667378807455517920e-01	-3.182092559719355007e-01
1.171171171171171144e-01	-1.878533058838859626e-01	-3.243516220692281848e-01
1.181181181181181206e-01	-2.203044095707644423e-01	-3.186518127894519825e-01
1.191191191191191129e-01	-1.884719502832840621e-01	-3.767026164821086209e-01
1.201201201201201191e-01	-1.906565747078249329e-01	-4.001774602981328366e-01
1.211211211211211253e-01	-4.544721819917120764e-01	-1.614370715754674390e-01
1.221221221221221176e-01	-4.027953767833167276e-01	-2.375800498897090995e-01
1.231231231231231238e-01	-5.095254047851595081e-01	-1.546829560204544540e-01
1.241241241241241300e-01	-7.246273712672344214e-01	3.724288263812425281e-02
1.251251251251251362e-01	-6.697330334691923293e-01	-4.014785882523630445e-02
1.261261261261261146e-01	-8.568931047430538017e-01	1.252177786413758431e-01
1.271271271271271208e-01	-8.376395509675913509e-01	8.489331246963671695e-02
1.281281281281281270e-01	-8.868126567048696396e-01	1.137398633161521566e-01
1.291291291291291332e-01	-1.009689162304866494e+00	2.170542715631817998e-01
1.301301301301301394e-01	-1.074909072833574175e+00	2.634958863707083099e-01
1.311311311311311179e-01	-1.033055399101176386e+00	2.036662875760939517e-01
1.321321321321321240e-01	-1.229157059517167916e+00	3.826121691871074981e-01
1.331331331331331302e-01	-1.222232878098475917e+00	3.593693198125448296e-01
1.341341341341341364e-01	-1.201056335852051404e+00	3.227273572692825887e-01
1.351351351351351426e-01	-1.087587956531528510e+00	1.946620983819601358e-01
1.361361361361361211e-01	-9.640309338257959659e-01	5.739117104890700816e-02
1.371371371371371273e-01	-1.091338704457400333e+00	1.718815730671952036e-01
1.381381381381381335e-01	-1.004338450521689463e+00	7.297316106183548978e-02
1.391391391391391397e-01	-1.126313281691614820e+00	1.839608201572962010e-01
1.401401401401401459e-01	-1.213375798271252082e+00	2.609680153868005892e-01
1.411411411411411521e-01	-1.193967292758740584e+00	2.324459825116149680e-01
1.421421421421421305e-01	-1.238923628902034002e+00	2.692395972443464292e-01
1.431431431431431367e-01	-1.165157082950274425e+00	1.882692075887818506e-01
1.441441441441441429e-01	-9.197313243958930018e-01	-6.339439339981112198e-02
1.451451451451451491e-01	-8.315766290358919122e-01	-1.568147615975807874e-01
1.461461461461461553e-01	-9.888372611296782910e-01	-3.842425753841971492e-03
1.471471471471471337e-01	-8.711359342904386738e-01	-1.248504317486656134e-01
1.481481481481481399e-01	-8.848366900969912852e-01	-1.134714681742768905e-01
1.491491491491491461e-01	-9.405473940940365374e-01	-5.909537356819338783e-02
1.501501501501501523e-01	-9.714218512484499302e-01	-2.856702322726412113e-02
1.511511511511511585e-01	-8.755662937202616236e-01	-1.237798427417192704e-01
1.521521521521521647e-01	-8.854123738142610778e-01	-1.123028153820003761e-01
1.531531531531531432e-01	-9.384696152190490359e-01	-5.662803023121709689e-02
1.541541541541541493e-01	-9.261213390046301175e-01	-6.537475459275476908e-02
1.551551551551551555e-01	-1.006380937327766567e+00	1.946684227460648842e-02
1.561561561561561617e-01	-8.813102958080669680e-01	-1.000458849454924914e-01
1.571571571571571679e-01	-1.031019739293613569e+00	5.619189261907941990e-02
1.581581581581581464e-01	-1.125694331241528623e+00	1.583587828442383216e-01
1.591591591591591526e-01	-1.200218045972866854e+00	2.413313512482170298e-01
1.601601601601601588e-01	-1.179821150488148174e+00	2.303315101333348602e-01
1.611611611611611650e-01	-1.049781436356781450e+00	1.106277587370134707e-01
1.621621621621621712e-01	-1.013707612963017368e+00	8.581858566650790721e-02
1.631631631631631496e-01	-9.953013143864707368e-01	7.959448588630124721e-02
1.641641641641641558e-01	-1.098731357842082756e+00	1.961122301730484629e-01
1.651651651651651620e-01	-9.982067749313136007e-01	1.095679082789575709e-01
1.661661661661661682e-01	-9.931179998337460457e-01	1.193381299210174440e-01
1.671671671671671744e-01	-1.051190485739300184e+00	1.931336548836127820e-01
1.681681681681681528e-01	-9.369297576812087858e-01	9.544446038115839137e-02
1.691691691691691590e-01	-8.275291424076781643e-01	3.447486304313684968e-03
1.701701701701701652e-01	-7.102717225525639888e-01	-9.559139440510555641e-02
1.711711711711711714e-01	-7.048375289028360191e-01	-8.201016646875425309e-02
1.721721721721721776e-01	-5.086857830944089276e-01	-2.583684117611899644e-01
1.731731731731731838e-01	-5.482554010198279482e-01	-1.982467873082239818e-01
1.741741741741741623e-01	-5.813717810243295148e-01	-1.438402177360682543e-01
1.751751751751751685e-01	-5.491952237252015756e-01	-1.540094553554824941e-01
1.761761761761761746e-01	-5.184524642879838607e-01	-1.620495270672686061e-01
1.771771771771771808e-01	-5.675566407789039980e-01	-8.956974449028443086e-02
1.781781781781781870e-01	-6.140227502233175372e-01	-1.907822570350337088e-02
1.791791791791791655e-01	-6.451990835159540083e-01	3.674956252173611215e-02
1.801801801801801717e-01	-7.166231476374772535e-01	1.334267504312033337e-01
1.811811811811811779e-01	-7.369616677984429653e-01	1.795950915368004219e-01
1.821821821821821841e-01	-7.719181484746633348e-01	2.409325483453428340e-01
1.831831831831831903e-01	-8.948997235127196248e-01	3.908201677213950509e-01
1.841841841841841965e-01	-8.137322332849621365e-01	3.370571838385350016e-01
1.851851851851851749e-01	-9.162759588872305683e-01	4.674767786867681241e-01
1.861861861861861811e-01	-8.724631624402623409e-01	4.519836491710479964e-01
1.871871871871871873e-01	-8.140155789735560310e-01	4.222715262531581137e-01
1.881881881881881935e-01	-7.961373590964404556e-01	4.335161453147731714e-01
1.891891891891891997e-01	-7.174343028396639177e-01	3.842945080976062355e-01
1.901901901901901781e-01	-6.789800532868173200e-01	3.756511048121899954e-01
1.911911911911911843e-01	-6.195340189804572351e-01	3.463158653719909386e-01
1.921921921921921905e-01	-5.572389370462242919e-01	3.144017516676369528e-01
1.931931931931931967e-01	-4.600055394211871040e-01	2.477894532386792636e-01
1.941941941941942029e-01	-3.590472359260489799e-01	1.776621000533982198e-01
1.951951951951951814e-01	-2.155133477244230988e-01	6.513852591048610585e-02
1.961961961961961876e-01	-9.302760863864592555e-02	-2.618820009752832745e-02
1.971971971971971938e-01	1.110794202473249226e-01	-1.990183286583868116e-01
1.981981981981981999e-01	2.831795390644230581e-01	-3.397545882482158053e-01
1.991991991991992061e-01	3.727443850012827631e-01	-3.978996303906587317e-01
2.002002002002001846e-01	4.401675472178239734e-01	-4.338781139017569566e-01
2.012012012012011908e-01	4.399711714329067602e-01	-4.022432787541900256e-01
2.022022022022021970e-01	5.377485546162624752e-01	-4.686195100214781140e-01
2.032032032032032032e-01	5.511949115835008683e-01	-4.507330737313328672e-01
2.042042042042042094e-01	5.846411716043162787e-01	-4.529458827686922984e-01
2.052052052052052156e-01	4.065817997289984387e-01	-2.437832875639043828e-01
2.062062062062061940e-01	3.553009660989273621e-01	-1.615602148620305933e-01
2.072072072072072002e-01	2.995230597413014451e-01	-7.503165110372944646e-02
2.082082082082082064e-01	2.772955179288442151e-01	-2.227544152853411230e-02
2.092092092092092126e-01	3.218228721857196439e-01	-3.652630611166995944e-02
2.102102102102102188e-01	4.032316549277591422e-01	-8.794071635225653161e-02
2.112112112112111972e-01	4.050150205800769898e-01	-6.004148678548693052e-02
2.122122122122122034e-01	5.000929838425198781e-01	-1.257779839185011461e-01
2.132132132132132096e-01	4.226100732544885719e-01	-1.932375077050807466e-02
2.142142142142142158e-01	4.347988666864534002e-01	-2.940013673156494090e-03
2.152152152152152220e-01	3.982541097418589304e-01	6.175022765675186598e-02
2.162162162162162282e-01	3.930483043095200357e-01	9.464663950411450477e-02
2.172172172172172067e-01	3.894144438948360376e-01	1.254888463459761239e-01
2.182182182182182129e-01	5.017948869126451772e-01	3.980758463554456839e-02
2.192192192192192191e-01	5.392417238364628496e-01	2.852436225824495075e-02
2.202202202202202252e-01	4.314471151806086868e-01	1.619211466570117941e-01
2.212212212212212314e-01	4.347432950638111526e-01	1.836403868524045802e-01
2.222222222222222099e-01	4.055464932156796487e-01	2.372411164708588260e-01
2.232232232232232161e-01	5.589647449005871183e-01	1.075911682817842774e-01
2.242242242242242223e-01	5.053275655356306295e-01	1.843375234426308795e-01
2.252252252252252285e-01	5.126985087595706814e-01	1.993937766714546367e-01
2.262262262262262347e-01	5.207793834784382181e-01	2.130359417982895520e-01
2.272272272272272131e-01	6.031708229933353538e-01	1.516419045674630706e-01
2.282282282282282193e-01	5.890862394991694950e-01	1.859774893804319040e-01
2.292292292292292255e-01	6.478333780462719460e-01	1.467149258661716305e-01
2.302302302302302317e-01	5.224926223749005727e-01	2.907545628488324985e-01
2.312312312312312379e-01	5.401201546051974667e-01	2.910217277104958367e-01
2.322322322322322163e-01	5.222989133071459511e-01	3.259157866056557884e-01
2.332332332332332225e-01	5.893701387617237275e-01	2.750786166981408210e-01
2.342342342342342287e-01	5.419545607025216816e-01	3.378734351139074388e-01
2.352352352352352349e-01	6.573904564844794685e-01	2.369467566465476294e-01
2.362362362362362411e-01	7.956537327590088582e-01	1.123083271205372879e-01
2.372372372372372473e-01	6.315486710537336901e-01	2.891403919991295535e-01
2.382382382382382258e-01	7.101921779424675840e-01	2.223134595372396882e-01
2.392392392392392320e-01	8.454491271740187663e-01	9.795097109756212284e-02
2.402402402402402382e-01	8.385741351426158063e-01	1.147875372348132750e-01
2.412412412412412444e-01	7.760290921221151272e-01	1.863514171145183029e-01
2.422422422422422505e-01	7.541487716697261590e-01	2.162989188500707982e-01
2.432432432432432290e-01	8.395949237300311951e-01	1.379603152176548386e-01
2.442442442442442352e-01	8.831235541670856559e-01	1.005725720125243416e-01
2.452452452452452414e-01	7.523337088350591229e-01	2.365305709283765934e-01
2.462462462462462476e-01	8.069997248808763457e-01	1.860548642594913593e-01
2.472472472472472538e-01	9.492954892108373954e-01	4.696742148771704262e-02
2.482482482482482600e-01	9.735902639460886077e-01	2.489580792443379931e-02
2.492492492492492384e-01	8.374528666310895320e-01	1.622690076392991898e-01
2.502502502502502724e-01	8.927151474473674631e-01	1.072539484203793858e-01
2.512512512512512508e-01	8.972184995311320854e-01	1.020089926649473400e-01
2.522522522522522292e-01	9.756836148629525196e-01	2.181418173154725526e-02
2.532532532532532632e-01	9.321673146019570089e-01	6.261440488062830489e-02
2.542542542542542416e-01	9.606560319397573489e-01	3.042591472926237106e-02
2.552552552552552756e-01	9.947173116034792040e-01	-8.315174907764788514e-03
2.562562562562562540e-01	9.394791172244726374e-01	4.126779999556717815e-02
2.572572572572572325e-01	8.391871545160931589e-01	1.349347259226432172e-01
2.582582582582582664e-01	7.540771904891802047e-01	2.124563870688612743e-01
2.592592592592592449e-01	7.485348797412627597e-01	2.094546325742261406e-01
2.602602602602602788e-01	7.073793945612262268e-01	2.411187389985689489e-01
2.612612612612612573e-01	7.432413464666248748e-01	1.948274804295414553e-01
2.622622622622622357e-01	6.254286975961930173e-01	3.012832078090923460e-01
2.632632632632632697e-01	6.649119133419069128e-01	2.495266861032591210e-01
2.642642642642642481e-01	6.040568350386646967e-01	2.972042105072801865e-01
2.652652652652652820e-01	6.378520896743732349e-01	2.493401847342309186e-01
2.662662662662662605e-01	6.955453180640698285e-01	1.767008799554163900e-01
2.672672672672672389e-01	6.811123051270721040e-01	1.753252907662745663e-01
2.682682682682682729e-01	7.382960865460166389e-01	1.014860139125227656e-01
2.692692692692692513e-01	7.668679343747202282e-01	5.542824722408967730e-02
2.702702702702702853e-01	7.289348491510710959e-01	7.506228121586988600e-02
2.712712712712712637e-01	5.520355735593956981e-01	2.328674683270089973e-01
2.722722722722722422e-01	7.602382810566850058e-01	4.794516401206205813e-03
2.732732732732732761e-01	7.669278316627640146e-01	-2.252178577434515994e-02
2.742742742742742545e-01	6.406714153369675868e-01	8.237176872454265997e-02
2.752752752752752885e-01	6.432951986363407704e-01	5.767013813125621002e-02
2.762762762762762669e-01	6.710651851001498969e-01	7.129150714517029641e-03
2.772772772772773009e-01	7.071947589875742235e-01	-5.244206054784017468e-02
2.782782782782782793e-01	5.985316706582121116e-01	3.213193438434536198e-02
2.792792792792792578e-01	7.205660010422708650e-01	-1.146151247787212668e-01
2.802802802802802917e-01	7.140500483445131330e-01	-1.334110989159077443e-01
2.812812812812812702e-01	7.985540554671983760e-01	-2.438012010830802323e-01
2.822822822822823041e-01	7.431262956045132650e-01	-2.148081068584625219e-01
2.832832832832832826e-01	7.460384873953664897e-01	-2.446773948077599625e-01
2.842842842842842610e-01	7.954645185490583081e-01	-3.215562959586147351e-01
2.852852852852852950e-01	8.198671829223996843e-01	-3.738804572373234936e-01
2.862862862862862734e-01	6.797581282292533000e-01	-2.621339160227864062e-01
2.872872872872873073e-01	6.622912233985774888e-01	-2.734424948071902950e-01
2.882882882882882858e-01	6.844802088588981537e-01	-3.247914792143613560e-01
2.892892892892892642e-01	7.167352648205629340e-01	-3.865622144197253252e-01
2.902902902902902982e-01	6.324740686090225550e-01	-3.321431909972714647e-01
2.912912912912912766e-01	5.532568900900570741e-01	-2.830651692062745584e-01
2.922922922922923106e-01	6.152327249897735495e-01	-3.754473414920374563e-01
2.932932932932932890e-01	5.345101759624550919e-01	-3.253682430248878710e-01
2.942942942942942675e-01	4.543337977970631769e-01	-2.760421266390858941e-01
2.952952952952953014e-01	5.088390793568543513e-01	-3.615739747367138768e-01
2.962962962962962798e-01	3.557044247882623078e-01	-2.396115106630312686e-01
2.972972972972973138e-01	3.937784635133233513e-01	-3.089725390378136316e-01
2.982982982982982922e-01	3.447877120488621605e-01	-2.913526380558044693e-01
2.992992992992992707e-01	2.273098731709580489e-01	-2.052984892447286824e-01
3.003003003003003046e-01	7.040415337352939895e-02	-7.983822559942639618e-02
3.013013013013012831e-01	1.193907356434449479e-01	-1.602609350841552593e-01
3.023023023023023170e-01	7.434174516338472316e-02	-1.466076570839724980e-01
3.033033033033032955e-01	-1.001842557094585473e-01	-3.405908122780035296e-03
3.043043043043043294e-01	-7.034754682577287754e-02	-6.446443318081088170e-02
3.053053053053053079e-01	-1.629832589945496846e-01	-2.917227574163488990e-03
3.063063063063062863e-01	-2.779656539364093737e-01	8.114071246870563359e-02
3.073073073073073203e-01	-4.394745299995319598e-01	2.119197651234492330e-01
3.083083083083082987e-01	-4.368327953854903023e-01	1.787732259566411908e-01
3.093093093093093326e-01	-4.550297558266294673e-01	1.667205655544067855e-01
3.103103103103103111e-01	-4.547882958325062397e-01	1.365145809401983046e-01
3.113113113113112895e-01	-4.227661042670122216e-01	7.484259157272865615e-02
3.123123123123123235e-01	-4.919731999723734317e-01	1.147439356696036139e-01
3.133133133133133019e-01	-5.258155317093068382e-01	1.196535411548358963e-01
3.143143143143143359e-01	-5.507078013328592370e-01	1.160147201784632043e-01
3.153153153153153143e-01	-5.708578037172356012e-01	1.080634807499375460e-01
3.163163163163162928e-01	-5.758705651775828382e-01	8.543263726116301360e-02
3.173173173173173267e-01	-6.027613484790845799e-01	8.516478801720661629e-02
3.183183183183183051e-01	-6.537512875419625447e-01	1.095079229103838037e-01
3.193193193193193391e-01	-6.578982642752575494e-01	8.754627369735612508e-02
3.203203203203203175e-01	-6.845423228719654807e-01	8.864570223806755855e-02
3.213213213213212960e-01	-7.453910488085736530e-01	1.245390539653310480e-01
3.223223223223223299e-01	-7.176454612749929574e-01	7.245202533630035191e-02
3.233233233233233084e-01	-7.923856451432669257e-01	1.234887713989279989e-01
3.243243243243243423e-01	-8.774542686008299786e-01	1.855153996232841163e-01
3.253253253253253208e-01	-9.020826746779868621e-01	1.877860382509659587e-01
3.263263263263262992e-01	-8.801682939919840409e-01	1.442202265078817991e-01
3.273273273273273332e-01	-7.130015298927114831e-01	-4.387022211228053248e-02
3.283283283283283116e-01	-7.358803983568457108e-01	-4.116660112544201500e-02
3.293293293293293456e-01	-6.924162409872667290e-01	-1.040376185176629109e-01
3.303303303303303240e-01	-6.573200464754738181e-01	-1.577530950107880470e-01
3.313313313313313024e-01	-7.324629061619682968e-01	-1.004235274788040089e-01
3.323323323323323364e-01	-6.881856122393693598e-01	-1.616905089513169802e-01
3.333333333333333148e-01	-7.486820127174946826e-01	-1.173433910669431368e-01
3.343343343343343488e-01	-9.701575815613748821e-01	8.883926945156761512e-02
3.353353353353353272e-01	-9.820876219438540167e-01	8.634789825859912060e-02
3.363363363363363057e-01	-1.089594603974346487e+00	1.803192261604583679e-01
3.373373373373373396e-01	-1.066370221801131279e+00	1.444583321159064182e-01
3.383383383383383181e-01	-1.087068649267928233e+00	1.534318856570821010e-01
3.393393393393393520e-01	-9.811591236928006721e-01	3.672071831197176728e-02
3.403403403403403304e-01	-9.206467584439661511e-01	-3.365937528478224472e-02
3.413413413413413644e-01	-9.161447774493166607e-01	-4.708541344459604705e-02
3.423423423423423428e-01	-9.788578172927477894e-01	7.656065022371705275e-03
3.433433433433433213e-01	-1.040605186928329040e+00	6.239225179512075670e-02
3.443443443443443552e-01	-1.035414336929993073e+00	5.115753049662452590e-02
3.453453453453453337e-01	-1.039191953669089008e+00	4.986456401559546947e-02
3.463463463463463676e-01	-1.063583872108396777e+00	7.016420139058610062e-02
3.473473473473473461e-01	-1.057397903775812997e+00	6.086830082547622922e-02
3.483483483483483245e-01	-1.049527891701916626e+00	5.087378062546021873e-02
3.493493493493493585e-01	-1.046156611982258067e+00	4.636551771833197222e-02
3.503503503503503369e-01	-1.058241640819009621e+00	5.830221261871593175e-02
3.513513513513513709e-01	-1.135921120731797851e+00	1.368221545271163242e-01
3.523523523523523493e-01	-1.007949621171453591e+00	1.067908179862087081e-02
3.533533533533533277e-01	-1.004469950502759668e+00	1.001399474748199125e-02
3.543543543543543617e-01	-1.003947378181837768e+00	1.328937961240606036e-02
3.553553553553553401e-01	-1.015727927851869827e+00	2.984750440447381248e-02
3.563563563563563741e-01	-1.106792384742686375e+00	1.266644300205099771e-01
3.573573573573573525e-01	-1.136757064418603802e+00	1.633507836626010290e-01
3.583583583583583310e-01	-1.133570985663217234e+00	1.678489373478621038e-01
3.593593593593593649e-01	-1.123497112457989111e+00	1.664142564597183016e-01
3.603603603603603434e-01	-1.058420340706510698e+00	1.109230939860804677e-01
3.613613613613613773e-01	-1.066149071390893655e+00	1.291743721234558384e-01
3.623623623623623557e-01	-9.978517655821496080e-01	7.232614666047132435e-02
3.633633633633633342e-01	-9.138391145509894287e-01	6.777873780058341069e-04
3.643643643643643681e-01	-8.279979426466524961e-01	-7.189610787666589342e-02
3.653653653653653466e-01	-7.769820120959356480e-01	-1.087548963005946501e-01
3.663663663663663805e-01	-7.712656403804493133e-01	-9.943825978467812909e-02
3.673673673673673590e-01	-7.928335572147597876e-01	-6.197633409216696254e-02
3.683683683683683929e-01	-7.906019596364246560e-01	-4.746863906880149919e-02
3.693693693693693714e-01	-8.174186347871442715e-01	-3.083940319943745401e-03
3.703703703703703498e-01	-7.845028553942687832e-01	-1.762033736077539547e-02
3.713713713713713838e-01	-8.212647267952138952e-01	3.831410058675055463e-02
3.723723723723723622e-01	-7.676332839387712825e-01	4.629449567243981711e-03
3.733733733733733962e-01	-7.432689671438834633e-01	9.664253982742954108e-04
3.743743743743743746e-01	-7.150574752515276300e-01	-5.809743673058309632e-03
3.753753753753753530e-01	-6.933450743372543412e-01	-5.373988015113795313e-03
3.763763763763763870e-01	-6.349777650823585917e-01	-4.090220828032109512e-02
3.773773773773773654e-01	-6.844702661178785341e-01	3.209772959608725440e-02
3.783783783783783994e-01	-6.824628434474068195e-01	5.424284615176433455e-02
3.793793793793793778e-01	-6.139890378249879266e-01	1.054279876156172246e-02
3.803803803803803563e-01	-6.714330037502120874e-01	9.335724424984015446e-02
3.813813813813813902e-01	-6.557752302585105886e-01	1.036415839054408705e-01
3.823823823823823687e-01	-7.537624459905006846e-01	2.281168933591791737e-01
3.833833833833834026e-01	-8.012514381847980482e-01	3.026137669438059841e-01
3.843843843843843811e-01	-7.549749152833259425e-01	2.838382062003077522e-01
3.853853853853853595e-01	-7.641316353808680351e-01	3.209617747367402019e-01
3.863863863863863934e-01	-7.962650432372672116e-01	3.815002621318603349e-01
3.873873873873873719e-01	-8.084209982229100255e-01	4.224714392275800146e-01
3.883883883883884058e-01	-7.151357351882620117e-01	3.583830467740308778e-01
3.893893893893893843e-01	-6.380144964083902526e-01	3.108114555506178434e-01
3.903903903903903627e-01	-5.331532385299728727e-01	2.358234018627999862e-01
3.913913913913913967e-01	-5.109134353905030457e-01	2.437508192559814102e-01
3.923923923923923751e-01	-5.017622567435310321e-01	2.650310464518494946e-01
3.933933933933934091e-01	-5.343176362674078028e-01	3.282519248557154712e-01
3.943943943943943875e-01	-4.882669165057371696e-01	3.130704732538669433e-01
3.953953953953953659e-01	-4.174175669594375471e-01	2.732636358914782848e-01
3.963963963963963999e-01	-2.977677300158000362e-01	1.847988585867264555e-01
3.973973973973973783e-01	-1.526419978586458504e-01	7.096989599543873650e-02
3.983983983983984123e-01	-1.366165778963184668e-03	-4.892840458440321505e-02
3.993993993993993907e-01	9.453484665465627934e-02	-1.134021514391233137e-01
4.004004004004003692e-01	1.370810173600447712e-01	-1.245023995213051654e-01
4.014014014014014031e-01	9.608676937332975843e-02	-5.207466735094927468e-02
4.024024024024023816e-01	1.804236860569715106e-01	-1.050216214745708226e-01
4.034034034034034155e-01	2.461225470957789374e-01	-1.394050817244206764e-01
4.044044044044043940e-01	1.989663503174234627e-01	-6.103901234477024373e-02
4.054054054054054279e-01	2.127714157283383534e-01	-4.377059540648939318e-02
4.064064064064064064e-01	3.000519851384120251e-01	-1.001447999136072797e-01
4.074074074074073848e-01	2.854845247929567731e-01	-5.486865405051791211e-02
4.084084084084084187e-01	2.730649779484379258e-01	-1.196846753634900340e-02
4.094094094094093972e-01	2.648614956844821400e-01	2.645746759106426538e-02
4.104104104104104311e-01	1.319687608114665789e-01	1.892845828726766322e-01
4.114114114114114096e-01	2.037136712459913235e-01	1.471563796053388939e-01
4.124124124124123880e-01	1.661229175558666393e-01	2.140168805677284125e-01
4.134134134134134220e-01	2.495079992507809596e-01	1.595256426899651914e-01
4.144144144144144004e-01	3.515272957879590487e-01	8.599571466894412319e-02
4.154154154154154344e-01	4.070577987609985682e-01	5.852193303295927240e-02
4.164164164164164128e-01	4.397077037817885281e-01	5.346835811768524405e-02
4.174174174174173912e-01	5.035657244609206273e-01	1.671898752065792415e-02
4.184184184184184252e-01	6.098519809697003913e-01	-6.297310547607315456e-02
4.194194194194194036e-01	7.404755840998130667e-01	-1.675433294577944876e-01
4.204204204204204376e-01	7.505530584181732134e-01	-1.521339720272461005e-01
4.214214214214214160e-01	7.685679864463796918e-01	-1.452538185081638789e-01
4.224224224224223945e-01	6.757376769069264322e-01	-2.814479526953306276e-02
4.234234234234234284e-01	7.571987952449629189e-01	-8.596757590406067795e-02
4.244244244244244069e-01	7.974969349952421016e-01	-1.032911288545197426e-01
4.254254254254254408e-01	8.131843858018693583e-01	-9.669046231908617894e-02
4.264264264264264193e-01	8.273660560694070520e-01	-8.929252443706914288e-02
4.274274274274273977e-01	6.773172248281141838e-01	8.160606663997382881e-02
4.284284284284284317e-01	6.578927882139363748e-01	1.211297973695540930e-01
4.294294294294294101e-01	6.474013258965566342e-01	1.509502127778488134e-01
4.304304304304304440e-01	6.674623192265761729e-01	1.494287179663289500e-01
4.314314314314314225e-01	5.900411840352198789e-01	2.445815642125973577e-01
4.324324324324324564e-01	6.431472133552043058e-01	2.083819243781069863e-01
4.334334334334334349e-01	6.461886180449359918e-01	2.214048696226654789e-01
4.344344344344344133e-01	6.091634617898089576e-01	2.736364509348100382e-01
4.354354354354354473e-01	5.907737363380271001e-01	3.063596396042865821e-01
4.364364364364364257e-01	6.445175207042070920e-01	2.660621828878282358e-01
4.374374374374374597e-01	5.721706157708453810e-01	3.509549834234667598e-01
4.384384384384384381e-01	5.765846176390007072e-01	3.581740390281502595e-01
4.394394394394394165e-01	6.918086939449574757e-01	2.536586786489054557e-01
4.404404404404404505e-01	7.533505111951388500e-01	2.018906464031481329e-01
4.414414414414414289e-01	6.623761725994283811e-01	3.016941742167219553e-01
4.424424424424424629e-01	6.412847376093105956e-01	3.306614718429232713e-01
4.434434434434434413e-01	7.151788975605768428e-01	2.636820598532845228e-01
4.444444444444444198e-01	8.805375346590915697e-01	1.042702183531161175e-01
4.454454454454454537e-01	9.491858796723229297e-01	4.059483605146052554e-02
4.464464464464464322e-01	1.035407170461415616e+00	-4.163224245599161932e-02
4.474474474474474661e-01	9.037440062890339521e-01	9.304243386800037374e-02
4.484484484484484446e-01	8.791622956314291137e-01	1.196499785958400341e-01
4.494494494494494230e-01	9.055512462414557762e-01	9.429918071684462166e-02
4.504504504504504570e-01	8.603640984528666547e-01	1.395357733138822276e-01
4.514514514514514354e-01	9.636770186238933222e-01	3.528354113493414879e-02
4.524524524524524693e-01	9.167682538344179566e-01	8.026516594427224316e-02
4.534534534534534478e-01	9.278230594400893594e-01	6.629729804985007302e-02
4.544544544544544262e-01	9.684849667620999414e-01	2.173928672909875015e-02
4.554554554554554602e-01	1.084298314201488367e+00	-9.894935373387170330e-02
4.564564564564564386e-01	9.800563810591107483e-01	-5.570816779941756280e-04
4.574574574574574726e-01	8.629526098619950680e-01	1.097284448411650626e-01
4.584584584584584510e-01	8.665191948832591251e-01	9.838177381147994449e-02
4.594594594594594295e-01	8.605284655870215627e-01	9.563826915222983782e-02
4.604604604604604634e-01	8.511278199190994709e-01	9.535916981575287554e-02
4.614614614614614418e-01	7.792547566868843756e-01	1.566165488669281070e-01
4.624624624624624758e-01	7.078410278897022678e-01	2.164891516876064070e-01
4.634634634634634542e-01	7.554796910320906722e-01	1.563953332829433052e-01
4.644644644644644327e-01	7.499790608272725034e-01	1.485390952925956798e-01
4.654654654654654666e-01	8.998563582824581353e-01	-1.558357527368037232e-02
4.664664664664664451e-01	8.057679188833252182e-01	6.338507271867444004e-02
4.674674674674674790e-01	7.401305205333358339e-01	1.130432126600566800e-01
4.684684684684684575e-01	5.975631267214444042e-01	2.387876822443323332e-01
4.694694694694694914e-01	6.562796411466464974e-01	1.624212132191820146e-01
4.704704704704704699e-01	5.594586995042908351e-01	2.407826231497415259e-01
4.714714714714714483e-01	5.405560000479986416e-01	2.404344675979200874e-01
4.724724724724724823e-01	4.626308505469157173e-01	2.983364751147518645e-01
4.734734734734734607e-01	3.918535072503022132e-01	3.483381894516422994e-01
4.744744744744744946e-01	4.664935804399714114e-01	2.521905444285665321e-01
4.754754754754754731e-01	5.141499487874200414e-01	1.823159292618024008e-01
4.764764764764764515e-01	6.039171753392332809e-01	6.964175154763307951e-02
4.774774774774774855e-01	5.736917391129928712e-01	7.629418394065412556e-02
4.784784784784784639e-01	6.206960810932953265e-01	5.074095758512031651e-03
4.794794794794794979e-01	6.994095178029572368e-01	-9.847388363983444748e-02
4.804804804804804763e-01	8.399016093246796100e-01	-2.643947565547885015e-01
4.814814814814814548e-01	8.558760353596838177e-01	-3.063670572888768096e-01
4.824824824824824887e-01	7.313846912017827329e-01	-2.084169729859794984e-01
4.834834834834834671e-01	6.659997463480735735e-01	-1.700904276636835966e-01
4.844844844844845011e-01	7.244163918453636608e-01	-2.560558555127028235e-01
4.854854854854854795e-01	5.090966332924657944e-01	-6.874802035784643994e-02
4.864864864864864580e-01	5.652564195633524857e-01	-1.533551713193583854e-01
4.874874874874874919e-01	5.975344371880640937e-01	-2.144878645848952159e-01
4.884884884884884704e-01	5.631649993844138891e-01	-2.093518802580742189e-01
4.894894894894895043e-01	5.514729105250546493e-01	-2.272431150406830080e-01
4.904904904904904828e-01	5.399199338348346089e-01	-2.455940785155523720e-01
4.914914914914914612e-01	4.694710298170072793e-01	-2.053401605003990493e-01
4.924924924924924952e-01	5.096023908655894497e-01	-2.759276949013370617e-01
4.934934934934934736e-01	4.642383992100445611e-01	-2.612509471832817898e-01
4.944944944944945076e-01	5.825093826103056038e-01	-4.104098998461371828e-01
4.954954954954954860e-01	4.750458329753695086e-01	-3.340045010504492651e-01
4.964964964964965199e-01	3.401349610554483260e-01	-2.302912495129476600e-01
4.974974974974974984e-01	2.324894043959676859e-01	-1.539519328302976775e-01
4.984984984984984768e-01	1.259907051329217653e-01	-7.883713578061418703e-02
4.994994994994995108e-01	7.844082914134030415e-02	-6.271779008429945179e-02
5.005005005005005447e-01	9.435930817005208637e-02	-1.100823472270934938e-01
5.015015015015015232e-01	5.854238301544658490e-02	-1.056959523677529211e-01
5.025025025025025016e-01	4.632102657685720215e-02	-1.248584981425259893e-01
5.035035035035034801e-01	4.889933116202665325e-02	-1.587430427045261050e-01
5.045045045045044585e-01	-1.522385859662460372e-03	-1.395189460652548064e-01
5.055055055055055480e-01	-5.277434628162442493e-02	-1.193251364825445859e-01
5.065065065065065264e-01	-1.576788139981802894e-01	-4.530863802858126066e-02
5.075075075075075048e-01	-3.435683418723611826e-01	1.098936459081099881e-01
5.085085085085084833e-01	-4.268427488201055331e-01	1.627118795035001897e-01
5.095095095095094617e-01	-3.622117710012973668e-01	6.788591568201629567e-02
5.105105105105105512e-01	-4.187048934467020866e-01	9.447509796232989032e-02
5.115115115115115296e-01	-3.433504660932221175e-01	-1.046265303311638695e-02
5.125125125125125081e-01	-4.733716845109955385e-01	9.032511190782943622e-02
5.135135135135134865e-01	-5.795365087130047721e-01	1.676352604690150017e-01
5.145145145145144649e-01	-5.792059600537359243e-01	1.388573471191176800e-01
5.155155155155155544e-01	-6.049073448869219938e-01	1.365468085542607124e-01
5.165165165165165329e-01	-6.395898415330232289e-01	1.436805228486343067e-01
5.175175175175175113e-01	-6.087637225453110812e-01	8.579600432951051125e-02
5.185185185185184897e-01	-5.756408497691291037e-01	2.613187169832320578e-02
5.195195195195194682e-01	-4.081655926713075311e-01	-1.673412600985811349e-01
5.205205205205205576e-01	-4.296703858298716039e-01	-1.712652483332516296e-01
5.215215215215215361e-01	-4.927319566562122777e-01	-1.330382201955927490e-01
5.225225225225225145e-01	-5.779983510605783970e-01	-7.198757199306626831e-02
5.235235235235234930e-01	-6.245664798394965356e-01	-4.899244704736893663e-02
5.245245245245244714e-01	-6.226709268222803129e-01	-7.379495122693990883e-02
5.255255255255255609e-01	-7.150589785845532509e-01	-3.625146283985025697e-03
5.265265265265265393e-01	-7.057120869694119003e-01	-3.447960973253061390e-02
5.275275275275275177e-01	-6.244088081859792139e-01	-1.365585174756887010e-01
5.285285285285284962e-01	-7.848459967918325342e-01	3.855529145915692624e-03
5.295295295295294746e-01	-7.186085020107104704e-01	-8.163282064332011423e-02
5.305305305305305641e-01	-7.929814950018434505e-01	-2.571935936398439537e-02
5.315315315315315425e-01	-7.802255217575951862e-01	-5.612528720817988592e-02
5.325325325325325210e-01	-7.761277486016121552e-01	-7.704598459178069181e-02
5.335335335335334994e-01	-8.515797818825476817e-01	-1.757320971945042221e-02
5.345345345345344779e-01	-9.725251942603937438e-01	8.825241125161731315e-02
5.355355355355355673e-01	-9.715272375493141377e-01	7.300908142944728674e-02
5.365365365365365458e-01	-9.280885269788510250e-01	1.621350266381682559e-02
5.375375375375375242e-01	-9.639160981256289507e-01	3.958591854832071988e-02
5.385385385385385026e-01	-1.002146215143852714e+00	6.627490959004134208e-02
5.395395395395394811e-01	-1.037018184231823570e+00	9.053119449697222265e-02
5.405405405405405705e-01	-1.004982364385941240e+00	4.881562964669072802e-02
5.415415415415415490e-01	-1.076613525977914376e+00	1.117125572831751956e-01
5.425425425425425274e-01	-1.092556519279709759e+00	1.198754645765498505e-01
5.435435435435435059e-01	-9.650939006635391726e-01	-1.440539871757684498e-02
5.445445445445444843e-01	-9.064519042945556881e-01	-7.889705617306019825e-02
5.455455455455455738e-01	-9.260472977583229515e-01	-6.417695573287585109e-02
5.465465465465465522e-01	-8.567684004558553390e-01	-1.373519570340839824e-01
5.475475475475475307e-01	-1.010030588483841196e+00	1.299716870515110756e-02
5.485485485485485091e-01	-9.789413394278091429e-01	-2.001922033101810605e-02
5.495495495495495986e-01	-1.013662266090963548e+00	1.376239432421466624e-02
5.505505505505505770e-01	-1.019263074203605735e+00	1.941264724530533670e-02
5.515515515515515554e-01	-9.841745263996543036e-01	-1.463774782761484428e-02
5.525525525525525339e-01	-8.670274464190421693e-01	-1.297589937379922675e-01
5.535535535535535123e-01	-9.081738401119028303e-01	-8.560108789352172121e-02
5.545545545545546018e-01	-9.269871126920360416e-01	-6.279360303174708058e-02
5.555555555555555802e-01	-9.063814539294557937e-01	-7.842629908275211559e-02
5.565565565565565587e-01	-9.919458173730301143e-01	1.308485995916852662e-02
5.575575575575575371e-01	-9.523142939364961368e-01	-1.963191551573795213e-02
5.585585585585585155e-01	-9.994357163691878210e-01	3.536536955303615226e-02
5.595595595595596050e-01	-1.055382332456063610e+00	1.001411748577772931e-01
5.605605605605605835e-01	-9.759924844786591613e-01	3.052511188479589688e-02
5.615615615615615619e-01	-9.543690887646762988e-01	1.961043209752488803e-02
5.625625625625625403e-01	-9.584511515352749367e-01	3.532555234096157459e-02
5.635635635635635188e-01	-1.038512893298799700e+00	1.279331897067639279e-01
5.645645645645646082e-01	-1.018124356179080481e+00	1.209909802367670206e-01
5.655655655655655867e-01	-9.671003987641219046e-01	8.430048603950224262e-02
5.665665665665665651e-01	-9.355344515733824418e-01	6.794096390578041600e-02
5.675675675675675436e-01	-9.110446047061109276e-01	5.951546697279808118e-02
5.685685685685685220e-01	-8.609499417370031216e-01	2.632719348918521884e-02
5.695695695695696115e-01	-8.373144056764916243e-01	2.042336848358683454e-02
5.705705705705705899e-01	-7.748025044319030163e-01	-2.354903424250309740e-02
5.715715715715715683e-01	-8.168268977751014237e-01	3.780431219160906853e-02
5.725725725725725468e-01	-8.464969841467452349e-01	8.757369267865644513e-02
5.735735735735735252e-01	-7.160696335770336818e-01	-2.200389805530622578e-02
5.745745745745746147e-01	-6.741378847503841643e-01	-4.235603873239857098e-02
5.755755755755755931e-01	-6.745561485508507760e-01	-1.964965758987236022e-02
5.765765765765765716e-01	-6.927091714944004774e-01	2.147795215349601605e-02
5.775775775775775500e-01	-7.123911731288397053e-01	6.479829149144544775e-02
5.785785785785785285e-01	-6.980792065989542827e-01	7.476503866073613835e-02
5.795795795795796179e-01	-6.180622665775187263e-01	1.964318018659205745e-02
5.805805805805805964e-01	-6.286527040987706094e-01	5.572044945674958782e-02
5.815815815815815748e-01	-6.795139954924086512e-01	1.326351199987818585e-01
5.825825825825825532e-01	-7.107481560059067949e-01	1.904634440243272442e-01
5.835835835835835317e-01	-6.849739930803848686e-01	1.917979311809084875e-01
5.845845845845846211e-01	-7.160970808802584742e-01	2.505173490863011332e-01
5.855855855855855996e-01	-6.474074059947561022e-01	2.098843955378502102e-01
5.865865865865865780e-01	-6.151170396953660191e-01	2.060833977546203677e-01
5.875875875875875565e-01	-5.340854231785369111e-01	1.539456250549390837e-01
5.885885885885885349e-01	-5.559362778899176183e-01	2.050662270385845698e-01
5.895895895895896244e-01	-6.773270837296494484e-01	3.560737400455050716e-01
5.905905905905906028e-01	-6.082770882070114293e-01	3.169581249314655236e-01
5.915915915915915813e-01	-5.445953921589016256e-01	2.834988817468132583e-01
5.925925925925925597e-01	-5.217355066106804662e-01	2.911196358682386909e-01
5.935935935935935381e-01	-5.193725361406004160e-01	3.194653509157927562e-01
5.945945945945946276e-01	-3.962464739545308867e-01	2.272456536326807053e-01
5.955955955955956060e-01	-3.006905952722785935e-01	1.627632572996259297e-01
5.965965965965965845e-01	-3.286703983749005298e-01	2.219529330035410475e-01
5.975975975975975629e-01	-2.694522812182009175e-01	1.940502166357972458e-01
5.985985985985985414e-01	-2.073711123222536923e-01	1.633590102998684346e-01
5.995995995995996308e-01	-1.361742586386153753e-01	1.235956407998763107e-01
6.006006006006006093e-01	-1.761243356786832137e-01	1.949916404631507894e-01
6.016016016016015877e-01	-1.254844132447791583e-01	1.757789836081443402e-01
6.026026026026025662e-01	-1.536480569836564669e-01	2.353201588468605832e-01
6.036036036036035446e-01	-1.023573245765429518e-01	2.153261960056117863e-01
6.046046046046046341e-01	-8.720883817772555335e-02	2.313627692456853846e-01
6.056056056056056125e-01	-1.012448856056828578e-01	2.764413288575519045e-01
6.066066066066065909e-01	-5.738734016894245227e-02	2.634530515806335904e-01
6.076076076076075694e-01	-9.137676771040950663e-02	3.281079780020863534e-01
6.086086086086086588e-01	-5.667995526813789098e-03	2.728306116613342103e-01
6.096096096096096373e-01	1.637475451804600024e-02	2.809550821491273997e-01
6.106106106106106157e-01	-5.672009164933940195e-02	3.839231325071106871e-01
6.116116116116115942e-01	-5.201626153845428924e-02	4.087689499526842574e-01
6.126126126126125726e-01	5.948762864853731486e-02	3.264619303467882760e-01
6.136136136136136621e-01	1.600570223811210169e-01	2.547077587242879693e-01
6.146146146146146405e-01	1.267737085002388631e-01	3.163961521438878322e-01
6.156156156156156189e-01	2.462644452172901843e-01	2.248722638657269512e-01
6.166166166166165974e-01	3.700509614171056949e-01	1.285867098238837603e-01
6.176176176176175758e-01	4.669068748242976019e-01	5.873867780702279884e-02
6.186186186186186653e-01	6.094069111131525940e-01	-5.727326476008087752e-02
6.196196196196196437e-01	5.845784993196810886e-01	-6.502739819310154878e-03
6.206206206206206222e-01	6.721041007489381158e-01	-6.865786168551291091e-02
6.216216216216216006e-01	6.636458113913986656e-01	-3.542581409575851215e-02
6.226226226226225791e-01	7.057592967425891928e-01	-5.338676022079880124e-02
6.236236236236236685e-01	7.042243955375778741e-01	-2.834442217489785421e-02
6.246246246246246470e-01	7.088467368386364154e-01	-1.012767448626916700e-02
6.256256256256256254e-01	5.979751726346244078e-01	1.228920462899595334e-01
6.266266266266266038e-01	6.910436269328925629e-01	5.125891481271460659e-02
6.276276276276275823e-01	8.318514746939286164e-01	-6.884764032240209275e-02
6.286286286286286717e-01	9.303590498663646402e-01	-1.474084236579009666e-01
6.296296296296296502e-01	9.016796951325433129e-01	-9.955650237749991138e-02
6.306306306306306286e-01	8.330183786411444746e-01	-1.251580353405823409e-02
6.316316316316316071e-01	8.314718879312466004e-01	6.598710773979887811e-03
6.326326326326325855e-01	8.519107521078240763e-01	2.899139199101008479e-03
6.336336336336336750e-01	8.682950143954073496e-01	2.408885769720425785e-03
6.346346346346346534e-01	8.100761071295673466e-01	7.566080126696150820e-02
6.356356356356356319e-01	7.483564185738054153e-01	1.515376319495116419e-01
6.366366366366366103e-01	6.363185087552303276e-01	2.768428184177527118e-01
6.376376376376375887e-01	7.077848106728145128e-01	2.177408082488626606e-01
6.386386386386386782e-01	8.124832016155153491e-01	1.244914976519226890e-01
6.396396396396396566e-01	9.058440600531947329e-01	4.165318666723449859e-02
6.406406406406406351e-01	9.281376918532566744e-01	2.894516414501424606e-02
6.416416416416416135e-01	1.042754109822833231e+00	-7.703206150747887726e-02
6.426426426426425920e-01	1.145070023432289474e+00	-1.716637426762873675e-01
6.436436436436436814e-01	1.148820829465821980e+00	-1.686928747436454712e-01
6.446446446446446599e-01	9.929441471374609307e-01	-7.063723690065470961e-03
6.456456456456456383e-01	9.881725640848033621e-01	2.485434484628346041e-03
6.466466466466466168e-01	1.034230547529448208e+00	-3.977459177417075331e-02
6.476476476476475952e-01	1.033618680674220469e+00	-3.634814130138797061e-02
6.486486486486486847e-01	9.649277080552584041e-01	3.417125814942301165e-02
6.496496496496496631e-01	1.010410924473676753e+00	-1.047149627338306299e-02
6.506506506506506415e-01	9.475230242435900285e-01	5.226807002033617700e-02
6.516516516516516200e-01	8.228900588924099591e-01	1.757640521840465597e-01
6.526526526526525984e-01	9.165593166091049460e-01	7.997028634123204416e-02
6.536536536536536879e-01	9.222514164929728198e-01	7.116825422483796793e-02
6.546546546546546663e-01	9.439802237728323053e-01	4.534716588066112219e-02
6.556556556556556448e-01	9.421799665632546450e-01	4.207683987011412441e-02
6.566566566566566232e-01	8.782967771257063072e-01	9.991615800750264231e-02
6.576576576576576016e-01	7.778564995757168976e-01	1.933452526946602967e-01
6.586586586586586911e-01	7.509997981409777257e-01	2.122303927529344270e-01
6.596596596596596696e-01	6.741804804018731723e-01	2.801256533268755566e-01
6.606606606606606480e-01	6.070249200683559554e-01	3.374134853124732825e-01
6.616616616616616264e-01	4.789515077149063549e-01	4.546852558959407764e-01
6.626626626626626049e-01	5.018769241545315563e-01	4.200349655306951924e-01
6.636636636636636943e-01	5.166020202648314852e-01	3.926733575490564121e-01
6.646646646646646728e-01	5.353559016349180855e-01	3.603838220503373657e-01
6.656656656656656512e-01	5.104579591357343293e-01	3.708603529740734928e-01
6.666666666666666297e-01	5.769521867733938825e-01	2.890732170110463795e-01
6.676676676676676081e-01	6.794954215695011568e-01	1.703806996211858493e-01
6.686686686686686976e-01	5.648647001380158184e-01	2.680217335027571535e-01
6.696696696696696760e-01	5.713907709479227881e-01	2.436823705383397431e-01
6.706706706706706544e-01	5.066878637720155787e-01	2.897659957329147273e-01
6.716716716716716329e-01	4.335287021038491950e-01	3.435182973784415283e-01
6.726726726726726113e-01	3.430661882039212074e-01	4.138055638010715853e-01
6.736736736736737008e-01	2.819933291709992851e-01	4.539547383131038449e-01
6.746746746746746792e-01	3.603549880088149915e-01	3.539416484182066891e-01
6.756756756756756577e-01	4.166070076352126894e-01	2.753318613423353933e-01
6.766766766766766361e-01	3.112634247508624386e-01	3.576334489934774874e-01
6.776776776776777256e-01	3.759395237054866112e-01	2.692539122332056611e-01
6.786786786786787040e-01	4.850210324671277440e-01	1.358309623761158602e-01
6.796796796796796825e-01	5.484288916897124277e-01	4.746772894418649358e-02
6.806806806806806609e-01	5.439957513553594914e-01	2.635623922254437534e-02
6.816816816816816393e-01	6.108109516015282070e-01	-6.656758696994835578e-02
6.826826826826827288e-01	6.354553143752852407e-01	-1.178587539134077211e-01
6.836836836836837072e-01	7.051573578774008588e-01	-2.147194299609799795e-01
6.846846846846846857e-01	6.421435617862072398e-01	-1.793492388189065201e-01
6.856856856856856641e-01	4.711518414272850563e-01	-3.645876027288952326e-02
6.866866866866866426e-01	5.658593287176163500e-01	-1.596973381631426325e-01
6.876876876876877320e-01	4.828826811952744436e-01	-1.056534168925051254e-01
6.886886886886887105e-01	4.985573351186891600e-01	-1.506338224244044843e-01
6.896896896896896889e-01	6.162279183558286855e-01	-2.979542034635178638e-01
6.906906906906906674e-01	5.746139936060238318e-01	-2.863048033338017051e-01
6.916916916916916458e-01	5.683293169603454986e-01	-3.102697475314935005e-01
6.926926926926927353e-01	4.835122160487926868e-01	-2.559574511727105151e-01
6.936936936936937137e-01	3.043256820820320341e-01	-1.075007406143253519e-01
6.946946946946946921e-01	2.342652404529376453e-01	-6.836475388422502686e-02
6.956956956956956706e-01	2.670931589322992905e-01	-1.322811789257143100e-01
6.966966966966966490e-01	1.930061705970771979e-01	-8.941600676483563159e-02
6.976976976976977385e-01	4.454900037923967271e-02	2.771691154134756085e-02
6.986986986986987169e-01	-2.298948101371308533e-02	6.385968045442640129e-02
6.996996996996996954e-01	3.985673824481567040e-02	-3.042266601891922134e-02
7.007007007007006738e-01	-9.418282888957051069e-02	7.217144496334415571e-02
7.017017017017016522e-01	-1.779654035557231007e-01	1.245303295626683793e-01
7.027027027027027417e-01	-2.392400490291644033e-01	1.544341245536558771e-01
7.037037037037037202e-01	-2.430533412518983138e-01	1.269604271266667195e-01
7.047047047047046986e-01	-2.331251286039889292e-01	8.586002398384789958e-02
7.057057057057056770e-01	-1.062819845414098990e-01	-7.200968661656444170e-02
7.067067067067066555e-01	-5.420968064827999533e-02	-1.549322522892842835e-01
7.077077077077077449e-01	-6.155598009308027585e-02	-1.782294034046546238e-01
7.087087087087087234e-01	9.292123851663759704e-03	-2.794838447354467958e-01
7.097097097097097018e-01	5.905672023455029590e-02	-3.593875978463001997e-01
7.107107107107106803e-01	-7.023815902791170906e-02	-2.599348913729230826e-01
7.117117117117116587e-01	-3.172616958582460955e-02	-3.279625600587077194e-01
7.127127127127127482e-01	-1.882818649055778282e-01	-2.005668636858115306e-01
7.137137137137137266e-01	-2.375767387965088961e-01	-1.800474734099584972e-01
7.147147147147147050e-01	-1.205373855509970088e-01	-3.254493401340780578e-01
7.157157157157156835e-01	-1.336514983008063040e-01	-3.402567242896346600e-01
7.167167167167166619e-01	-1.913568895997461716e-01	-3.100042029878562477e-01
7.177177177177177514e-01	-3.175802101243059283e-01	-2.107379786217468132e-01
7.187187187187187298e-01	-3.348100741964167293e-01	-2.199427801877004152e-01
7.197197197197197083e-01	-4.322447181516571590e-01	-1.483942312769472305e-01
7.207207207207206867e-01	-4.800664846496593974e-01	-1.258843916138864261e-01
7.217217217217216652e-01	-5.681091131327900001e-01	-6.255449190976647422e-02
7.227227227227227546e-01	-6.429157354293196791e-01	-1.183696301041614607e-02
7.237237237237237331e-01	-6.932242522517488847e-01	1.502991643708284641e-02
7.247247247247247115e-01	-7.658289334237045054e-01	6.486359665610841319e-02
7.257257257257256899e-01	-8.815181652734800366e-01	1.584749812119731205e-01
7.267267267267266684e-01	-9.870535352254855566e-01	2.426474893370674790e-01
7.277277277277277578e-01	-9.530409791304537137e-01	1.880081816725633903e-01
7.287287287287287363e-01	-8.924365005344851998e-01	1.075334586480812815e-01
7.297297297297297147e-01	-8.456274133159602524e-01	4.163028294902104687e-02
7.307307307307306932e-01	-8.729591251043248290e-01	5.066294350551758807e-02
7.317317317317316716e-01	-9.342171426619354513e-01	9.443504220339671296e-02
7.327327327327327611e-01	-9.495473202488804443e-01	9.310972435553444004e-02
7.337337337337337395e-01	-9.586439688249389635e-01	8.639777080545330001e-02
7.347347347347347180e-01	-7.631897327075849446e-01	-1.240025417010177655e-01
7.357357357357356964e-01	-9.604327135457333409e-01	5.917166799978890168e-02
7.367367367367367859e-01	-9.054376938692302312e-01	-9.000905575936024583e-03
7.377377377377377643e-01	-1.020632212502555314e+00	9.392030709727039461e-02
7.387387387387387427e-01	-1.020977731639935548e+00	8.290890474377032859e-02
7.397397397397397212e-01	-1.027742555648801348e+00	7.924442208900717155e-02
7.407407407407406996e-01	-1.078473761526807184e+00	1.204842492113186170e-01
7.417417417417417891e-01	-1.156191198046687685e+00	1.896576204886460948e-01
7.427427427427427675e-01	-1.063878838633467216e+00	8.975695819473106241e-02
7.437437437437437460e-01	-1.041030493841545335e+00	6.028357662150607421e-02
7.447447447447447244e-01	-1.078549294919860957e+00	9.214715822414643043e-02
7.457457457457457028e-01	-1.043918201505683152e+00	5.283625483666376521e-02
7.467467467467467923e-01	-1.010930925458475516e+00	1.614920597589020179e-02
7.477477477477477708e-01	-9.448829246147689709e-01	-5.261487197973069296e-02
7.487487487487487492e-01	-1.014008044348605475e+00	1.478055215252616073e-02
7.497497497497497276e-01	-1.012938138091239448e+00	1.296904222349259950e-02
7.507507507507507061e-01	-9.787395279731094799e-01	-2.098234629727924183e-02
7.517517517517517955e-01	-1.125604759154145595e+00	1.271186872836231885e-01
7.527527527527527740e-01	-1.028856759120208908e+00	3.259384842165435892e-02
7.537537537537537524e-01	-8.789733882089533212e-01	-1.140812009314142728e-01
7.547547547547547309e-01	-8.394264736563309404e-01	-1.494378061071048869e-01
7.557557557557557093e-01	-7.798173162625450239e-01	-2.038788099170655288e-01
7.567567567567567988e-01	-7.591569196028834510e-01	-2.183983193448028048e-01
7.577577577577577772e-01	-7.646793284348201158e-01	-2.057683620849772854e-01
7.587587587587587556e-01	-8.384500651025055262e-01	-1.239304441341279039e-01
7.597597597597597341e-01	-8.401851236637547515e-01	-1.131765487136749959e-01
7.607607607607607125e-01	-8.873134092612330326e-01	-5.608668901034918886e-02
7.617617617617618020e-01	-8.626701551102050614e-01	-6.983548236950265498e-02
7.627627627627627804e-01	-8.415908803318545850e-01	-7.909818272100810344e-02
7.637637637637637589e-01	-8.282371902979722700e-01	-7.972486958157409820e-02
7.647647647647647373e-01	-8.090792515109794802e-01	-8.525796162004861678e-02
7.657657657657657158e-01	-8.833437234272955019e-01	3.515727610864494146e-03
7.667667667667668052e-01	-9.256912453931962492e-01	6.124248993333059055e-02
7.677677677677677837e-01	-8.649539413720049863e-01	1.673924145920302475e-02
7.687687687687687621e-01	-7.142240645287933898e-01	-1.169178177869006907e-01
7.697697697697697405e-01	-7.659113702132145374e-01	-4.733581501051975504e-02
7.707707707707707190e-01	-7.649711653882187434e-01	-2.957713852422727552e-02
7.717717717717718084e-01	-7.608088659213901872e-01	-1.425486295821032368e-02
7.727727727727727869e-01	-7.815414105365261488e-01	2.672868297572750240e-02
7.737737737737737653e-01	-7.683479721824222342e-01	3.453264690569368689e-02
7.747747747747747438e-01	-7.572495007560408053e-01	4.515721532501337787e-02
7.757757757757757222e-01	-8.249745588868535595e-01	1.353094699085886088e-01
7.767767767767768117e-01	-8.510147949012903945e-01	1.844588817189193319e-01
7.777777777777777901e-01	-8.650261350021489770e-01	2.222385253156095031e-01
7.787787787787787686e-01	-8.771262714189310694e-01	2.587425895027143374e-01
7.797797797797797470e-01	-8.571439342688289553e-01	2.637756724312060319e-01
7.807807807807807254e-01	-7.403951441765928010e-01	1.726290580818840015e-01
7.817817817817818149e-01	-6.561858905426598554e-01	1.145834189944705539e-01
7.827827827827827933e-01	-6.118559361044562106e-01	9.695264586364304993e-02
7.837837837837837718e-01	-6.394680255739998431e-01	1.517730817603634708e-01
7.847847847847847502e-01	-5.948358278205954086e-01	1.348314904219811705e-01
7.857857857857857287e-01	-5.661771054748919729e-01	1.343182524615931794e-01
7.867867867867868181e-01	-4.789561567371687922e-01	7.566983425318796197e-02
7.877877877877877966e-01	-3.978641397729749674e-01	2.354913984895512513e-02
7.887887887887887750e-01	-4.470020414253629837e-01	1.020285076307700933e-01
7.897897897897897534e-01	-3.780064109271429329e-01	6.271547235163998923e-02
7.907907907907907319e-01	-4.041969156706466393e-01	1.189003495965949009e-01
7.917917917917918214e-01	-3.420868859655793459e-01	8.706680956526891002e-02
7.927927927927927998e-01	-3.614169390840261120e-01	1.369255304464520595e-01
7.937937937937937782e-01	-2.295615367319197575e-01	3.582078549501918618e-02
7.947947947947947567e-01	-2.391616286557012860e-01	7.636311649060600892e-02
7.957957957957957351e-01	-2.657904693456106804e-01	1.340951805099846184e-01
7.967967967967968246e-01	-2.200136310676863993e-01	1.195517932155180374e-01
7.977977977977978030e-01	-2.434929328797742765e-01	1.743638882849878335e-01
7.987987987987987815e-01	-2.405287901017341134e-01	2.028008974230170458e-01
7.997997997997997599e-01	-2.504470351397517502e-01	2.441576018236826240e-01
8.008008008008007383e-01	-1.788924854135060805e-01	2.040477308028790238e-01
8.018018018018018278e-01	-8.346883934329876742e-02	1.400438885270902656e-01
8.028028028028028062e-01	-4.970913115087104150e-02	1.376480395619299468e-01
8.038038038038037847e-01	-6.828869278602758830e-02	1.875045015222006062e-01
8.048048048048047631e-01	2.344578558689450892e-02	1.269290362270404093e-01
8.058058058058058526e-01	1.350316021684853651e-01	4.635353370416592234e-02
8.068068068068068310e-01	2.245081434405059584e-01	-1.229205725799931148e-02
8.078078078078078095e-01	2.843079463941229346e-01	-4.147076101553504035e-02
8.088088088088087879e-01	1.941295624353834848e-01	7.908859117308164599e-02
8.098098098098097664e-01	2.200534479931018361e-01	8.327550048152265738e-02
8.108108108108108558e-01	2.462129067369821234e-01	8.692688800507522573e-02
8.118118118118118343e-01	3.522889576797869626e-01	1.033225610187832322e-02
8.128128128128128127e-01	4.502704484675004726e-01	-5.852639574710283288e-02
8.138138138138137911e-01	3.863546117651525114e-01	3.412490150406072287e-02
8.148148148148147696e-01	4.564904988081982529e-01	-7.691318607738528712e-03
8.158158158158158590e-01	5.676491023874824515e-01	-9.097405294105559426e-02
8.168168168168168375e-01	5.587654191708383289e-01	-5.468586337951253373e-02
8.178178178178178159e-01	6.501276161111930740e-01	-1.191420159818729063e-01
8.188188188188187944e-01	6.405617899737221510e-01	-8.319521371208138394e-02
8.198198198198197728e-01	6.566771876112503792e-01	-7.348079040497956793e-02
8.208208208208208623e-01	6.212151923075190929e-01	-1.276567131330286209e-02
8.218218218218218407e-01	6.665392697715755155e-01	-3.343829384475349720e-02
8.228228228228228192e-01	6.185851760879345074e-01	3.854120918125358841e-02
8.238238238238237976e-01	5.745520198754536789e-01	1.059499714797972336e-01
8.248248248248247760e-01	5.273099306958021204e-01	1.758947483848792848e-01
8.258258258258258655e-01	5.930880924294489320e-01	1.321239063309497253e-01
8.268268268268268439e-01	6.240735626312924333e-01	1.224286256967599407e-01
8.278278278278278224e-01	7.837118076498887920e-01	-1.665761279429067709e-02
8.288288288288288008e-01	8.234985373657727203e-01	-3.665084199418422450e-02
8.298298298298297793e-01	8.240396875084537998e-01	-1.817657055078703010e-02
8.308308308308308687e-01	8.601745582668581802e-01	-3.609290216349292368e-02
8.318318318318318472e-01	9.222203012620826534e-01	-8.073500396203248108e-02
8.328328328328328256e-01	9.589894265423450914e-01	-1.009325956866583551e-01
8.338338338338338041e-01	9.091063710972745460e-01	-3.532650118454749855e-02
8.348348348348347825e-01	9.283187339207379374e-01	-3.967986726838246270e-02
8.358358358358358720e-01	9.832027164058368962e-01	-8.058358873680238066e-02
8.368368368368368504e-01	9.430524724820871230e-01	-2.734564398191818846e-02
8.378378378378378288e-01	9.628727949764769312e-01	-3.498376767996835834e-02
8.388388388388388073e-01	9.756426791839288848e-01	-3.648900156416223783e-02
8.398398398398397857e-01	9.744673093366310601e-01	-2.497766898181807971e-02
8.408408408408408752e-01	1.014566857058996741e+00	-5.568016233434680551e-02
8.418418418418418536e-01	9.420078368676281233e-01	2.532771152966184491e-02
8.428428428428428321e-01	1.023510198628903467e+00	-4.868235195436976248e-02
8.438438438438438105e-01	1.087817365392464319e+00	-1.064611846389055261e-01
8.448448448448447889e-01	1.082083178978746840e+00	-9.516908392558709462e-02
8.458458458458458784e-01	1.071607264765842560e+00	-8.011117116845778430e-02
8.468468468468468568e-01	1.093733196981359512e+00	-9.863555153109360152e-02
8.478478478478478353e-01	1.025860499059426667e+00	-2.814530986316532424e-02
8.488488488488488137e-01	9.752294688090572539e-01	2.411666765292364012e-02
8.498498498498497922e-01	9.613924869865311251e-01	3.859638748918292617e-02
8.508508508508508816e-01	8.251131416441290778e-01	1.745296260181008474e-01
8.518518518518518601e-01	7.543901932718857228e-01	2.439179649993825638e-01
8.528528528528528385e-01	7.750191692620211903e-01	2.209671967770834300e-01
8.538538538538538170e-01	7.354415314405514659e-01	2.572381554429689077e-01
8.548548548548547954e-01	6.585595533714193595e-01	3.298318372620538952e-01
8.558558558558558849e-01	6.174350889384622176e-01	3.656906288572421282e-01
8.568568568568568633e-01	5.512553081353729345e-01	4.256325672261200843e-01
8.578578578578578417e-01	5.133863250637530351e-01	4.562977065939346488e-01
8.588588588588588202e-01	4.674689966116735151e-01	4.940523136354524336e-01
8.598598598598597986e-01	4.621962896460521386e-01	4.902114932384002421e-01
8.608608608608608881e-01	5.281711411377836285e-01	4.141813203965353241e-01
8.618618618618618665e-01	5.311225464053161982e-01	4.002427430545388853e-01
8.628628628628628450e-01	5.455522794814627874e-01	3.739048519087427858e-01
8.638638638638638234e-01	5.799157371383272253e-01	3.267240256385629538e-01
8.648648648648649129e-01	6.419973474330150642e-01	2.509285107165534212e-01
8.658658658658658913e-01	6.200445528038540655e-01	2.582844257789153053e-01
8.668668668668668698e-01	6.494925354910041637e-01	2.133710227949267013e-01
8.678678678678678482e-01	7.277231059261090040e-01	1.188217844039520799e-01
8.688688688688688266e-01	7.058883790660388513e-01	1.235007324590452482e-01
8.698698698698699161e-01	8.033999409967866878e-01	8.013245466079288448e-03
8.708708708708708945e-01	8.808134418721182968e-01	-8.817855113043238102e-02
8.718718718718718730e-01	8.685994687916733792e-01	-9.552667540295567417e-02
8.728728728728728514e-01	8.450907154643018115e-01	-9.234447696634606739e-02
8.738738738738738299e-01	7.615187513380847761e-01	-2.984342523640437506e-02
8.748748748748749193e-01	8.368826373979563193e-01	-1.270017451035271305e-01
8.758758758758758978e-01	7.060502960350306667e-01	-1.866580740592127530e-02
8.768768768768768762e-01	6.758187151767501843e-01	-1.161035437113588920e-02
8.778778778778778547e-01	6.185113916834529268e-01	2.186403498957445457e-02
8.788788788788788331e-01	5.981319989267964710e-01	1.777725464038582004e-02
8.798798798798799226e-01	4.801011616975919827e-01	1.107328733083671191e-01
8.808808808808809010e-01	5.708976273994058603e-01	-5.723060634013621417e-03
8.818818818818818794e-01	4.752408258587542123e-01	6.371539650146290645e-02
8.828828828828828579e-01	4.674107689105191366e-01	4.479415904259709258e-02
8.838838838838838363e-01	4.254603581201712448e-01	5.948677859731982265e-02
8.848848848848849258e-01	3.590381869105438439e-01	9.817161576853367100e-02
8.858858858858859042e-01	3.099206003866065151e-01	1.190997536757196773e-01
8.868868868868868827e-01	3.541370310240472552e-01	4.626963514375775910e-02
8.878878878878878611e-01	3.323294157576361929e-01	3.906761804993447162e-02
8.888888888888888395e-01	3.375621067424883770e-01	4.458036583184332713e-03
8.898898898898899290e-01	2.949634302531668473e-01	1.734161397832134632e-02
8.908908908908909074e-01	2.309033433327103979e-01	5.137777714126146034e-02
8.918918918918918859e-01	2.437611069566298361e-01	8.216954428496958673e-03
8.928928928928928643e-01	3.009490230942522548e-01	-7.952319077269001668e-02
8.938938938938938428e-01	2.731738363062401476e-01	-8.251919127317447478e-02
8.948948948948949322e-01	1.593772724604590463e-01	3.176553270894943992e-04
8.958958958958959107e-01	2.826108710078581443e-01	-1.540335757259888860e-01
8.968968968968968891e-01	2.238020765599105233e-01	-1.264695581916057965e-01
8.978978978978978676e-01	1.057130241183127650e-01	-3.972153049168865302e-02
8.988988988988988460e-01	2.167772771712397351e-01	-1.821920643594208411e-01
8.998998998998999355e-01	2.054013973657882741e-01	-2.022566651580523789e-01
9.009009009009009139e-01	1.206838894777269161e-01	-1.489827475608439811e-01
9.019019019019018923e-01	2.005169921912595618e-02	-7.976616410233329513e-02
9.029029029029028708e-01	-2.239420720822626193e-03	-8.883160196581768586e-02
9.039039039039038492e-01	1.471151654854922601e-02	-1.370490409270044285e-01
9.049049049049049387e-01	-9.576379459994810439e-02	-5.771925729626820045e-02
9.059059059059059171e-01	1.503213052195478787e-02	-1.995089373254456955e-01
9.069069069069068956e-01	-4.693942058730277839e-02	-1.683487201577846260e-01
9.079079079079078740e-01	-1.215017746627472528e-01	-1.243848110911021099e-01
9.089089089089088525e-01	-1.312004457009891267e-01	-1.450414386780829179e-01
9.099099099099099419e-01	-1.065369810621981383e-01	-1.997870385445849328e-01
9.109109109109109204e-01	-1.626949147724706390e-01	-1.734083297697436021e-01
9.119119119119118988e-01	-2.561552351616454004e-01	-1.093948766635737258e-01
9.129129129129128772e-01	-2.763558162568645615e-01	-1.182796864925749758e-01
9.139139139139138557e-01	-4.002185775323212069e-01	-2.311207852421059972e-02
9.149149149149149451e-01	-4.781032912704862858e-01	2.649609489359200376e-02
9.159159159159159236e-01	-5.053611380141904696e-01	2.592397572538279737e-02
9.169169169169169020e-01	-5.178224871020139508e-01	1.102945313374170677e-02
9.179179179179178805e-01	-4.831219562280517077e-01	-5.052580417406909996e-02
9.189189189189188589e-01	-4.754115100407119709e-01	-8.456327609688069069e-02
9.199199199199199484e-01	-5.636825689033090336e-01	-2.206550863852929645e-02
9.209209209209209268e-01	-6.268536552159542641e-01	1.591150667053076173e-02
9.219219219219219053e-01	-5.972481147969666004e-01	-3.828397104741687595e-02
9.229229229229228837e-01	-5.895964214356922417e-01	-6.989715210020197578e-02
9.239239239239238621e-01	-5.161133429957833751e-01	-1.666895741674029319e-01
9.249249249249249516e-01	-5.258029433807078767e-01	-1.796341237652440137e-01
9.259259259259259300e-01	-4.675722636254074915e-01	-2.598013779476414653e-01
9.269269269269269085e-01	-5.074135086773764458e-01	-2.411774396576134016e-01
9.279279279279278869e-01	-5.148986490400769833e-01	-2.541693575342380829e-01
9.289289289289288654e-01	-5.494645301104114088e-01	-2.393200373222174049e-01
9.299299299299299548e-01	-5.229550469652088918e-01	-2.847660871085987422e-01
9.309309309309309333e-01	-3.934073834560798955e-01	-4.324515975074631480e-01
9.319319319319319117e-01	-4.322334054922691293e-01	-4.109467668939523199e-01
9.329329329329328901e-01	-4.870652489111453320e-01	-3.726023312695982970e-01
9.339339339339339796e-01	-5.733553304405976103e-01	-3.019495702372148038e-01
9.349349349349349581e-01	-5.802954473835869598e-01	-3.097812234383193752e-01
9.359359359359359365e-01	-6.823753664419678344e-01	-2.215929170200480192e-01
9.369369369369369149e-01	-8.094849887723897242e-01	-1.074810130236227845e-01
9.379379379379378934e-01	-7.053110129796431593e-01	-2.237459599747182448e-01
9.389389389389389828e-01	-8.538886066059505620e-01	-8.634063410380787840e-02
9.399399399399399613e-01	-9.273031266055242750e-01	-2.316863069458741098e-02
9.409409409409409397e-01	-9.057738259799817948e-01	-5.400056837320699188e-02
9.419419419419419182e-01	-8.462315934404984752e-01	-1.218963594616196966e-01
9.429429429429428966e-01	-8.469425655273955522e-01	-1.285816069544422069e-01
9.439439439439439861e-01	-7.319010529363648709e-01	-2.500546863611420312e-01
9.449449449449449645e-01	-8.196994475667888080e-01	-1.677168458900001324e-01
9.459459459459459429e-01	-8.659338035254157129e-01	-1.259666317334610097e-01
9.469469469469469214e-01	-8.776936447429342092e-01	-1.177100857910781118e-01
9.479479479479478998e-01	-8.126917820363788181e-01	-1.852309329918643277e-01
9.489489489489489893e-01	-7.860358079727793879e-01	-2.134190898562899896e-01
9.499499499499499677e-01	-8.094533410666491235e-01	-1.905454227619483021e-01
9.509509509509509462e-01	-8.752237949389891636e-01	-1.243299802827747547e-01
9.519519519519519246e-01	-8.891764456131940886e-01	-1.089439264249524308e-01
9.529529529529529031e-01	-8.098781927775069445e-01	-1.858217789293308275e-01
9.539539539539539925e-01	-8.160705430012881179e-01	-1.762244246535255021e-01
9.549549549549549710e-01	-7.894719464662802721e-01	-1.984367804738979002e-01
9.559559559559559494e-01	-7.713124137780540401e-01	-2.112331731445741267e-01
9.569569569569569278e-01	-7.273089758216831902e-01	-2.489018751527471984e-01
9.579579579579579063e-01	-7.567076403671642026e-01	-2.122031428689857835e-01
9.589589589589589957e-01	-6.848345174720615880e-01	-2.758180849502593901e-01
9.599599599599599742e-01	-8.337428745501573868e-01	-1.177016001330196682e-01
9.609609609609609526e-01	-9.069232167317538007e-01	-3.437228879775033885e-02
9.619619619619619311e-01	-9.143972477398141230e-01	-1.581848308879041376e-02
9.629629629629629095e-01	-8.610143970881566355e-01	-5.720170979211824935e-02
9.639639639639639990e-01	-8.259630208976910248e-01	-7.934547868490571254e-02
9.649649649649649774e-01	-9.043138146036728831e-01	1.280814190538825947e-02
9.659659659659659559e-01	-9.686734549747285650e-01	9.185217974157344756e-02
9.669669669669669343e-01	-9.401084859826099871e-01	7.883865804337863992e-02
9.679679679679679127e-01	-8.604732556096854612e-01	1.560654665386618234e-02
9.689689689689690022e-01	-7.535079570731380016e-01	-7.412018152959354289e-02
9.699699699699699806e-01	-7.322677623912976497e-01	-7.730340094944754270e-02
9.709709709709709591e-01	-7.664699582642569009e-01	-2.424368065083692958e-02
9.719719719719719375e-01	-7.183587206845744033e-01	-5.271549201415126618e-02
9.729729729729729160e-01	-6.709252040443971499e-01	-7.974710120832928517e-02
9.739739739739740054e-01	-5.982915372516590669e-01	-1.312365538705301260e-01
9.749749749749749839e-01	-4.950597146446071850e-01	-2.126027642418990560e-01
9.759759759759759623e-01	-5.152936672219003977e-01	-1.698034232618808037e-01
9.769769769769769407e-01	-5.477290615576606569e-01	-1.141251782722089159e-01
9.779779779779779192e-01	-5.831155038038180471e-01	-5.484140694929662274e-02
9.789789789789790087e-01	-6.371276389831743714e-01	2.369890471651137087e-02
9.799799799799799871e-01	-6.455137677065209134e-01	5.721980250571623294e-02
9.809809809809809655e-01	-6.410182040312836227e-01	7.844074581284576908e-02
9.819819819819819440e-01	-5.943483476884220407e-01	5.804370445103745890e-02
9.829829829829829224e-01	-6.064507823089262395e-01	9.694928202504959902e-02
9.839839839839840119e-01	-4.826038642768452069e-01	4.093304747957438039e-04
9.849849849849849903e-01	-5.617706361126318937e-01	1.073598896677545600e-01
9.859859859859859688e-01	-5.489348476258431031e-01	1.227572352534065381e-01
9.869869869869869472e-01	-5.571458951998838893e-01	1.596228451159682482e-01
9.879879879879879256e-01	-5.201161470034270096e-01	1.516407521931729674e-01
9.889889889889890151e-01	-4.172125259838205813e-01	7.814915548914641574e-02
9.899899899899899935e-01	-4.466190668328448021e-01	1.373030054439755565e-01
9.909909909909909720e-01	-3.992824197870807335e-01	1.200195364942489018e-01
9.919919919919919504e-01	-3.612627091489952202e-01	1.123291546821003073e-01
9.929929929929930399e-01	-3.452131673886779661e-01	1.268551011440312293e-01
9.939939939939940183e-01	-3.166052028041999589e-01	1.290385494283635415e-01
9.949949949949949968e-01	-2.911582050448013326e-01	1.345684409162428707e-01
9.959959959959959752e-01	-2.652854168482926545e-01	1.398273866679943245e-01
9.969969969969969537e-01	-2.264356907626396409e-01	1.322334544350096119e-01
9.979979979979980431e-01	-1.673142499583031295e-01	1.044609599138229677e-01
9.989989989989990216e-01	-1.666999842667136189e-01	1.352577933475933025e-01
1.000000000000000000e+00	-1.060571085768640676e-01	1.060571085768628463e-01
