# Time	FTRLS_Output	FTRLS_Error
0.000000000000000000e+00	0.000000000000000000e+00	0.000000000000000000e+00
1.001001001001000992e-03	0.000000000000000000e+00	0.000000000000000000e+00
2.002002002002001985e-03	0.000000000000000000e+00	0.000000000000000000e+00
3.003003003003002977e-03	0.000000000000000000e+00	0.000000000000000000e+00
4.004004004004003969e-03	0.000000000000000000e+00	0.000000000000000000e+00
5.005005005005004962e-03	0.000000000000000000e+00	0.000000000000000000e+00
6.006006006006005954e-03	0.000000000000000000e+00	0.000000000000000000e+00
7.007007007007006946e-03	0.000000000000000000e+00	0.000000000000000000e+00
8.008008008008007939e-03	0.000000000000000000e+00	0.000000000000000000e+00
9.009009009009008931e-03	0.000000000000000000e+00	0.000000000000000000e+00
1.001001001001000992e-02	0.000000000000000000e+00	0.000000000000000000e+00
1.101101101101101092e-02	0.000000000000000000e+00	0.000000000000000000e+00
1.201201201201201191e-02	0.000000000000000000e+00	0.000000000000000000e+00
1.301301301301301290e-02	0.000000000000000000e+00	0.000000000000000000e+00
1.401401401401401389e-02	0.000000000000000000e+00	0.000000000000000000e+00
1.501501501501501488e-02	0.000000000000000000e+00	0.000000000000000000e+00
1.601601601601601588e-02	0.000000000000000000e+00	0.000000000000000000e+00
1.701701701701701513e-02	0.000000000000000000e+00	0.000000000000000000e+00
1.801801801801801786e-02	0.000000000000000000e+00	0.000000000000000000e+00
1.901901901901902059e-02	0.000000000000000000e+00	0.000000000000000000e+00
2.002002002002001985e-02	0.000000000000000000e+00	0.000000000000000000e+00
2.102102102102101910e-02	0.000000000000000000e+00	0.000000000000000000e+00
2.202202202202202183e-02	0.000000000000000000e+00	0.000000000000000000e+00
2.302302302302302456e-02	0.000000000000000000e+00	0.000000000000000000e+00
2.402402402402402382e-02	0.000000000000000000e+00	0.000000000000000000e+00
2.502502502502502307e-02	0.000000000000000000e+00	7.076624788865043536e-01
2.602602602602602580e-02	5.304292792476158702e+00	-4.574764701353970509e+00
2.702702702702702853e-02	3.390559308827308271e+00	-2.639887003574584057e+00
2.802802802802802778e-02	9.203127905646422136e+00	-8.432053692947697243e+00
2.902902902902902704e-02	8.563710752191994402e+00	-7.772997113276900905e+00
3.003003003003002977e-02	5.255618102820912796e+00	-4.446046939480169158e+00
3.103103103103103250e-02	6.157401954361803043e+00	-5.329773815759072164e+00
3.203203203203203175e-02	3.218592993243347244e+00	-2.373726284287529520e+00
3.303303303303303101e-02	8.972201192153756999e-01	-3.595029127614490783e-02
3.403403403403403027e-02	4.677726204259406551e+00	-3.800904929026253321e+00
3.503503503503503647e-02	5.663028140342993844e+00	-4.771522467644709664e+00
3.603603603603603572e-02	7.849868539899720332e+00	-6.944560040317123928e+00
3.703703703703703498e-02	7.725027267613414850e+00	-6.806811160733141186e+00
3.803803803803804118e-02	5.354984864327096084e+00	-4.424769133498491769e+00
3.903903903903904044e-02	5.739355009703552390e+00	-4.798059504174049472e+00
4.004004004004003969e-02	4.713792480110782002e+00	-3.762348005427605280e+00
4.104104104104103895e-02	4.181872250399465862e+00	-3.221219647977144884e+00
4.204204204204203821e-02	3.847797798061245445e+00	-2.878887014825096013e+00
4.304304304304304440e-02	7.857973002046423794e+00	-6.881762151071994182e+00
4.404404404404404366e-02	5.285952758581807132e+00	-4.303407171659179298e+00
4.504504504504504292e-02	5.900558420796044423e+00	-4.912649693855866140e+00
4.604604604604604912e-02	5.281188557009520501e+00	-4.288893589354707103e+00
4.704704704704704837e-02	6.536679968518724237e+00	-5.540979996811886465e+00
4.804804804804804763e-02	5.267170592667620888e+00	-4.269050220629474701e+00
4.904904904904904689e-02	5.692896772360552582e+00	-4.693342997138788775e+00
5.005005005005004615e-02	5.570278425779048526e+00	-4.570279661950451100e+00
5.105105105105105234e-02	5.922261577177501124e+00	-4.922806679348432191e+00
5.205205205205205160e-02	5.787437987208359225e+00	-4.789515272180116412e+00
5.305305305305305086e-02	5.569501123655277830e+00	-4.574097393121265398e+00
5.405405405405405705e-02	5.316837059894703010e+00	-4.324936624635825844e+00
5.505505505505505631e-02	5.222245737377543051e+00	-4.234829443920753889e+00
5.605605605605605557e-02	5.280762138680079154e+00	-4.298806399382572252e+00
5.705705705705705483e-02	5.436781146332816839e+00	-4.461256973850978191e+00
5.805805805805805409e-02	6.130886508249659528e+00	-5.162758555347540579e+00
5.905905905905906028e-02	6.110309781502687443e+00	-5.150535387149498767e+00
6.006006006006005954e-02	6.206177994808904863e+00	-5.255706237508793066e+00
6.106106106106105880e-02	5.746854145620194032e+00	-4.806624904910434815e+00
6.206206206206206499e-02	5.786119967594759217e+00	-4.857062994640396703e+00
6.306306306306305731e-02	6.477940172774544259e+00	-5.560974170978530751e+00
6.406406406406406351e-02	4.647143873960104088e+00	-3.743175590498087679e+00
6.506506506506506970e-02	5.323982750559378196e+00	-4.433906079737472083e+00
6.606606606606606202e-02	6.803063081250046551e+00	-5.927758180572233471e+00
6.706706706706706822e-02	4.568534166854693268e+00	-3.708866586673948085e+00
6.806806806806806054e-02	5.825726525863315075e+00	-4.982546353477092183e+00
6.906906906906906674e-02	4.569727596890556853e+00	-3.743868615927013366e+00
7.007007007007007293e-02	3.690515705884110265e+00	-2.882794571810303630e+00
7.107107107107106525e-02	4.864562018001720389e+00	-4.075777450569089133e+00
7.207207207207207145e-02	3.248567363570309396e+00	-2.479499356995992443e+00
7.307307307307307764e-02	7.338711213227509411e+00	-6.590120264892519231e+00
7.407407407407406996e-02	4.671887069299336837e+00	-3.944513427726287880e+00
7.507507507507507616e-02	6.680628617731221297e+00	-5.975191550585268629e+00
7.607607607607608236e-02	6.812577915054180977e+00	-6.129774997890992339e+00
7.707707707707707467e-02	6.183369690517569239e+00	-5.523876116981672801e+00
7.807807807807808087e-02	5.730294864983561887e+00	-5.094762779139177411e+00
7.907907907907907319e-02	4.834103316182272181e+00	-4.223161167636849456e+00
8.008008008008007939e-02	7.244379817833246804e+00	-6.658631740291407475e+00
8.108108108108108558e-02	2.411291685928531159e+00	-1.851316899790935722e+00
8.208208208208207790e-02	3.411515575741464801e+00	-2.877867815339341995e+00
8.308308308308308410e-02	8.176601760470749269e+00	-7.669808726502476581e+00
8.408408408408407642e-02	7.390433113617778105e-01	-2.596061490729678622e-01
8.508508508508508261e-02	1.682811885817656894e-01	2.833260077951297307e-01
8.608608608608608881e-02	2.342774809521924961e+00	-1.919444153465390546e+00
8.708708708708708113e-02	6.035037941961951979e+00	-5.640402439212510721e+00
8.808808808808808732e-02	8.667696583691594014e+00	-8.302146471866375776e+00
8.908908908908909352e-02	2.851621592560722451e+00	-2.515518348018506600e+00
9.009009009009008584e-02	6.945707026120019556e+00	-6.639383006513235763e+00
9.109109109109109204e-02	2.726658897623334354e+00	-2.450417013244259756e+00
9.209209209209209823e-02	5.590633299835405801e+00	-5.344746714081555439e+00
9.309309309309309055e-02	3.576552552174205424e+00	-3.361264411429115029e+00
9.409409409409409675e-02	5.465947866985795933e+00	-5.281471060182303390e+00
9.509509509509508907e-02	4.214340012582285411e+00	-4.060856960686068717e+00
9.609609609609609526e-02	6.332594274703425619e+00	-6.210256750324968600e+00
9.709709709709710146e-02	3.959449959391493357e-01	-3.048739732525087009e-01
9.809809809809809378e-02	6.228875807055016978e+00	-6.169161342171806339e+00
9.909909909909909997e-02	5.190197623871435795e+00	-5.161898765788317078e+00
1.001001001001000923e-01	4.883570758291169156e-01	-4.915018080368528941e-01
1.011011011011010985e-01	1.167800646955665655e+01	-1.171259168236847437e+01
1.021021021021021047e-01	1.140710673268876185e+01	-1.147309822631538268e+01
1.031031031031030970e-01	3.195301154843435576e+00	-3.292633673211737833e+00
1.041041041041041032e-01	1.099985053843491833e+01	-1.112842783371678657e+01
1.051051051051051094e-01	-6.874766273527774807e-01	5.277816995652280241e-01
1.061061061061061017e-01	8.301891189090776280e+00	-8.492545834123840010e+00
1.071071071071071079e-01	9.274688951696061778e+00	-9.496114784017620991e+00
1.081081081081081141e-01	-1.154761147995589265e+00	9.027830866104640251e-01
1.091091091091091064e-01	5.710016107166047128e-01	-8.532827311905761825e-01
1.101101101101101126e-01	-1.263875643253696612e+00	9.515705990222070865e-01
1.111111111111111049e-01	2.576240484317467327e+00	-2.918260627643135763e+00
1.121121121121121111e-01	9.770785509974045269e+00	-1.014218254378161355e+01
1.131131131131131173e-01	-1.525899355139798796e+00	1.125492688971994948e+00
1.141141141141141097e-01	7.476259732402024127e+00	-7.905280086464350653e+00
1.151151151151151159e-01	2.963406866825646357e+00	-3.420616669504725316e+00
1.161161161161161082e-01	2.053728083906084301e+00	-2.538675220623571427e+00
1.171171171171171144e-01	6.771996482153904040e+00	-7.284201410107018049e+00
1.181181181181181206e-01	3.028656164898108294e+00	-3.567612387258324524e+00
1.191191191191191129e-01	1.588261702656338592e+00	-2.153436269421731275e+00
1.201201201201201191e-01	3.875873690618543588e+00	-4.466707725624501357e+00
1.211211211211211253e-01	1.041576947160436184e+01	-1.103167872517154180e+01
1.221221221221221176e-01	3.329104409142419119e+00	-3.969479835815445057e+00
1.231231231231231238e-01	-1.490667285661532837e+00	8.264589248559188750e-01
1.241241241241241300e-01	7.919720447746733782e+00	-8.607104936375844062e+00
1.251251251251251362e-01	4.734844504642477858e+00	-5.444725396936906492e+00
1.261261261261261146e-01	6.413544050644340189e+00	-7.145219376746018369e+00
1.271271271271271208e-01	-4.352481445696044560e+00	3.599735207198089704e+00
1.281281281281281270e-01	1.346489685573785344e+00	-2.119562478962502716e+00
1.291291291291291332e-01	3.014555092226215649e+00	-3.807189982967900121e+00
1.301301301301301394e-01	8.339451583979171190e+00	-9.150864770442037610e+00
1.311311311311311179e-01	2.059758584453368790e+00	-2.889147695978451225e+00
1.321321321321321240e-01	8.394587954952266173e+00	-9.241132845282326258e+00
1.331331331331331302e-01	4.577706958258612957e+00	-5.440570516544544155e+00
1.341341341341341364e-01	7.809276224868124672e+00	-8.687605203450893043e+00
1.351351351351351426e-01	8.849453673551549437e-01	-1.777871225504723318e+00
1.361361361361361211e-01	1.342880794857037374e+00	-2.249520557633926110e+00
1.371371371371371273e-01	5.644870567947942064e+00	-6.564327699338146971e+00
1.381381381381381335e-01	2.250124089885230383e+00	-3.181489379345084245e+00
1.391391391391391397e-01	1.006090649741529219e+01	-1.100325895894961015e+01
1.401401401401401459e-01	1.196337212250062620e+01	-1.291577990538507770e+01
1.411411411411411521e-01	1.705336983545799656e+00	-2.666858293792925494e+00
1.421421421421421305e-01	3.197825280591071184e+00	-4.167509312248759201e+00
1.431431431431431367e-01	6.747618210438696140e-01	-1.651649696405362189e+00
1.441441441441441429e-01	-8.520517670332132809e+00	7.537391952536428796e+00
1.451451451451451491e-01	-8.562069498698181569e-01	-1.321844407636545426e-01
1.461461461461461553e-01	9.061945830324575013e+00	-1.005462551720809472e+01
1.471471471471471337e-01	-1.692854851546554906e+00	6.968684855074506190e-01
1.481481481481481399e-01	1.083817914141043204e+01	-1.183648729968169988e+01
1.491491491491491461e-01	6.292394524193074545e+00	-7.292037291855304915e+00
1.501501501501501523e-01	4.151987234335916099e+00	-5.151976108811630262e+00
1.511511511511511585e-01	-5.135441237198221209e+00	4.136095100736239871e+00
1.521521521521521647e-01	7.531397170563311150e+00	-8.529112359759572826e+00
1.531531531531531432e-01	7.675795394887687806e+00	-8.670893040337954716e+00
1.541541541541541493e-01	3.624022278487020188e+00	-4.615518372084404852e+00
1.551551551551551555e-01	6.596750586207801526e+00	-7.583664681260961160e+00
1.561561561561561617e-01	-3.010343033673670732e+00	2.028986852920111161e+00
1.571571571571571679e-01	8.672381171024538205e+00	-9.647209017699072575e+00
1.581581581581581464e-01	8.773434637012712756e+00	-9.740770185410003279e+00
1.591591591591591526e-01	4.908638114856792356e+00	-5.867524809581442291e+00
1.601601601601601588e-01	4.948798714534045295e+00	-5.898288354888858720e+00
1.611611611611611650e-01	-8.002134870999631389e+00	7.062981193379863853e+00
1.621621621621621712e-01	-2.690136306505372055e+00	1.762247279208862594e+00
1.631631631631631496e-01	1.767177365674422518e+00	-2.682884194174592007e+00
1.641641641641641558e-01	8.690505045178662513e+00	-9.593124172847696585e+00
1.651651651651651620e-01	-2.183217342062446331e+00	1.294578475410090412e+00
1.661661661661661682e-01	7.380611352878091225e+00	-8.254391222790820493e+00
1.671671671671671744e-01	9.928107592360325029e+00	-1.078616442321601276e+01
1.681681681681681528e-01	-4.804151337217350992e+00	3.962666039917300598e+00
1.691691691691691590e-01	-5.863504392288226841e-01	-2.377312168745417953e-01
1.701701701701701652e-01	-3.978814905354763454e+00	3.172951788397093686e+00
1.711711711711711714e-01	-6.907225919294188721e-01	-9.612510344217140013e-02
1.721721721721721776e-01	-3.768716329898230022e+00	3.001662135042630908e+00
1.731731731731731838e-01	4.303887051865093127e+00	-5.050389240193145390e+00
1.741741741741741623e-01	6.142854243159139749e+00	-6.868066241919537518e+00
1.751751751751751685e-01	-3.106632595655659301e+00	2.403427916574975232e+00
1.761761761761761746e-01	4.343047340744935703e+00	-5.023549332100188280e+00
1.771771771771771808e-01	3.602601497175377254e+00	-4.259727882444565239e+00
1.781781781781781870e-01	2.262788613445884334e+00	-2.895889589372705242e+00
1.791791791791791655e-01	-4.062597588255214553e-01	-2.021897621686964408e-01
1.801801801801801717e-01	1.496831651323735191e+00	-2.080028048530008888e+00
1.811811811811811779e-01	6.458683162598921612e+00	-7.016049738860564489e+00
1.821821821821821841e-01	2.454729033808986660e+00	-2.985714633938306939e+00
1.831831831831831903e-01	1.065060672681812548e+01	-1.115468628260945039e+01
1.841841841841841965e-01	-4.649997160857140877e+00	4.173322111410714186e+00
1.851851851851851749e-01	7.020287996102260841e+00	-7.469087176302723563e+00
1.861861861861861811e-01	3.733809858119460756e+00	-4.154289371388674823e+00
1.871871871871871873e-01	-2.770337190005627281e+00	2.378593137285229364e+00
1.881881881881881935e-01	1.219553000203759341e+00	-1.582174213985426681e+00
1.891891891891891997e-01	-1.077721990806982255e+01	1.044408011332776454e+01
1.901901901901901781e-01	4.008717160380084188e+00	-4.312046108854711512e+00
1.911911911911911843e-01	-4.324482282882044615e+00	4.051264129273578263e+00
1.921921921921921905e-01	-2.579210877654030565e+00	2.336373692275443226e+00
1.931931931931931967e-01	2.994982743170899742e+00	-3.207198829353407721e+00
1.941941941941942029e-01	-6.207466861147538317e+00	6.026081725274887724e+00
1.951951951951951814e-01	-2.771478849670476752e+00	2.621104027856539620e+00
1.961961961961961876e-01	-7.908342671289237735e+00	7.789126862553063191e+00
1.971971971971971938e-01	-8.322102303121157618e+00	8.234163394710096284e+00
1.981981981981981999e-01	-1.522072583156753822e+01	1.516415078238374470e+01
1.991991991991992061e-01	-1.052565255547052736e+01	1.050049731008115117e+01
2.002002002002001846e-01	-1.630667827371667933e+00	1.636957260687734950e+00
2.012012012012011908e-01	-2.353981950532597622e+00	2.391709843211314190e+00
2.022022022022021970e-01	-9.390233100453906800e+00	9.459362145048691772e+00
2.032032032032032032e-01	-6.933054358333900602e+00	7.033516196186068825e+00
2.042042042042042094e-01	-6.858359474361634511e+00	6.990054763197258048e+00
2.052052052052052156e-01	4.987942979402444799e+00	-4.825144467237350909e+00
2.062062062062061940e-01	-3.464577401175238602e+00	3.658318152412135316e+00
2.072072072072072002e-01	2.681957724215682237e-01	-4.370436378399622512e-02
2.082082082082082064e-01	-4.903839046853214256e+00	5.158859123253524359e+00
2.092092092092092126e-01	-3.068998044380952805e+00	3.354294610455002434e+00
2.102102102102102188e-01	-8.179653550037309984e+00	8.494944488612812705e+00
2.112112112112111972e-01	-4.840524786772335553e+00	5.185498320566925834e+00
2.122122122122122034e-01	-7.321069299399358243e+00	7.695384299323377419e+00
2.132132132132132096e-01	-6.044995297010390400e-01	1.007785852185019593e+00
2.142142142142142158e-01	1.508524401424273131e+00	-1.076665548410976170e+00
2.152152152152152220e-01	-1.287981597669950018e+00	1.747985935068560703e+00
2.162162162162162282e-01	-3.504065541172729503e+00	3.991760484986364155e+00
2.172172172172172067e-01	-5.620559843212495466e+00	6.135463133453307627e+00
2.182182182182182129e-01	-1.523813876870416451e+01	1.577974124025235447e+01
2.192192192192192191e-01	-2.980989520760860767e+00	3.548755606855568345e+00
2.202202202202202252e-01	1.772644105551411720e+00	-1.179275843713791350e+00
2.212212212212212314e-01	-1.721670454240956438e+00	2.340054136157172060e+00
2.222222222222222099e-01	-1.322646138257066450e+00	1.965433747943604814e+00
2.232232232232232161e-01	-6.699323353684906834e+00	7.365879266867278119e+00
2.242242242242242223e-01	3.703716767628289386e+00	-3.014051678650027988e+00
2.252252252252252285e-01	-4.874076883188848797e+00	5.586169168619874448e+00
2.262262262262262347e-01	-5.321423487878212732e+00	6.055238813154940836e+00
2.272272272272272131e-01	-5.870789538127273666e+00	6.625602265688072201e+00
2.282282282282282193e-01	-1.607689300834664881e+00	2.382753029714266280e+00
2.292292292292292255e-01	-3.677735753622275894e+00	4.472284057534719359e+00
2.302302302302302317e-01	2.742666554620996955e+00	-1.929419369397263884e+00
2.312312312312312379e-01	-2.328450810021485573e+00	3.159592692337178654e+00
2.322322322322322163e-01	-2.013006791372353277e+00	2.861221491285155238e+00
2.332332332332332225e-01	-7.126906365785025343e+00	7.991355121244890114e+00
2.342342342342342287e-01	1.190268883140241263e+00	-3.104408873238121425e-01
2.352352352352352349e-01	-9.221597145120428607e+00	1.011593435825145626e+01
2.362362362362362411e-01	-1.282818226734393718e+01	1.373614432722348333e+01
2.372372372372372473e-01	5.931259429163461938e+00	-5.010570366110599139e+00
2.382382382382382258e-01	-7.310597887343860179e+00	8.243103524823567341e+00
2.392392392392392320e-01	-8.344830225419340053e+00	9.288230323690921608e+00
2.402402402402402382e-01	-1.254658482910776973e+00	2.208020155288206166e+00
2.412412412412412444e-01	-2.549955137310399245e+00	3.512335646547032564e+00
2.422422422422422505e-01	-3.991660493923681052e+00	4.962108184443478009e+00
2.432432432432432290e-01	-3.449314727466711972e+00	4.426869966414398228e+00
2.442442442442442352e-01	-3.360822304838339214e+00	4.344518431017949212e+00
2.452452452452452414e-01	3.948677980779793373e+00	-2.959813701016357435e+00
2.462462462462462476e-01	-1.094457790325609992e+01	1.193763249239646740e+01
2.472472472472472538e-01	-1.021562484116168257e+01	1.121188775186023712e+01
2.482482482482482600e-01	-1.546841999305128001e-01	1.153170271801035263e+00
2.492492492492492384e-01	3.456519655804014768e+00	-2.456797781533626157e+00
2.502502502502502724e-01	-7.067049162478487467e+00	8.067018258346234205e+00
2.512512512512512508e-01	-1.188194428065877828e+00	2.187421920261957364e+00
2.522522522522522292e-01	-4.963017207165631994e+00	5.960515003760131769e+00
2.532532532532532632e-01	-2.333157238629414820e+00	3.327938958112000023e+00
2.542542542542542416e-01	-7.511413346478223119e+00	8.502495293147243061e+00
2.552552552552552756e-01	-7.072057566976411636e+00	8.058459703672125940e+00
2.562562562562562540e-01	6.417641019654498624e-01	3.389828152545899531e-01
2.572572572572572325e-01	4.153838732882644713e+00	-3.179716852443908337e+00
2.582582582582582664e-01	5.014816975804365029e+00	-4.048283398246323550e+00
2.592592592592592449e-01	-6.375718707865138057e+00	7.333708220180627180e+00
2.602602602602602788e-01	3.102242416689957594e+00	-2.153744283130162529e+00
2.612612612612612573e-01	-7.687661688827759354e-01	1.706834995778942154e+00
2.622622622622622357e-01	7.673850567781159704e-02	8.499733997274737662e-01
2.632632632632632697e-01	-2.797511123465000527e+00	3.711949722910166560e+00
2.642642642642642481e-01	7.035226123170488677e+00	-6.133965077624544016e+00
2.652652652652652820e-01	-4.128750743026420089e+00	5.015943017435024132e+00
2.662662662662662605e-01	-5.646232119875697286e+00	6.518478317895183949e+00
2.672672672672672389e-01	-3.132309853131945321e+00	3.988747449025292102e+00
2.682682682682682729e-01	-8.511567779968939318e-01	1.690938878455433336e+00
2.692692692692692513e-01	-2.843403199340374776e+00	3.665699380939184682e+00
2.702702702702702853e-01	-3.988773936048360280e+00	4.792771066415300929e+00
2.712712712712712637e-01	1.256261715479825014e+01	-1.177771411291184478e+01
2.722722722722722422e-01	-1.258160456480877620e+01	1.334663736226666764e+01
2.732732732732732761e-01	-3.821975515793737621e+00	4.566381561682156587e+00
2.742742742742742545e-01	2.056538342945289255e+00	-1.333495158883779119e+00
2.752752752752752885e-01	6.420302559704620382e-01	5.893508079713494219e-02
2.762762762762762669e-01	-3.799225851205498827e+00	4.477420187020165976e+00
2.772772772772773009e-01	-4.202935894166527908e-01	1.075046287856386895e+00
2.782782782782782793e-01	9.733653671953756970e+00	-9.102990066911200273e+00
2.792792792792792578e-01	-1.192027109685036024e+01	1.252622197311390906e+01
2.802802802802802917e-01	-2.136508612411837371e-01	7.942898106697890981e-01
2.812812812812812702e-01	-5.867390786965783533e+00	6.422143641349901344e+00
2.822822822822823041e-01	3.590693815879991035e+00	-3.062375627133940181e+00
2.832832832832832826e-01	-7.742617861282436564e+00	8.243978953870042758e+00
2.842842842842842610e-01	-9.349887174806570389e-01	1.408896940071100667e+00
2.852852852852852950e-01	-2.238445865727253015e+00	2.684432591412329039e+00
2.862862862862862734e-01	6.701049513830034776e+00	-6.283425301623568160e+00
2.872872872872873073e-01	-5.001429627812400192e+00	5.390278356403787718e+00
2.882882882882882858e-01	-1.943197715764188871e+00	2.302886445408725891e+00
2.892892892892892642e-01	-4.572801011822781980e+00	4.902974062223619534e+00
2.902902902902902982e-01	5.798887928094816679e+00	-5.498557050483065645e+00
2.912912912912912766e-01	4.969991691171659731e+00	-4.699799970287877215e+00
2.922922922922923106e-01	-9.514218515142406574e+00	9.754003898640142722e+00
2.932932932932932890e-01	8.572507574434309774e+00	-8.363365641496741887e+00
2.942942942942942675e-01	3.686239555256971556e+00	-3.507947884098994162e+00
2.952952952952953014e-01	-2.916955285982997026e+00	3.064220390603137556e+00
2.962962962962962798e-01	3.254716513670368183e+00	-3.138623599545137033e+00
2.972972972972973138e-01	5.362879633705683879e-01	-4.514820388950586683e-01
2.982982982982982922e-01	5.800064390174117790e+00	-5.746629316181060432e+00
2.992992992992992707e-01	1.938102185716435999e+00	-1.916090801790206744e+00
3.003003003003003046e-01	1.090711923409327611e+01	-1.091655330631917309e+01
3.013013013013012831e-01	-4.738434507573605181e+00	4.697564308132895050e+00
3.023023023023023170e-01	4.911578660984246447e+00	-4.983844572904834180e+00
3.033033033033032955e-01	8.249019999303163431e+00	-8.352610163135402388e+00
3.043043043043043294e-01	8.758701369937192949e-01	-1.010682117000303082e+00
3.053053053053053079e-01	6.968915504702166253e+00	-7.134815991270879287e+00
3.063063063063062863e-01	1.136889306717139725e+01	-1.156571800863910049e+01
3.073073073073073203e-01	1.141300044002084846e+01	-1.164055520489693052e+01
3.083083083083082987e-01	3.868971029415710361e-01	-6.449566723704200921e-01
3.093093093093093326e-01	4.979915939919253631e+00	-5.268225130191476424e+00
3.103103103103103111e-01	4.794234755727886821e+00	-5.112508470620194423e+00
3.113113113113112895e-01	-1.304098568229373756e+00	9.561750555350901903e-01
3.123123123123123235e-01	1.023550666196851289e+01	-1.061273592627128259e+01
3.133133133133133019e-01	7.938510386486679948e+00	-8.344672377041151279e+00
3.143143143143143359e-01	5.865516805647661869e+00	-6.300209886802058179e+00
3.153153153153153143e-01	3.461429646372163216e+00	-3.924223969339461160e+00
3.163163163163162928e-01	4.317833332651061617e+00	-4.808271260567481775e+00
3.173173173173173267e-01	5.261760894564486257e+00	-5.779357455026364221e+00
3.183183183183183051e-01	4.255751804314349407e+00	-4.799995168945928370e+00
3.193193193193193391e-01	4.545369278220846354e+00	-5.115721268798747445e+00
3.203203203203203175e-01	7.572880826036743507e+00	-8.168777446670642206e+00
3.213213213213212960e-01	7.959930546716985411e+00	-8.580782541560228793e+00
3.223223223223223299e-01	2.090548696836534326e+00	-2.735742132775226931e+00
3.233233233233233084e-01	8.300374641810584819e+00	-8.969271515554924079e+00
3.243243243243243423e-01	9.506723439192214187e+00	-1.019866230816976049e+01
3.253253253253253208e-01	5.139162521860292543e+00	-5.853459158287313002e+00
3.263263263263262992e-01	4.025724523554026213e+00	-4.761672591038128566e+00
3.273273273273273332e-01	-8.569321309588580959e+00	7.812449557583589055e+00
3.283283283283283116e-01	7.349434404737574589e+00	-8.126481404219862981e+00
3.293293293293293456e-01	-1.469667017744742177e+00	6.732131582398125369e-01
3.303303303303303240e-01	-2.298048174053601844e-01	-5.852683240809016807e-01
3.313313313313313024e-01	1.019231503836411967e+01	-1.102520147200489120e+01
3.323323323323323364e-01	-3.211988878570506967e-02	-8.177562324049812981e-01
3.333333333333333148e-01	1.016901397960067577e+01	-1.103503938338511325e+01
3.343343343343343488e-01	1.767925246507357429e+01	-1.856057077718338277e+01
3.353353353353353272e-01	2.137383729292612888e-01	-1.109478096614516129e+00
3.363363363363363057e-01	1.242882205534800732e+01	-1.333809743316189511e+01
3.373373373373373396e-01	7.804205193988273948e-01	-1.702332409084052145e+00
3.383383383383383181e-01	6.849763367936462011e+00	-7.783400131547308476e+00
3.393393393393393520e-01	-5.470942348519279186e+00	4.526503943138449948e+00
3.403403403403403304e-01	-2.189247265447038959e+00	1.234941131718290563e+00
3.413413413413413644e-01	5.873994098006704689e+00	-6.837224288900617175e+00
3.423423423423423428e-01	7.014138008280452752e+00	-7.985339760550829169e+00
3.433433433433433213e-01	9.599975350970931132e+00	-1.057818828610414030e+01
3.443443443443443552e-01	5.325574463529475722e+00	-6.309831269962844047e+00
3.453453453453453337e-01	4.463929898537712937e+00	-5.453257288191206698e+00
3.463463463463463676e-01	4.916792565440182727e+00	-5.910212236157993182e+00
3.473473473473473461e-01	2.017250536529870963e+00	-3.013780139480207509e+00
3.483483483483483245e-01	-9.781039967602533913e-02	-9.008437114004310686e-01
3.493493493493493585e-01	1.288555933572524959e+00	-2.288347027836451275e+00
3.503503503503503369e-01	7.118805961653120740e+00	-8.118745389853414096e+00
3.513513513513513709e-01	1.044855859264673548e+01	-1.144765755885141623e+01
3.523523523523523493e-01	-4.859451295261556503e+00	3.862180755888723560e+00
3.533533533533533277e-01	6.090378048907772346e+00	-7.084834004663050244e+00
3.543543543543543617e-01	5.536234108220186911e+00	-6.526892106789619064e+00
3.553553553553553401e-01	4.525790696998124751e+00	-5.511671120445520877e+00
3.563563563563563741e-01	1.142643522743933637e+01	-1.240656318216151277e+01
3.573573573573573525e-01	3.777958267325773001e+00	-4.751364548081776107e+00
3.583583583583583310e-01	3.787369946323031034e+00	-4.753091994638386275e+00
3.593593593593593649e-01	-1.722147063383028254e+00	7.650642073847574443e-01
3.603603603603603434e-01	-2.247617295306784335e+00	1.300120048586354216e+00
3.613613613613613773e-01	1.647613429255318618e+00	-2.584588128522756545e+00
3.623623623623623557e-01	-3.391722674170136287e+00	2.466197055248458003e+00
3.633633633633633342e-01	-1.718058585768991731e-01	-7.413554685960843660e-01
3.643643643643643681e-01	1.346112924584231152e+00	-2.246006975107549763e+00
3.653653653653653466e-01	1.218071649365771725e-01	-1.007544073333107360e+00
3.663663663663663805e-01	1.923352553995302916e+00	-2.794056454160430469e+00
3.673673673673673590e-01	2.935941517876951679e+00	-3.790751409183878540e+00
3.683683683683683929e-01	2.269141171813795932e+00	-3.107211770519022309e+00
3.693693693693693714e-01	6.652334418049793641e+00	-7.472836993156882102e+00
3.703703703703703498e-01	-9.706881455524312141e-01	1.685649527973870354e-01
3.713713713713713838e-01	5.641655598307947272e+00	-6.424606224516410613e+00
3.723723723723723622e-01	-4.257909049651419586e+00	3.494905215279892285e+00
3.733733733733733962e-01	1.337859443014861371e+00	-2.080161984760470428e+00
3.743743743743743746e-01	-4.593023666225141133e-01	-2.615648523020718264e-01
3.753753753753753530e-01	-2.791766981004113912e+00	2.093047918651745665e+00
3.763763763763763870e-01	-3.407989898703743581e+00	2.732109925341063672e+00
3.773773773773773654e-01	7.891390193312706636e+00	-8.543762729834497804e+00
3.783783783783783994e-01	4.912964417827488384e-01	-1.119516439078391379e+00
3.793793793793793778e-01	-5.256116735790485883e+00	4.652670496727060012e+00
3.803803803803803563e-01	8.283126364226671257e+00	-8.861202123727043301e+00
3.813813813813813902e-01	-2.721195843620439980e+00	2.169062197267370262e+00
3.823823823823823687e-01	1.107145711515887676e+01	-1.159710266779019783e+01
3.833833833833834026e-01	4.212851584458354282e+00	-4.711489255699346401e+00
3.843843843843843811e-01	-1.728696047540832170e+00	1.257559338457813869e+00
3.853853853853853595e-01	6.877097729154979966e+00	-7.320267589799107633e+00
3.863863863863863934e-01	2.971293123294706184e+00	-3.386057904400113117e+00
3.873873873873873719e-01	5.068213603083742136e+00	-5.454163162079072258e+00
3.883883883883884058e-01	-1.164587629558683446e+01	1.128912360717260377e+01
3.893893893893893843e-01	-3.772320750353267194e+00	3.445117709495495006e+00
3.903903903903903627e-01	-6.011421674757991163e+00	5.714091838090817888e+00
3.913913913913913967e-01	-1.900365340964481176e+00	1.633202724829959429e+00
3.923923923923923751e-01	-1.321412132527240102e+00	1.084680922235558675e+00
3.933933933933934091e-01	5.130251786762430655e+00	-5.336317498174122598e+00
3.943943943943943875e-01	-1.988910873474089236e+00	1.813714430222219010e+00
3.953953953953953659e-01	2.470776305913887638e-01	-3.912315616593480261e-01
3.963963963963963999e-01	-8.293377059383256977e+00	8.180408187954183674e+00
3.973973973973973783e-01	-9.890720605974511415e+00	9.809048504111304467e+00
3.983983983983984123e-01	-1.148754254549817766e+01	1.143724797513481128e+01
3.993993993993993907e-01	-8.172445198414379774e+00	8.153577893629913476e+00
4.004004004004003692e-01	-6.520923797360173024e-01	6.646709975747568944e-01
4.014014014014014031e-01	1.741374940175274943e+00	-1.697362838152894460e+00
4.024024024024023816e-01	-8.119542855071479437e+00	8.194944919653879722e+00
4.034034034034034155e-01	-5.925633665882868328e+00	6.032351131254226395e+00
4.044044044044043940e-01	4.983037575774503125e+00	-4.845110237801850239e+00
4.054054054054054279e-01	-6.211777829221783342e+00	6.380778649543632497e+00
4.064064064064064064e-01	-8.706424101482475919e+00	8.906331286707279915e+00
4.074074074074073848e-01	-4.362072887652511888e+00	4.592688758394951165e+00
4.084084084084084187e-01	-3.001653162167996047e+00	3.262749672580084859e+00
4.094094094094093972e-01	1.306622387620827164e-01	1.606567245134636890e-01
4.104104104104104311e-01	3.523109877683494595e+00	-3.201856533999351218e+00
4.114114114114114096e-01	-8.353228730602364038e+00	8.704098781453694755e+00
4.124124124124123880e-01	-2.269744148271816364e+00	2.649883946395411360e+00
4.134134134134134220e-01	-3.043425575624494783e+00	3.452459217565241101e+00
4.144144144144144004e-01	-1.343237030276593380e+01	1.386989331322283725e+01
4.154154154154154344e-01	-7.832255653705325393e+00	8.297835385499283234e+00
4.164164164164164128e-01	-6.103461601812542270e+00	6.596637663712016320e+00
4.174174174174173912e-01	-4.842849901744568974e+00	5.363134613726147748e+00
4.184184184184184252e-01	-1.179842028893508932e+01	1.234529916442871667e+01
4.194194194194194036e-01	-1.258970607949789411e+01	1.316263833413991335e+01
4.204204204204204376e-01	-8.103712018730034217e+00	8.702131105120962218e+00
4.214214214214214160e-01	-6.310503106644759441e+00	6.933817274582975365e+00
4.224224224224223945e-01	7.543090931031364299e+00	-6.895498049393970597e+00
4.234234234234234284e-01	-4.628274615247406132e+00	5.299505834588308595e+00
4.244244244244244069e-01	-3.438297575819101670e+00	4.132503381959823585e+00
4.254254254254254408e-01	-4.546149482482300108e+00	5.262643405965083510e+00
4.264264264264264193e-01	-8.792199827571028692e+00	9.530273359203366823e+00
4.274274274274273977e-01	1.045081580969124246e+01	-9.691892518223154340e+00
4.284284284284284317e-01	-1.373699375516943988e+00	2.152721961100434456e+00
4.294294294294294101e-01	-5.556916895653014166e+00	6.355268434327419946e+00
4.304304304304304440e-01	-1.716414162895189888e+00	2.533305200088094900e+00
4.314314314314314225e-01	3.049229969359451342e+00	-2.214607221111633883e+00
4.324324324324324564e-01	-9.099242737144740190e+00	9.950771874878052259e+00
4.334334334334334349e-01	-5.816687553986843007e+00	6.684281041654444699e+00
4.344344344344344133e-01	8.970946304318887510e-01	-1.429471770726975510e-02
4.354354354354354473e-01	-5.706293522861729528e+00	6.603426898804043432e+00
4.364364364364364257e-01	-8.391992518061448081e+00	9.302572221653482742e+00
4.374374374374374597e-01	-3.909413398862762179e+00	4.832538998057074764e+00
4.384384384384384381e-01	-7.975844201306311554e+00	8.910602857973461965e+00
4.394394394394394165e-01	-4.306330239417448524e+00	5.251797612011311678e+00
4.404404404404404505e-01	-1.879636256376022274e+00	2.834877413974309146e+00
4.414414414414414289e-01	2.041638108144891550e+00	-1.077567761328741103e+00
4.424424424424424629e-01	-3.708417622726758012e+00	4.680363832178992212e+00
4.434434434434434413e-01	-5.362889313334642694e+00	6.341750270748503837e+00
4.444444444444444198e-01	-9.093910875113817127e+00	1.007871862812602437e+01
4.454454454454454537e-01	-3.857464048512275756e+00	4.847244764236059211e+00
4.464464464464464322e-01	-6.879229903702945847e+00	7.873004831708369622e+00
4.474474474474474661e-01	1.032201664958528609e+00	-3.541522480149428276e-02
4.484484484484484446e-01	-8.709507693655776928e-03	1.007521781920925008e+00
4.494494494494494230e-01	-3.533446477763987570e+00	4.533296904722288190e+00
4.504504504504504570e-01	1.451732164171034345e+00	-4.518322924042854627e-01
4.514514514514514354e-01	-8.557169836716427724e+00	9.556130396475255750e+00
4.524524524524524693e-01	-6.021276043833018399e+00	7.018309463611708487e+00
4.534534534534534478e-01	-4.792415753983873650e+00	5.786536111473813193e+00
4.544544544544544262e-01	-4.997583870507864567e+00	5.987808123999062815e+00
4.554554554554554602e-01	-1.353467297725381968e+01	1.452002193772143634e+01
4.564564564564564386e-01	1.221867811188256936e-01	8.573125182622909346e-01
4.574574574574574726e-01	9.057299597286371906e+00	-8.084618542583211109e+00
4.584584584584584510e-01	-3.752893486973258863e+00	4.717794455667998044e+00
4.594594594594594295e-01	-2.141740968584317617e+00	3.097907703323568906e+00
4.604604604604604634e-01	3.559774157928510263e-01	5.905095739420013201e-01
4.614614614614614418e-01	2.669137598527393962e+00	-1.733266292973581368e+00
4.624624624624624758e-01	-1.804342407349187050e-01	1.104764420312227324e+00
4.634634634634634542e-01	-3.490320777593678425e+00	4.402195801908712625e+00
4.644644644644644327e-01	2.248697025680128081e-01	6.736484535518554306e-01
4.654654654654654666e-01	-1.486938239801494532e+01	1.575365518102372242e+01
4.664664664664664451e-01	3.437399502991669298e+00	-2.568246511389669529e+00
4.674674674674674790e-01	2.556130599742285625e+00	-1.702956866548893000e+00
4.684684684684684575e-01	1.033250949115215356e+01	-9.496158682186376154e+00
4.694694694694694914e-01	-3.293730513182508979e+00	4.112431367548337491e+00
4.704704704704704699e-01	8.734004007795638458e+00	-7.933762685141606319e+00
4.714714714714714483e-01	7.676149283106004084e-01	1.337553933531832051e-02
4.724724724724724823e-01	-4.005454667020695858e-01	1.161512792363737168e+00
4.734734734734734607e-01	2.085748134136881315e+00	-1.345556437434936914e+00
4.744744744744744946e-01	-1.064352564626906705e+01	1.136220977113760533e+01
4.754754754754754731e-01	-6.165945407270317702e+00	6.862411285319540255e+00
4.764764764764764515e-01	-7.688771520209049193e+00	8.362330447095915886e+00
4.774774774774774855e-01	4.076522606215951861e+00	-3.426536683162304975e+00
4.784784784784784639e-01	-6.459744573234925902e+00	7.085514750086733038e+00
4.794794794794794979e-01	-2.889606416343813322e+00	3.490542050506936000e+00
4.804804804804804763e-01	-4.430181182353999603e+00	5.005688035123890600e+00
4.814814814814814548e-01	-5.434111621191411778e+00	5.983620599262218676e+00
4.824824824824824887e-01	5.338393908831755574e+00	-4.815426190615951896e+00
4.834834834834834671e-01	2.771444603230254877e+00	-2.275535284545864734e+00
4.844844844844845011e-01	-3.863002274246671419e+00	4.331362810579332034e+00
4.854854854854854795e-01	1.484942781871752615e+01	-1.440907920578290735e+01
4.864864864864864580e-01	-7.032233426997597014e+00	7.444134675241590671e+00
4.874874874874874919e-01	-1.571691712046940026e+00	1.954738284650108904e+00
4.884884884884884704e-01	1.746528895572333262e+00	-1.392715776445993647e+00
4.894894894894895043e-01	5.643199073271223387e-01	-2.400901118427506975e-01
4.904904904904904828e-01	6.864290734384491444e+00	-6.569964879065208763e+00
4.914914914914914612e-01	3.434817124871492044e+00	-3.170686255554883815e+00
4.924924924924924952e-01	-3.931067855307210035e+00	4.164742551271462645e+00
4.934934934934934736e-01	-4.289510337028473508e+00	4.492497789055236446e+00
4.944944944944945076e-01	-1.128951015859326823e+01	1.146160964135743754e+01
4.954954954954954860e-01	4.043259475211813836e+00	-3.902218143286893426e+00
4.964964964964965199e-01	7.286088756621866835e+00	-7.176245045079365781e+00
4.974974974974974984e-01	6.586968982803298012e+00	-6.508431511237628087e+00
4.984984984984984768e-01	9.359476981524370132e+00	-9.312323412172062831e+00
4.994994994994995108e-01	4.120791038301362619e+00	-4.105067999244321975e+00
5.005005005005005447e-01	1.653412751752066479e+00	-1.669135790809107789e+00
5.015015015015015232e-01	3.782978993231607578e+00	-3.830132562583913991e+00
5.025025025025025016e-01	-1.875560436442822887e+00	1.797022964877154072e+00
5.035035035035034801e-01	5.159620978223824928e+00	-5.269464689766324206e+00
5.045045045045044585e-01	5.728517423306021428e+00	-5.869558755230938729e+00
5.055055055055055480e-01	6.860584992323587095e+00	-7.032684475087756404e+00
5.065065065065065264e-01	1.217492645871568691e+01	-1.237791391074244807e+01
5.075075075075075048e-01	1.180597645374144555e+01	-1.203965114970569594e+01
5.085085085085084833e-01	9.677247450819860930e+00	-9.941378320136466940e+00
5.095095095095094617e-01	-3.513240522011559452e+00	3.218914666692278548e+00
5.105105105105105512e-01	-6.817995648881545190e-01	3.575697694037823227e-01
5.115115115115115296e-01	-3.212175743336164402e+00	2.858362624209825675e+00
5.125125125125125081e-01	1.111092385840193408e+01	-1.149397043100510096e+01
5.135135135135134865e-01	1.428817967479201911e+01	-1.470008092303600833e+01
5.145145145145144649e-01	7.169624758038676049e+00	-7.609973370973293960e+00
5.155155155155155544e-01	2.924462145038496885e+00	-3.392822681371158389e+00
5.165165165165165329e-01	1.376517811044628115e+00	-1.872427129729016926e+00
5.175175175175175113e-01	-1.538190142005122940e+00	1.015222423789322370e+00
5.185185185185184897e-01	2.449455425946541087e+00	-2.998964404017347096e+00
5.195195195195194682e-01	-5.507823531215719548e+00	4.932316678445831215e+00
5.205205205205205576e-01	5.072242186841219969e+00	-5.673177821004343535e+00
5.215215215215215361e-01	8.775859786875953361e+00	-9.401629963727758721e+00
5.225225225225225145e-01	1.274671754519189903e+01	-1.339670346824554414e+01
5.235235235235234930e-01	8.530115730892543269e+00	-9.203674657779409074e+00
5.245245245245244714e-01	2.516870102899996020e+00	-3.213335980949216353e+00
5.255255255255255609e-01	8.408295165268855342e+00	-9.126979290137393619e+00
5.265265265265265393e-01	-1.243808908287632020e+00	5.036172115856895060e-01
5.275275275275275177e-01	-3.746698056006769306e+00	2.985730730345101502e+00
5.285285285285284962e-01	1.625046144269444781e+01	-1.703145191034036543e+01
5.295295295295294746e-01	-9.487725636085202474e-01	1.485312409544896628e-01
5.305305305305305641e-01	1.546907097650868934e+01	-1.628777183087451874e+01
5.315315315315315425e-01	1.579658739781989896e+00	-2.416009548747764857e+00
5.325325325325325210e-01	-2.418357456535793926e+00	1.565183723342401079e+00
5.335335335335334994e-01	3.998003106776051752e+00	-4.867156098378050189e+00
5.345345345345344779e-01	1.079003319324323762e+01	-1.167430597625201472e+01
5.355355355355355673e-01	6.789699176476884368e+00	-7.688217332596750886e+00
5.365365365365365458e-01	4.752074364640701098e+00	-5.663949388955735742e+00
5.375375375375375242e-01	4.470952969880384487e+00	-5.395283149457692495e+00
5.385385385385385026e-01	4.822318827921519890e+00	-5.758190133475331152e+00
5.395395395395394811e-01	4.363332851245132815e+00	-5.309819840979984384e+00
5.405405405405405705e-01	2.578955085474960107e+00	-3.535121820214210508e+00
5.415415415415415490e-01	9.899052473869353719e+00	-1.086395344256409246e+01
5.425425425425425274e-01	4.435541543205702375e+00	-5.408222597908862284e+00
5.435435435435435059e-01	-4.898579520339086280e+00	3.919080220957970262e+00
5.445445445445444843e-01	4.927373504989528641e+00	-5.912722465457144416e+00
5.455455455455455738e-01	5.139571375787481244e+00	-6.129795629278680380e+00
5.465465465465465522e-01	-2.803334837445870420e+00	1.809214479955931099e+00
5.475475475475475307e-01	1.654164027665376935e+01	-1.753867369643246121e+01
5.485485485485485091e-01	-3.327129981064346431e+00	2.328169421305519293e+00
5.495495495495495986e-01	6.199425255711061844e+00	-7.199325127477810504e+00
5.505505505505505770e-01	1.998136967340407022e+00	-2.997987394298707642e+00
5.515515515515515554e-01	2.134184701208227342e+00	-3.132996975435496267e+00
5.525525525525525339e-01	-2.589054167563096698e+00	1.592267727406062150e+00
5.535535535535535123e-01	4.155492356165799706e+00	-5.149267284171224368e+00
5.545545545545546018e-01	6.014314886956605655e+00	-7.004095602680388666e+00
5.555555555555555802e-01	-4.153761909965595578e+00	3.168954156953387447e+00
5.565565565565565587e-01	1.499273765246582535e+01	-1.597159860987968649e+01
5.575575575575575371e-01	1.864757453320590841e+00	-2.836703662772825041e+00
5.585585585585585155e-01	8.884968899627921246e+00	-9.849039246444073470e+00
5.595595595595596050e-01	5.698375346736912483e+00	-6.653616504335198911e+00
5.605605605605605835e-01	-8.921650912480512119e+00	7.976183539886648965e+00
5.615615615615615619e-01	2.048025477241412595e+00	-2.982784133908563895e+00
5.625625625625625403e-01	6.949657220313103512e-01	-1.618091321225623602e+00
5.635635635635635188e-01	1.094942342139978386e+01	-1.186000312499182030e+01
5.645645645645646082e-01	5.062497487520893458e+00	-5.959630863463207362e+00
5.655655655655655867e-01	-4.887990180088208625e-02	-8.339200109237375758e-01
5.665665665665665651e-01	-7.826242085419204964e-01	-8.496927912568152941e-02
5.675675675675675436e-01	-2.189734669721998817e+00	1.338205531988685859e+00
5.685685685685685220e-01	7.054326173937195410e-01	-1.540055365641537444e+00
5.695695695695696115e-01	-2.074259929023259286e+00	1.257368891830354496e+00
5.705705705705705899e-01	-1.675477027974456190e+00	8.771254893000500763e-01
5.715715715715715683e-01	1.000501308334755990e+01	-1.078403566893105214e+01
5.725725725725725468e-01	2.393929408006237325e-01	-9.983162322687124668e-01
5.735735735735735252e-01	-3.899376064904782613e+00	3.161302533272442705e+00
5.745745745745746147e-01	-2.888942478760127219e+00	2.172448555277344262e+00
5.755755755755755931e-01	2.014879428066120415e+00	-2.709085234206843662e+00
5.765765765765765716e-01	4.105357605277201394e+00	-4.776588824618105633e+00
5.775775775775775500e-01	5.316626253329491014e+00	-5.964219134966885605e+00
5.785785785785785285e-01	-1.144148588541970546e-01	-5.088993090840210343e-01
5.795795795795796179e-01	-6.768771905316057769e+00	6.170352818925131544e+00
5.805805805805805964e-01	9.164155378169214217e+00	-9.737087632811235238e+00
5.815815815815815748e-01	2.345634719750592012e+00	-2.892513595244218916e+00
5.825825825825825532e-01	4.600821098996168423e+00	-5.121105810977748085e+00
5.835835835835835317e-01	-5.553938478408331214e+00	5.060762416508854500e+00
5.845845845845846211e-01	1.542498763420538488e+00	-2.008078495214495884e+00
5.855855855855855996e-01	5.568939545964601834e-01	-9.944169650533660754e-01
5.865865865865865780e-01	-9.739519471368255354e-01	5.649183051960798840e-01
5.875875875875875565e-01	-4.634893910025795982e+00	4.254754111902197877e+00
5.885885885885885349e-01	-4.314252513943883649e-02	-3.077275257118942120e-01
5.895895895895896244e-01	1.372861499467593660e+01	-1.404986833836008131e+01
5.905905905905906028e-01	-5.657428200091558779e+00	5.366109236816012817e+00
5.915915915915915813e-01	-5.215449827409332606e+00	4.954353316997243795e+00
5.925925925925925597e-01	-1.936415064838928002e+00	1.705799194096486282e+00
5.935935935935935381e-01	2.411866040091764418e+00	-2.611773225316571967e+00
5.945945945945946276e-01	-5.465753490832190309e+00	5.296752670510340266e+00
5.955955955955956060e-01	-5.749578417558125487e+00	5.611651079585472601e+00
5.965965965965965845e-01	-1.085669618646252443e+00	9.789521532748929333e-01
5.975975975975975629e-01	-2.607686344936352540e+00	2.532284280353948702e+00
5.985985985985985414e-01	8.427849057038717673e-01	-8.867970077262570250e-01
5.995995995995996308e-01	-3.436414094578696066e+00	3.423835476739956807e+00
6.006006006006006093e-01	3.643095195179851586e+00	-3.624227890395383955e+00
6.016016016016015877e-01	-6.854836718678682494e+00	6.905131289042047982e+00
6.026026026026025662e-01	3.928648470034424856e-01	-3.111927451402383693e-01
6.036036036036035446e-01	-6.011035778495884330e+00	6.124004649924953192e+00
6.046046046046046341e-01	2.329033764774939286e+00	-2.184879833706979468e+00
6.056056056056056125e-01	-1.937668315624882398e+00	2.112864758876751292e+00
6.066066066066065909e-01	-4.521664560366532193e+00	4.727730271778223248e+00
6.076076076076075694e-01	3.646106941511995103e+00	-3.409375731220318340e+00
6.086086086086086588e-01	-6.098493138101161115e+00	6.365655754235681307e+00
6.096096096096096373e-01	-3.492715145508240138e+00	3.790044982175413413e+00
6.106106106106106157e-01	3.560237677161390835e+00	-3.233034636303619536e+00
6.116116116116115942e-01	9.513924016755761492e-01	-5.946397132613461256e-01
6.126126126126125726e-01	-9.358614482294591141e+00	9.744564041289915934e+00
6.136136136136136621e-01	-1.078108987163496302e+01	1.119585465274037261e+01
6.146146146146146405e-01	-4.849913833812061981e+00	5.293083694456188759e+00
6.156156156156156189e-01	-7.816313230864522232e+00	8.287449939947538979e+00
6.166166166166165974e-01	-6.930558513336404047e+00	7.429196184577393502e+00
6.176176176176175758e-01	-7.460588919780987815e+00	7.986234472412307994e+00
6.186186186186186653e-01	-1.227062899857969391e+01	1.282276264493276585e+01
6.196196196196196437e-01	2.416374766970458943e+00	-1.838299007470088009e+00
6.206206206206206222e-01	-9.317262324410990004e+00	9.920708563474414987e+00
6.216216216216216006e-01	-3.640579111926669054e+00	4.268799109222308985e+00
6.226226226226225791e-01	-4.517194117935569686e+00	5.169566654457359967e+00
6.236236236236236685e-01	-4.019540698918310895e+00	4.695420672280991248e+00
6.246246246246246470e-01	-3.676724183965633497e+00	4.375443246318000412e+00
6.256256256256256254e-01	9.396766522505433095e-01	-2.188094333259593682e-01
6.266266266266266038e-01	-6.688918628750686324e+00	7.431221170496293382e+00
6.276276276276275823e-01	-1.427632895446972583e+01	1.503933278884125180e+01
6.286286286286286717e-01	-5.032266586673461717e+00	5.815217212881925057e+00
6.296296296296296502e-01	-5.096857976661376632e+00	5.898981169416419590e+00
6.306306306306306286e-01	-1.413415032161966067e+00	2.233917607269052308e+00
6.316316316316316071e-01	-4.465894775829408303e+00	5.303965374534635124e+00
6.326326326326325855e-01	-7.246033283165047578e+00	8.100843174471972219e+00
6.336336336336336750e-01	-2.801518915915119923e+00	3.672222816080247476e+00
6.346346346346346534e-01	-2.336741267523383403e+00	3.222478175919912147e+00
6.356356356356356319e-01	-6.571277359774612137e+00	7.471171410297928972e+00
6.366366366366366103e-01	6.339432427879700960e-01	2.792180843850129435e-01
6.376376376376375887e-01	-5.678452823738436628e+00	6.603978442660113579e+00
6.386386386386386782e-01	-8.699500410660450100e+00	9.636475109927888028e+00
6.396396396396396566e-01	-1.131281732900856873e+01	1.226031457572899797e+01
6.406406406406406351e-01	-3.536691242148190639e+00	4.493774098146461782e+00
6.416416416416416135e-01	-1.113754277645068846e+01	1.210326482476604326e+01
6.426426426426425920e-01	-9.169319507180968998e+00	1.014272578793697122e+01
6.436436436436436814e-01	1.452975048201323061e+00	-4.728470934791465519e-01
6.446446446446446599e-01	2.760864984825408541e+00	-1.774984561378013082e+00
6.456456456456456383e-01	-2.234494106600906083e+00	3.225152105170337791e+00
6.466466466466466168e-01	-9.105216641872429406e+00	1.009967259762770730e+01
6.476476476476475952e-01	-3.075693047363244226e+00	4.072963586736076280e+00
6.486486486486486847e-01	-1.969655274268433398e-01	1.196064493631524783e+00
6.496496496496496631e-01	-1.137889191654213938e+01	1.237883134474243363e+01
6.506506506506506415e-01	-4.236878697528189797e+00	5.236669791792116335e+00
6.516516516516516200e-01	9.480605120121861518e+00	-8.481951009045404888e+00
6.526526526526525984e-01	-4.827290246616225744e+00	5.823819849566563178e+00
6.536536536536536879e-01	-5.723816375622391206e+00	6.717236046340201661e+00
6.546546546546546663e-01	-3.998407778190147699e+00	4.987735167843641015e+00
6.556556556556556448e-01	-4.912983023495641532e+00	5.897239829929009858e+00
6.566566566566566232e-01	-2.013249555572830030e+00	2.991462490706038757e+00
6.576576576576576016e-01	4.542265824105643723e+00	-3.571064071835266418e+00
6.586586586586586911e-01	-4.399220008235081858e-01	1.403152191717420338e+00
6.596596596596596696e-01	2.691378721662314177e+00	-1.737072587933565337e+00
6.606606606606606480e-01	2.527640780807203225e+00	-1.583202375426373987e+00
6.616616616616616264e-01	4.371304835387828547e+00	-3.437668071776981193e+00
6.626626626626626049e-01	-4.698996432391669309e+00	5.620908322076895836e+00
6.636636636636636943e-01	-2.779955959922601583e+00	3.689231337736489369e+00
6.646646646646646728e-01	-4.019690815255383409e-03	8.997594145005107791e-01
6.656656656656656512e-01	1.119048701160664017e+00	-2.377303890508561945e-01
6.666666666666666297e-01	-2.338378404706447533e+00	3.204403808490887684e+00
6.676676676676676081e-01	-8.126850445213563034e+00	8.976726566404250818e+00
6.686686686686686976e-01	8.431226544866174066e+00	-7.598340111225400761e+00
6.696696696696696760e-01	-3.982947657805227859e+00	4.798020799291490057e+00
6.706706706706706544e-01	1.078841728207089457e+00	-2.823878687021591505e-01
6.716716716716716329e-01	7.950216214885577060e+00	-7.173169215403286003e+00
6.726726726726726113e-01	8.116733150116456130e+00	-7.359861398111463338e+00
6.736736736736737008e-01	2.650873192870034423e+00	-1.914925125385931182e+00
6.746746746746746792e-01	-3.512170702703333536e+00	4.226467339130355327e+00
6.756756756756756577e-01	-4.286466404547159215e+00	4.978405273524707297e+00
6.766766766766766361e-01	3.242089595366613342e+00	-2.573192721622273638e+00
6.776776776776777256e-01	-7.023611768215701545e+00	7.668805204154393707e+00
6.786786786786787040e-01	-8.918859769303363549e+00	9.539711764146607820e+00
6.796796796796796825e-01	-3.225469080623541984e+00	3.821365701257440683e+00
6.806806806806806609e-01	2.060220833774995430e+00	-1.489868843197091675e+00
6.816816816816816393e-01	-6.835083361378617717e+00	7.379326726010197568e+00
6.826826826826827288e-01	-4.375409784739897390e+00	4.893006345201774465e+00
6.836836836836837072e-01	-4.638101819379634172e+00	5.128539747296055218e+00
6.846846846846846857e-01	3.743822495539337325e+00	-3.281028172572036716e+00
6.856856856856856641e-01	1.529008705700409720e+01	-1.485539397584970089e+01
6.866866866866866426e-01	-1.065993171802325001e+01	1.106609370857772312e+01
6.876876876876877320e-01	9.193642833235145417e+00	-8.816413568932375711e+00
6.886886886886887105e-01	8.348802801208031754e-01	-4.869567674265184998e-01
6.896896896896896889e-01	-1.157362188430967009e+01	1.189189559920198036e+01
6.906906906906906674e-01	-2.570876477944354366e-01	5.453968380666576188e-01
6.916916916916916458e-01	-3.298064881949692051e+00	3.556124451378543938e+00
6.926926926926927353e-01	9.600388293090514225e+00	-9.372833528214432164e+00
6.936936936936937137e-01	1.124257265014030160e+01	-1.104574770867259481e+01
6.946946946946946921e-01	4.523866985864127166e+00	-4.357966499295414131e+00
6.956956956956956706e-01	-3.822991960303167236e+00	3.957803940309752022e+00
6.966966966966966490e-01	4.272394678021293579e+00	-4.168804514189051957e+00
6.976976976976977385e-01	6.985505828307942089e+00	-6.913239916387355244e+00
6.986986986986987169e-01	1.939371964010705662e+00	-1.898501764569992423e+00
6.996996996996996954e-01	-2.564775916860589255e+00	2.574209989086485795e+00
7.007007007007006738e-01	1.083900987718795861e+01	-1.086102126111418542e+01
7.017017017017016522e-01	9.640082093624474879e+00	-9.693517167617530461e+00
7.027027027027027417e-01	7.183535704699569813e+00	-7.268341629175078644e+00
7.037037037037037202e-01	-2.898762249766248189e+00	2.782669335641016595e+00
7.047047047047046986e-01	1.796430414442295787e+00	-1.943695519062436761e+00
7.057057057057056770e-01	-7.877478654549077142e+00	7.699186983391102856e+00
7.067067067067066555e-01	-1.386634613743906508e+00	1.177492680806342173e+00
7.077077077077077449e-01	3.797977727168839301e+00	-4.037763110666574562e+00
7.087087087087087234e-01	-3.048282773242215526e+00	2.778091052358432567e+00
7.097097097097097018e-01	2.836736713250858077e+00	-3.137067590862607780e+00
7.107107107107106803e-01	8.182873344388131187e+00	-8.513046394788965188e+00
7.117117117117116587e-01	5.750355878520658770e-01	-9.347243174965982337e-01
7.127127127127127482e-01	8.191796210133675871e+00	-8.580644938725065174e+00
7.137137137137137266e-01	6.031350149039093722e+00	-6.448974361245561226e+00
7.147147147147147050e-01	-2.781267761325030730e+00	2.335281035639955594e+00
7.157157157157156835e-01	4.891113844740178074e+00	-5.365022067330619038e+00
7.167167167167166619e-01	8.436307652071837637e+00	-8.937668744659440279e+00
7.177177177177177514e-01	6.828296427087739318e+00	-7.356614615833792392e+00
7.187187187187187298e-01	-6.722516064816338455e-01	1.174987520975167010e-01
7.197197197197197083e-01	7.830996533212037036e+00	-8.411635482640640760e+00
7.207207207207206867e-01	6.737696841367066369e+00	-7.343647717630612526e+00
7.217217217217216652e-01	7.405783467195096392e+00	-8.036447072237653089e+00
7.227227227227227546e-01	3.855105736861938137e+00	-4.509858435301674184e+00
7.237237237237237331e-01	6.845934693825434181e+00	-7.524129029640100441e+00
7.247247247247247115e-01	1.297542662749305897e+01	-1.367639196426065595e+01
7.257257257257256899e-01	9.234669139140430971e+00	-9.957712323201937110e+00
7.267267267267266684e-01	9.533565359036392906e+00	-1.027797140492481098e+01
7.277277277277277578e-01	-1.840998990088040799e+00	1.075966192630150475e+00
7.287287287287287363e-01	4.294893703485954117e-01	-1.214392412234999385e+00
7.297297297297297147e-01	1.693443114624164858e+00	-2.497440244991103953e+00
7.307307307307306932e-01	7.138444221233753773e+00	-7.960740402832561458e+00
7.317317317317316716e-01	8.514269777214995116e+00	-9.354051877673533966e+00
7.327327327327327611e-01	6.763036717443684509e+00	-7.619474313337030402e+00
7.337337337337337395e-01	9.298084843960765511e+00	-1.017033104198025129e+01
7.347347347347347180e-01	-9.452207569446239077e+00	8.565015295037635923e+00
7.357357357357356964e-01	1.577832901113390740e+01	-1.667959005667985295e+01
7.367367367367367859e-01	6.147218871933406437e-01	-1.529160486638506899e+00
7.377377377377377643e-01	1.042398969463206981e+01	-1.135070160003735396e+01
7.387387387387387427e-01	4.062509534039811854e+00	-5.000578360935977074e+00
7.397397397397397212e-01	8.397165075747350826e+00	-9.345663209307144115e+00
7.407407407407406996e-01	9.193550894667186668e+00	-1.015154040698267579e+01
7.417417417417417891e-01	8.882951954658926397e+00	-9.849485532216968764e+00
7.427427427427427675e-01	-6.395210740536585448e+00	5.421088860097849071e+00
7.437437437437437460e-01	3.509993700115720650e+00	-4.490740617335760021e+00
7.447447447447447244e-01	6.811132622623650157e+00	-7.797534759319364461e+00
7.457457457457457028e-01	-2.182605828725235342e-01	-7.728213637964957972e-01
7.467467467467467923e-01	2.722502181775400043e+00	-3.717283901257985246e+00
7.477477477477477708e-01	-1.089140475404830166e+00	9.164267881033050234e-02
7.487487487487487492e-01	1.228305005057846877e+01	-1.328227754277454764e+01
7.497497497497497276e-01	1.055972492443475019e+00	-2.055941588311221757e+00
7.507507507507507061e-01	-1.292831726488422817e+00	2.931098522180340948e-01
7.517517517517517955e-01	1.159088023855646199e+01	-1.258936631042698373e+01
7.527527527527527740e-01	1.872148378586674378e-02	-1.014984394484421237e+00
7.537537537537537524e-01	-6.654326404670691808e+00	5.661271815530324325e+00
7.547547547547547309e-01	2.348615442119416308e+00	-3.337479721882852246e+00
7.557557557557557093e-01	-2.044513738292946581e+00	1.060817612113336139e+00
7.567567567567567988e-01	-1.105803157803829873e+00	1.282479188561436168e-01
7.577577577577577772e-01	6.162447588262660148e+00	-7.132895278782457993e+00
7.587587587587587556e-01	2.202608145700073461e+00	-3.164988654936706780e+00
7.597597597597597341e-01	1.007877438815536486e+01	-1.103213606053279427e+01
7.607607607607607125e-01	4.244914124875051264e+00	-5.188314223146633708e+00
7.617617617617618020e-01	2.180913523799048459e-01	-1.150596989859612673e+00
7.627627627627627804e-01	-2.046803579724535638e+00	1.126114516671672838e+00
7.637637637637637589e-01	1.603805758710671991e+00	-2.511767818590218582e+00
7.647647647647647373e-01	-1.992939774838754730e+00	1.098602561707726633e+00
7.657657657657657158e-01	7.693872101424685361e+00	-8.573700097241117035e+00
7.667667667667668052e-01	2.342217167966783364e+00	-3.206665923426649023e+00
7.677677677677677837e-01	1.280192645818817088e+00	-2.128407345731619049e+00
7.687687687687687621e-01	-8.384900124294670576e+00	7.553758241978976606e+00
7.697697697697697405e-01	2.666948616325062638e+00	-3.480195801548796819e+00
7.707707707707707190e-01	3.892890007514239414e+00	-4.687438311426685544e+00
7.717717717717718084e-01	9.565319039320363537e-01	-1.731595632811636865e+00
7.727727727727727869e-01	5.613852473466434567e+00	-6.368665201027233103e+00
7.737737737737737653e-01	-1.855944532003099001e-01	-5.482208720764186749e-01
7.747747747747747438e-01	2.566679068331268354e+00	-3.278771353762295782e+00
7.757757757757757222e-01	9.688104514615551111e+00	-1.037776960359381562e+01
7.767767767767768117e-01	4.814394472339665887e-01	-1.147995360416337540e+00
7.777777777777777901e-01	1.609556817005532769e+00	-2.252344426692072243e+00
7.787787787787787686e-01	8.009036665501032104e+00	-8.627420347417249502e+00
7.797797797797797470e-01	-5.616585941173144469e-01	-3.170966772030847647e-02
7.807807807807807254e-01	-8.971058628348149711e+00	8.403292542253440800e+00
7.817817817817818149e-01	-3.930481488978080140e+00	3.388879017429890617e+00
7.827827827827827933e-01	-4.349553810960008704e+00	3.834650520719195654e+00
7.837837837837837718e-01	5.796901757738494254e+00	-6.284596701552130682e+00
7.847847847847847502e-01	-3.798638932600206353e+00	3.338634595201591893e+00
7.857857857857857287e-01	-2.075798765844449889e+00	1.643939912831151151e+00
7.867867867867868181e-01	-4.219788466644296854e+00	3.816502144160315968e+00
7.877877877877877966e-01	-3.832893281012446973e+00	3.458578281088427353e+00
7.887887887887887750e-01	5.398392215930878812e+00	-5.743365749725471758e+00
7.897897897897897534e-01	-1.949352802512043903e+00	1.634061863936540959e+00
7.907907907907907319e-01	1.827037037261030950e+00	-2.112333603335082799e+00
7.917917917917918214e-01	-2.103248135336197144e+00	1.848228058935886597e+00
7.927927927927927998e-01	2.179143426520202098e+00	-2.403634835157776095e+00
7.937937937937937782e-01	-9.921892233439807640e+00	9.728151482202907374e+00
7.947947947947947567e-01	1.530559506452188412e+00	-1.693358018617283633e+00
7.957957957957957351e-01	1.558924610881446293e+00	-1.690619899717072272e+00
7.967967967967968246e-01	-3.790182531421786294e+00	3.689720693569618071e+00
7.977977977977978030e-01	2.261742336693069788e+00	-2.330871381287856092e+00
7.987987987987987815e-01	-1.462018737833231663e+00	1.424290845154514651e+00
7.997997997997997599e-01	5.311497385258051596e-01	-5.374391718418742858e-01
8.008008008008007383e-01	-1.112372349883128031e+01	1.114887874422065295e+01
8.018018018018018278e-01	-7.732287564151576476e+00	7.788862613335368223e+00
8.028028028028028062e-01	-3.258708565123033640e+00	3.346647473534092754e+00
8.038038038038037847e-01	-1.366018910595106606e+00	1.485234719331279596e+00
8.048048048048047631e-01	-8.468809335438924890e+00	8.619184157252860246e+00
8.058058058058058526e-01	-5.854659742224300523e+00	6.036044878096952004e+00
8.068068068068068310e-01	-6.448793941071473412e+00	6.661010027253979615e+00
8.078078078078078095e-01	-3.818051225208252575e+00	4.060888410586840358e+00
8.088088088088087879e-01	4.983548997084687571e+00	-4.710330843476222107e+00
8.098098098098097664e-01	-3.667161155169943676e+00	3.970490103644568336e+00
8.108108108108108558e-01	-1.592778859911954337e+00	1.925918654654011686e+00
8.118118118118118343e-01	-7.981075476110103928e+00	8.343696689891769935e+00
8.128128128128128127e-01	-9.928417168513350433e+00	1.032016122123374835e+01
8.138138138138137911e-01	-8.982373365720286440e-01	1.318716849841241823e+00
8.148148148148147696e-01	-6.935979928246452708e+00	7.384779108446912765e+00
8.158158158158158590e-01	-1.341154433404661006e+01	1.388821938349303764e+01
8.168168168168168375e-01	-6.324717806525006480e-01	1.136551336443826443e+00
8.178178178178178159e-01	-1.290690172693116367e+01	1.343788732706048350e+01
8.188188188188187944e-01	3.373692563283456347e-01	2.199973199332951324e-01
8.198198198198197728e-01	-4.270434190119343221e+00	4.853630587325613810e+00
8.208208208208208623e-01	-3.979568196091962662e+00	4.588017717086178671e+00
8.218218218218218407e-01	-4.141704879805441664e+00	4.774805855732263460e+00
8.228228228228228192e-01	4.386525630400202047e-01	2.184738222291678911e-01
8.238238238238237976e-01	-9.355221925042163100e-01	1.616024183859467112e+00
8.248248248248247760e-01	-5.149230427179400937e-01	1.218127721798621499e+00
8.258258258258258655e-01	-6.051570579408173778e+00	6.776782578168572435e+00
8.268268268268268439e-01	-6.148791737989622419e+00	6.895293926317674682e+00
8.278278278278278224e-01	-1.598472940865272385e+01	1.675178360350832207e+01
8.288288288288288008e-01	-1.110146543457441126e+01	1.188831312994599898e+01
8.298298298298297793e-01	-1.210394881385037369e+00	2.016257998342704028e+00
8.308308308308308687e-01	-5.703114319408266297e+00	6.527195975511631332e+00
8.318318318318318472e-01	-9.224217012651074299e+00	1.006570230995112425e+01
8.328328328328328256e-01	-3.996497017674290664e+00	4.854553848529977067e+00
8.338338338338338041e-01	-3.174217922982718321e+00	4.047997792895445812e+00
8.348348348348347825e-01	-3.771808167514630217e+00	4.660447034166985247e+00
8.358358358358358720e-01	-7.902446693446364634e+00	8.805065821115398705e+00
8.368368368368368504e-01	1.123649959748865834e+00	-2.079431312486968997e-01
8.378378378378378288e-01	-1.861179897737735178e+00	2.789068925034243751e+00
8.388388388388388073e-01	-5.917046006423301918e+00	6.856199684043068565e+00
8.398398398398397857e-01	-5.036905511612382647e+00	5.986395151967196071e+00
8.408408408408408752e-01	-4.835982817508582166e+00	5.794869512233232101e+00
8.418418418418418536e-01	-1.452153740788323155e+00	2.419489289185613234e+00
8.428428428428428321e-01	-8.723964760821491637e+00	9.698792607496026008e+00
8.438438438438438105e-01	-1.442460153321585992e+01	1.540595771396941949e+01
8.448448448448447889e-01	-4.999850099311568208e+00	5.986764194364727842e+00
8.458458458458458784e-01	-1.729645199787214871e+00	2.721141293384599535e+00
8.468468468468468568e-01	-6.636371012851333795e+00	7.631468658301599817e+00
8.478478478478478353e-01	4.583477201605015150e-01	5.393674690357598278e-01
8.488488488488488137e-01	1.650262199779188865e+00	-6.509160633172079713e-01
8.498498498498497922e-01	-2.357882890399528364e+00	3.357871764875242526e+00
8.508508508508508816e-01	1.133582723002069947e+01	-1.033618446235846910e+01
8.518518518518518601e-01	3.506335310025613605e+00	-2.508027151754345319e+00
8.528528528528528385e-01	-1.143569746805455534e+00	2.139556112844560154e+00
8.538538538538538170e-01	3.929108501431165745e+00	-2.936428814547645594e+00
8.548548548548547954e-01	2.224408853114411055e+00	-1.236017462480937912e+00
8.558558558558558849e-01	-9.953443701760544826e-01	1.978470087971758939e+00
8.568568568568568633e-01	5.179750765060603612e+00	-4.202862889699110482e+00
8.578578578578578417e-01	-1.430269400857116402e+00	2.399953432514803975e+00
8.588588588588588202e-01	-6.938167655307309056e-01	1.655338075777856854e+00
8.598598598598597986e-01	-3.595004850066707558e+00	4.547412632951159495e+00
8.608608608608608881e-01	-9.498823587081847819e+00	1.044117604861616755e+01
8.618618618618618665e-01	-3.930537976529825173e+00	4.861903265989679923e+00
8.628628628628628450e-01	-2.934397011196930194e+00	3.853854142587135989e+00
8.638638638638638234e-01	-3.287670837591459616e+00	4.194310600368349462e+00
8.648648648648649129e-01	-3.859428413140766345e+00	4.752354271290334609e+00
8.658658658658658913e-01	2.762257295978164162e+00	-1.883928317395394902e+00
8.668668668668668698e-01	-1.915431538497088360e+00	2.778295096783019336e+00
8.678678678678678482e-01	-4.165242798994544415e+00	5.011787689324605388e+00
8.688688688688688266e-01	4.441831990260909357e+00	-3.612442878735825147e+00
8.698698698698699161e-01	-7.376370199612985346e+00	8.187783386075851766e+00
8.708708708708708945e-01	-8.193066035438777206e+00	8.985700926180463455e+00
8.718718718718718730e-01	9.363068762071891094e-01	-1.632340828184714043e-01
8.728728728728728514e-01	-9.737117732510517376e-01	1.726458011749007593e+00
8.738738738738738299e-01	2.571823202400474795e+00	-1.840147876298794394e+00
8.748748748748749193e-01	-5.664955631709931438e+00	6.374836524004360960e+00
8.758758758758758978e-01	4.190980224014302813e+00	-3.503595735385193422e+00
8.768768768768768762e-01	-2.892741840643914264e-02	6.931357792120533823e-01
8.778778778778778547e-01	3.454372863209735467e+00	-2.813997436536708197e+00
8.788788788788788331e-01	-1.071946365788171818e+00	1.687855619355353998e+00
8.798798798798799226e-01	8.872276224719952253e+00	-8.281442189713992263e+00
8.808808808808809010e-01	-7.488141838921689164e+00	8.053316405687080959e+00
8.818818818818818794e-01	5.085370401486158265e+00	-4.546414179125941146e+00
8.828828828828828579e-01	-2.095965798974716021e-01	7.218015078505878312e-01
8.838838838838838363e-01	1.447670029705411476e+00	-9.627228929879203534e-01
8.848848848848849258e-01	4.416511879678695074e+00	-3.959302076999617448e+00
8.858858858858859042e-01	4.902740367493978013e+00	-4.473720013431651488e+00
8.868868868868868827e-01	-4.648973172421667854e+00	5.049379838589472591e+00
8.878878878878878611e-01	3.263320719535394598e+00	-2.891923685727824100e+00
8.888888888888888395e-01	-8.602108851833896175e-01	1.202231028509062272e+00
8.898898898898899290e-01	4.877292740995883058e+00	-4.564987696764394975e+00
8.908908908908909074e-01	4.237981912323788514e+00	-3.955700791849816600e+00
8.918918918918918859e-01	-1.559018561087051724e+00	1.810996622472178519e+00
8.928928928928928643e-01	-3.795377539757739171e+00	4.016803372079301049e+00
8.938938938938938428e-01	2.469841712996115213e+00	-2.279187067963049707e+00
8.948948948948949322e-01	8.931240855123096622e+00	-8.771545927335548498e+00
8.958958958958959107e-01	-9.194367609390294405e+00	9.322944904672164412e+00
8.968968968968968891e-01	6.242126914704412499e+00	-6.144794396336108022e+00
8.978978978978978676e-01	9.834405578514138213e+00	-9.768414084887513837e+00
8.988988988988988460e-01	-1.174029787735774022e+01	1.177488309016955981e+01
8.998998998998999355e-01	4.321775027208056841e+00	-4.318630295000320807e+00
9.009009009009009139e-01	1.005476495512550628e+01	-1.008306381320862322e+01
9.019019019019018923e-01	5.900074930418314878e+00	-5.959789395301521964e+00
9.029029029029028708e-01	5.465108978036671283e-01	-6.375819204903074855e-01
9.039039039039038492e-01	1.621560195014046357e+00	-1.743897719392501600e+00
9.049049049049049387e-01	7.473653186782750701e+00	-7.627136238678967395e+00
9.059059059059059171e-01	-6.738822680107460883e+00	6.554345873303970116e+00
9.069069069069068956e-01	6.030874064959099279e+00	-6.246162205704187009e+00
9.079079079079078740e-01	9.483662506261921976e+00	-9.729549092015771450e+00
9.089089089089088525e-01	-1.785059408382752677e+00	1.508817524003680521e+00
9.099099099099099419e-01	-3.352286956856228350e+00	3.045962937249445446e+00
9.109109109109109204e-01	8.279423264358701573e+00	-8.615526508900915204e+00
9.119119119119118988e-01	1.111588800472612704e+01	-1.148143811655134527e+01
9.129129129129128772e-01	-1.647072194939408041e+00	1.252436692189968559e+00
9.139139139139138557e-01	1.459865045381208581e+01	-1.502198110986861757e+01
9.149149149149149451e-01	1.017573002967168883e+01	-1.062733722604858322e+01
9.159159159159159236e-01	-1.311382026726085170e+00	8.319448644372775536e-01
9.169169169169169020e-01	4.156429433270924179e+00	-4.663222467239195979e+00
9.179179179179178805e-01	5.133860400281240466e+00	-5.667508160683361496e+00
9.189189189189188589e-01	1.943900714752145209e+00	-2.503875500889737982e+00
9.199199199199199484e-01	4.905185483192228801e+00	-5.490933560734067242e+00
9.209209209209209268e-01	1.057471583009742844e+01	-1.118565797864285116e+01
9.219219219219219053e-01	-2.902587695811660762e+00	2.267055609967277174e+00
9.229229229229228837e-01	-2.681305714250461936e+00	2.021812140714567718e+00
9.239239239239238621e-01	2.979201666368594292e+00	-3.662004583531780710e+00
9.249249249249249516e-01	3.929461539525548552e+00	-4.634898606671500332e+00
9.259259259259259300e-01	-7.791008904654059819e+00	7.063635263081010862e+00
9.269269269269269085e-01	6.352766530697451230e+00	-7.101357479032441411e+00
9.279279279279278869e-01	6.165018742037946531e+00	-6.934086748612261708e+00
9.289289289289288654e-01	2.835145965356370645e+00	-3.623930532788999237e+00
9.299299299299299548e-01	-2.751979553701971781e+00	1.944258419628164258e+00
9.309309309309309333e-01	-3.452567144339818928e+00	2.626708163376275884e+00
9.319319319319319117e-01	6.532742030843222025e+00	-7.375922203229443141e+00
9.329329329329328901e-01	3.703786240178946976e+00	-4.563453820359690383e+00
9.339339339339339796e-01	1.237684616322350806e+01	-1.325215106390132114e+01
9.349349349349349581e-01	6.352417774423710028e+00	-7.242494445245616141e+00
9.359359359359359365e-01	9.158719033028816625e+00	-1.006268731649083215e+01
9.369369369369369149e-01	1.008181655945231547e+01	-1.099878256124832809e+01
9.379379379379378934e-01	-4.315129443315734115e+00	3.386072470361372488e+00
9.389389389389389828e-01	9.147241416883401754e+00	-1.008747065759316008e+01
9.399399399399399613e-01	7.807623508307080407e+00	-8.758095265607192204e+00
9.409409409409409397e-01	2.830915507515194829e+00	-3.790689901868383505e+00
9.419419419419419182e-01	-2.023198023123264466e+00	1.055070070221146405e+00
9.429429429429428966e-01	2.427263441347361272e+00	-3.402787613829199032e+00
9.439439439439439861e-01	-9.508123962021906905e+00	8.526168222724400891e+00
9.449449449449449645e-01	5.678393999030628692e+00	-6.665810292487417854e+00
9.459459459459459429e-01	4.061197959534736057e+00	-5.053098394793613224e+00
9.469469469469469214e-01	3.733202831752363782e+00	-4.728606562286375770e+00
9.479479479479478998e-01	-2.566834841556074664e+00	1.568912126527831408e+00
9.489489489489489893e-01	2.387312663551321101e+00	-3.386767561380390479e+00
9.499499499499499677e-01	5.627108786026396636e+00	-6.627107549854994062e+00
9.509509509509509462e-01	9.481397891345194395e+00	-1.048095166656695909e+01
9.519519519519519246e-01	3.058894129859136779e+00	-4.057014501897283409e+00
9.529529529529529031e-01	-2.996792663657969591e+00	2.001092691951131819e+00
9.539539539539539925e-01	6.522991930914675329e+00	-7.515286898569488727e+00
9.549549549549549710e-01	1.215333137388629137e+00	-2.203241864328807420e+00
9.559559559559559494e-01	2.413578829695347761e+00	-3.396124416617976038e+00
9.569569569569569278e-01	-8.383072797940045451e-01	-1.379035711804258435e-01
9.579579579579579063e-01	7.844268524636334838e+00	-8.813179307872484713e+00
9.589589589589589957e-01	-8.627544271936443465e+00	7.666891669514122043e+00
9.599599599599599742e-01	1.060252969966959569e+01	-1.155397417435277241e+01
9.609609609609609526e-01	5.643944740999867093e+00	-6.585240246529370900e+00
9.619619619619619311e-01	-1.180566786618783448e+00	2.503510557901789113e-01
9.629629629629629095e-01	1.922425661741974823e+00	-2.840641768622249597e+00
9.639639639639639990e-01	-8.141652391750477946e-01	-9.114326040754894276e-02
9.649649649649649774e-01	6.195326539705594548e+00	-7.086832212403878728e+00
9.659659659659659559e-01	3.727784844466397463e+00	-4.604606119699552913e+00
9.669669669669669343e-01	2.921352576395085165e+00	-3.782622404334316624e+00
9.679679679679679127e-01	-5.414874127182648600e+00	4.570007418226829543e+00
9.689689689689690022e-01	-1.154593539826271442e+00	3.269654012235398977e-01
9.699699699699699806e-01	-1.724261147569217778e+00	9.146899842284725857e-01
9.709709709709709591e-01	5.815350178088562139e+00	-6.606063817003655636e+00
9.719719719719719375e-01	-2.963978593196519462e+00	2.192904380497793682e+00
9.729729729729729160e-01	7.005253000898812310e-01	-1.451197605342607666e+00
9.739739739739740054e-01	-5.558794359998604939e+00	4.829266268876415857e+00
9.749749749749749839e-01	-8.722075432100492520e+00	8.014412953213986057e+00
9.759759759759759623e-01	3.722002529646105895e+00	-4.407099620129887541e+00
9.769769769769769407e-01	4.011221693121954424e+00	-4.673075932951824107e+00
9.779779779779779192e-01	5.969086142696689024e+00	-6.607043053449803693e+00
9.789789789789790087e-01	1.993865178580472630e+00	-2.607293912847135520e+00
9.799799799799799871e-01	2.988486717208653776e+00	-3.576780682409458567e+00
9.809809809809809655e-01	-1.124518507014760305e+00	5.619410487963224510e-01
9.819819819819819440e-01	1.283868246302275917e+00	-1.820172889539660499e+00
9.829829829829829224e-01	2.380819798856514957e+00	-2.890321299140391709e+00
9.839839839839840119e-01	-5.636736329569967729e+00	5.154541795767918266e+00
9.849849849849849903e-01	5.049438784384870260e+00	-5.503849530829747927e+00
9.859859859859859688e-01	-2.336717677401805471e+00	1.910540065029368906e+00
9.869869869869869472e-01	1.823915660064900024e+00	-2.221438710148815776e+00
9.879879879879879256e-01	-4.324787395604192675e+00	3.956312000793938743e+00
9.889889889889890151e-01	-7.926925794894988719e+00	7.587862424400314332e+00
9.899899899899899935e-01	1.051885963740767149e+00	-1.361202025129636395e+00
9.909909909909909720e-01	-3.000853359082748639e+00	2.721590475789916752e+00
9.919919919919919504e-01	-1.694231311578189736e+00	1.445297757111294823e+00
9.929929929929930399e-01	3.060582273992085156e+00	-3.278940340236732087e+00
9.939939939939940183e-01	-2.733448828044878987e+00	2.545882174669042541e+00
9.949949949949949968e-01	-3.199222738175651060e+00	3.042632974047092542e+00
9.959959959959959752e-01	-3.816142021602070944e+00	3.690683991421772614e+00
9.969969969969969537e-01	-8.345251464519776174e-01	7.403229101243475885e-01
9.979979979979980431e-01	-2.546868344804895212e+00	2.484015054760415175e+00
9.989989989989990216e-01	3.612827851035617321e+00	-3.644270041954737582e+00
1.000000000000000000e+00	-1.125228027373566420e+00	1.125228027373565087e+00
