# Time	FTRLS_Output	FTRLS_Error
0.000000000000000000e+00	0.000000000000000000e+00	0.000000000000000000e+00
1.001001001001000992e-03	0.000000000000000000e+00	0.000000000000000000e+00
2.002002002002001985e-03	0.000000000000000000e+00	0.000000000000000000e+00
3.003003003003002977e-03	0.000000000000000000e+00	0.000000000000000000e+00
4.004004004004003969e-03	0.000000000000000000e+00	0.000000000000000000e+00
5.005005005005004962e-03	0.000000000000000000e+00	0.000000000000000000e+00
6.006006006006005954e-03	0.000000000000000000e+00	0.000000000000000000e+00
7.007007007007006946e-03	0.000000000000000000e+00	0.000000000000000000e+00
8.008008008008007939e-03	0.000000000000000000e+00	0.000000000000000000e+00
9.009009009009008931e-03	0.000000000000000000e+00	0.000000000000000000e+00
1.001001001001000992e-02	0.000000000000000000e+00	0.000000000000000000e+00
1.101101101101101092e-02	0.000000000000000000e+00	0.000000000000000000e+00
1.201201201201201191e-02	0.000000000000000000e+00	0.000000000000000000e+00
1.301301301301301290e-02	0.000000000000000000e+00	0.000000000000000000e+00
1.401401401401401389e-02	0.000000000000000000e+00	0.000000000000000000e+00
1.501501501501501488e-02	0.000000000000000000e+00	0.000000000000000000e+00
1.601601601601601588e-02	0.000000000000000000e+00	0.000000000000000000e+00
1.701701701701701513e-02	0.000000000000000000e+00	0.000000000000000000e+00
1.801801801801801786e-02	0.000000000000000000e+00	0.000000000000000000e+00
1.901901901901902059e-02	0.000000000000000000e+00	0.000000000000000000e+00
2.002002002002001985e-02	0.000000000000000000e+00	0.000000000000000000e+00
2.102102102102101910e-02	0.000000000000000000e+00	0.000000000000000000e+00
2.202202202202202183e-02	0.000000000000000000e+00	0.000000000000000000e+00
2.302302302302302456e-02	0.000000000000000000e+00	0.000000000000000000e+00
2.402402402402402382e-02	0.000000000000000000e+00	0.000000000000000000e+00
2.502502502502502307e-02	0.000000000000000000e+00	7.076624788865043536e-01
2.602602602602602580e-02	1.023752698508941128e+00	-2.942246073867527123e-01
2.702702702702702853e-02	9.778347781025897856e-01	-2.271624728498654600e-01
2.802802802802802778e-02	1.495622669865025456e+00	-7.245484571663007856e-01
2.902902902902902704e-02	1.496791555209911584e+00	-7.060779162948178644e-01
3.003003003003002977e-02	1.131295632985051425e+00	-3.217244696443074536e-01
3.103103103103103250e-02	1.209439638779531201e+00	-3.818115001767999894e-01
3.203203203203203175e-02	8.528362023655308155e-01	-7.969493409713090948e-03
3.303303303303303101e-02	5.434991598635001697e-01	3.177706680757306223e-01
3.403403403403403027e-02	1.027451915368262414e+00	-1.506306401351089619e-01
3.503503503503503647e-02	1.184098790698760562e+00	-2.925931180004766041e-01
3.603603603603603572e-02	1.506638826354311345e+00	-6.013303267717147182e-01
3.703703703703703498e-02	1.508580429209452234e+00	-5.903643223291782371e-01
3.803803803803804118e-02	1.054167777093299563e+00	-1.239520462646953591e-01
3.903903903903904044e-02	1.085882034096067539e+00	-1.445865285665642874e-01
4.004004004004003969e-02	8.744668445602643558e-01	7.697763012291236606e-02
4.104104104104103895e-02	7.704449785083814506e-01	1.902076239139395275e-01
4.204204204204203821e-02	6.911362715379124610e-01	2.777745116982370810e-01
4.304304304304304440e-02	1.761992839525945431e+00	-7.857819885515158198e-01
4.404404404404404366e-02	1.050590969497475768e+00	-6.804538257484804564e-02
4.504504504504504292e-02	1.076123668712916093e+00	-8.821494177273803139e-02
4.604604604604604912e-02	8.408214117613531657e-01	1.514735558934605653e-01
4.704704704704704837e-02	1.434604063655624540e+00	-4.389040919487868786e-01
4.804804804804804763e-02	7.396389865304021649e-01	2.584813855077441325e-01
4.904904904904904689e-02	1.147541614932974241e+00	-1.479878397112104338e-01
5.005005005005004615e-02	9.495915606326843506e-01	5.040720319591307508e-02
5.105105105105105234e-02	1.323388242642530077e+00	-3.239333448134608107e-01
5.205205205205205160e-02	1.061375025445737919e+00	-6.345231041749466172e-02
5.305305305305305086e-02	8.636454973643699073e-01	1.317582331696426357e-01
5.405405405405405705e-02	1.196778898952290282e+00	-2.048784636934134484e-01
5.505505505505505631e-02	1.327761408821048317e+00	-3.403451153642593763e-01
5.605605605605605557e-02	1.219508109025803533e+00	-2.375523697282968527e-01
5.705705705705705483e-02	1.285514546508675249e+00	-3.099903740268364905e-01
5.805805805805805409e-02	1.009320067250306208e+00	-4.119211434818736972e-02
5.905905905905906028e-02	1.083717651391118197e+00	-1.239432570379291887e-01
6.006006006006005954e-02	9.877995658950236013e-01	-3.732780859491202641e-02
6.106106106106105880e-02	1.072277277121618910e+00	-1.320480364118599148e-01
6.206206206206206499e-02	9.326800447002397965e-01	-3.623071745877060046e-03
6.306306306306305731e-02	6.588283074108505222e-01	2.581376943851629857e-01
6.406406406406406351e-02	1.206020689880664909e+00	-3.020524064186487223e-01
6.506506506506506970e-02	1.029652344414542897e+00	-1.395756735926370062e-01
6.606606606606606202e-02	6.629789592437841383e-01	2.123259414340289419e-01
6.706706706706706822e-02	1.264630081464321432e+00	-4.049625012835762483e-01
6.806806806806806054e-02	8.544641458830396497e-01	-1.128397349681697914e-02
6.906906906906906674e-02	1.124044166786278387e+00	-2.981851858227351215e-01
7.007007007007007293e-02	1.311440382843067409e+00	-5.037192487692606635e-01
7.107107107107106525e-02	1.126404787091639603e+00	-3.376202196590081250e-01
7.207207207207207145e-02	1.409546078141317382e+00	-6.404780715670004287e-01
7.307307307307307764e-02	7.061648050201810856e-01	4.242614331480953904e-02
7.407407407407406996e-02	1.170864960568672286e+00	-4.434913189956234403e-01
7.507507507507507616e-02	8.413974651047956277e-01	-1.359603979588425160e-01
7.607607607607608236e-02	7.730895021227002228e-01	-9.028658495951114027e-02
7.707707707707707467e-02	8.442325807455478559e-01	-1.847390072096517510e-01
7.807807807807808087e-02	9.083512528065733616e-01	-2.728191669621892190e-01
7.907907907907907319e-02	1.000968355825715639e+00	-3.900262072802925806e-01
8.008008008008007939e-02	6.293564463272430798e-01	-4.360836878540375050e-02
8.108108108108108558e-02	1.216328287492896232e+00	-6.563535013553007946e-01
8.208208208208207790e-02	1.074163146029237348e+00	-5.405153856271147639e-01
8.308308308308308410e-02	4.745248811485256457e-01	3.226815281974693139e-02
8.408408408408407642e-02	1.340277660895008882e+00	-8.608404986061989339e-01
8.508508508508508261e-02	1.444148597371247345e+00	-9.925414009943519522e-01
8.608608608608608881e-02	1.219546567742106458e+00	-7.962159116855719310e-01
8.708708708708708113e-02	8.071574514047478166e-01	-4.125219486553067250e-01
8.808808808808808732e-02	5.306469163400053812e-01	-1.650968045147863661e-01
8.908908908908909352e-02	1.132555957578794459e+00	-7.964527130365786078e-01
9.009009009009008584e-02	6.902865590931147599e-01	-3.839625394863309671e-01
9.109109109109109204e-02	1.147482131511808445e+00	-8.712402471327339581e-01
9.209209209209209823e-02	8.339126518823029022e-01	-5.880260661284527623e-01
9.309309309309309055e-02	1.040564622098028913e+00	-8.252764813529385179e-01
9.409409409409409675e-02	8.417376052500772365e-01	-6.572607984465846931e-01
9.509509509509508907e-02	9.251976400972250492e-01	-7.717145882010083557e-01
9.609609609609609526e-02	7.037691712687890178e-01	-5.814316468903316659e-01
9.709709709709710146e-02	1.202498920661212889e+00	-1.111427897974572199e+00
9.809809809809809378e-02	7.014931544424117815e-01	-6.417786895592014762e-01
9.909909909909909997e-02	7.627201935815470790e-01	-7.344213354984288067e-01
1.001001001001000923e-01	1.176816811697905862e+00	-1.179961543905641896e+00
1.011011011011010985e-01	2.168021677202510988e-01	-2.513873805320683275e-01
1.021021021021021047e-01	2.197646755781086647e-01	-2.857561692047293489e-01
1.031031031031030970e-01	8.538414824118031321e-01	-9.511740007801052776e-01
1.041041041041041032e-01	2.103106681465008176e-01	-3.388879634283692988e-01
1.051051051051051094e-01	1.101025234650346407e+00	-1.260720162437895864e+00
1.061061061061061017e-01	3.951600575591441289e-01	-5.858147025922085804e-01
1.071071071071071079e-01	2.784609054232854986e-01	-4.998867377448443783e-01
1.081081081081081141e-01	1.039742522071218422e+00	-1.291720583456343663e+00
1.091091091091091064e-01	8.926807219839798524e-01	-1.174961842457951322e+00
1.101101101101101126e-01	9.872430480797227403e-01	-1.299548092311212155e+00
1.111111111111111049e-01	6.891633454030239303e-01	-1.031183488728692144e+00
1.121121121121121111e-01	1.563054652672815903e-01	-5.277024990748494515e-01
1.131131131131131173e-01	9.474568548852846384e-01	-1.347863521053088487e+00
1.141141141141141097e-01	2.950834394562703578e-01	-7.241037935185966612e-01
1.151151151151151159e-01	5.903197182239690033e-01	-1.047529520903048184e+00
1.161161161161161082e-01	6.153687245334472644e-01	-1.100315861250934502e+00
1.171171171171171144e-01	2.775788003995905417e-01	-7.897837283527047170e-01
1.181181181181181206e-01	4.847922255606308961e-01	-1.023748447920847404e+00
1.191191191191191129e-01	5.588238751211896949e-01	-1.123998441886582267e+00
1.201201201201201191e-01	3.839781618773114302e-01	-9.748121968832692552e-01
1.211211211211211253e-01	-6.186194660204876600e-02	-5.540473069651307148e-01
1.221221221221221176e-01	3.287266254063478388e-01	-9.691020520793736104e-01
1.231231231231231238e-01	6.141562413741145088e-01	-1.278364602179728582e+00
1.241241241241241300e-01	1.081531007013534357e-02	-6.981997986992455330e-01
1.251251251251251362e-01	1.539251965057917004e-01	-8.638060888002203619e-01
1.261261261261261146e-01	5.793700894281110514e-02	-7.896123350444890221e-01
1.271271271271271208e-01	7.120201443563827226e-01	-1.464766382854337357e+00
1.281281281281281270e-01	3.566510145426905476e-01	-1.129723807931408031e+00
1.291291291291291332e-01	2.685822375829304831e-01	-1.061217128324615233e+00
1.301301301301301394e-01	-8.788524248982947096e-02	-7.235279439730364359e-01
1.311311311311311179e-01	2.825220840884135054e-01	-1.111911195613495940e+00
1.321321321321321240e-01	-8.136848734204123190e-02	-7.651764029880191442e-01
1.331331331331331302e-01	1.123313556724567369e-01	-9.751949139583878656e-01
1.341341341341341364e-01	-9.341950671265589201e-02	-7.849094718701129514e-01
1.351351351351351426e-01	2.782013085988463419e-01	-1.171127166748414661e+00
1.361361361361361211e-01	2.401387542020819721e-01	-1.146778516978971041e+00
1.371371371371371273e-01	4.059655794282270719e-03	-9.235167871844873755e-01
1.381381381381381335e-01	1.709942510547927952e-01	-1.102359540514646685e+00
1.391391391391391397e-01	-2.700590073844522099e-01	-6.722934541498664096e-01
1.401401401401401459e-01	-3.943724622828586601e-01	-5.580353206015928880e-01
1.411411411411411521e-01	1.609060565006555921e-01	-1.122427366747781097e+00
1.421421421421421305e-01	7.639031303014622021e-02	-1.046074344687833779e+00
1.431431431431431367e-01	2.078164176853149192e-01	-1.184704293046807466e+00
1.441441441441441429e-01	7.133399772289874541e-01	-1.696465695024691467e+00
1.451451451451451491e-01	2.916266763214559465e-01	-1.280018066954928591e+00
1.461461461461461553e-01	-2.515801585458362633e-01	-7.410995283376839993e-01
1.471471471471471337e-01	3.371109969129739703e-01	-1.333097362952078146e+00
1.481481481481481399e-01	-3.747182978276964449e-01	-6.235898604435716752e-01
1.491491491491491461e-01	-1.272908672111312811e-01	-8.723519004510986719e-01
1.501501501501501523e-01	-1.347170271691458011e-02	-9.865171717587994937e-01
1.511511511511511585e-01	5.065459639826173088e-01	-1.505892100444598203e+00
1.521521521521521647e-01	-2.101150587904044298e-01	-7.876001304058570796e-01
1.531531531531531432e-01	-2.340296177228370911e-01	-7.610680277274290972e-01
1.541541541541541493e-01	-2.097977044283749065e-02	-9.705163231545473890e-01
1.551551551551551555e-01	-1.828482349186534850e-01	-8.040658601345065382e-01
1.561561561561561617e-01	3.412768494308539569e-01	-1.322633030184413361e+00
1.571571571571571679e-01	-2.972331325146053693e-01	-6.775947141599287793e-01
1.581581581581581464e-01	-3.137524515866533803e-01	-6.535830968106368655e-01
1.591591591591591526e-01	-1.024210681341268109e-01	-8.564656265905230548e-01
1.601601601601601588e-01	-1.156270529300185146e-01	-8.338625874247947989e-01
1.611611611611611650e-01	5.974967487511397835e-01	-1.536650426370907763e+00
1.621621621621621712e-01	3.200746808538217913e-01	-1.247963708150331197e+00
1.631631631631631496e-01	7.629219885871371676e-02	-9.919990273588832341e-01
1.641641641641641558e-01	-2.979182557910216023e-01	-6.047008718780126912e-01
1.651651651651651620e-01	3.143481262303511881e-01	-1.202986992882707273e+00
1.661661661661661682e-01	-2.145077972603316729e-01	-6.592720726523969565e-01
1.671671671671671744e-01	-3.650831757866592753e-01	-4.929736550690281272e-01
1.681681681681681528e-01	4.398996976770592204e-01	-1.281384994977109670e+00
1.691691691691691590e-01	1.951000863621813186e-01	-1.019181742465545826e+00
1.701701701701701652e-01	3.815955510395045991e-01	-1.187458667997174144e+00
1.711711711711711714e-01	2.191705217245282777e-01	-1.006018217096118494e+00
1.721721721721721776e-01	3.873120323234178763e-01	-1.154366227179016713e+00
1.731731731731731838e-01	-3.794435090407362321e-02	-7.085578374239782651e-01
1.741741741741741623e-01	-1.369766506980391318e-01	-5.882353480623586650e-01
1.751751751751751685e-01	3.759329049470337969e-01	-1.079137584027717978e+00
1.761761761761761746e-01	-4.437034973784952790e-02	-6.361316416174029875e-01
1.771771771771771808e-01	3.053547243174795176e-03	-6.601799325123631768e-01
1.781781781781781870e-01	8.614023766527159620e-02	-7.192412135920924765e-01
1.791791791791791655e-01	2.388548231900859686e-01	-8.473043441843038925e-01
1.801801801801801717e-01	1.466925145776427908e-01	-7.298889117839166829e-01
1.811811811811811779e-01	-1.366746052208113460e-01	-4.206919710408312252e-01
1.821821821821821841e-01	9.256788380965834395e-02	-6.235534839389788031e-01
1.831831831831831903e-01	-3.510924243190743921e-01	-1.529871314722501818e-01
1.841841841841841965e-01	4.948451486637843733e-01	-9.715201981102115081e-01
1.851851851851851749e-01	-1.363766053200136663e-01	-3.124225748804487779e-01
1.861861861861861811e-01	2.272623497843539314e-02	-4.432057482476497445e-01
1.871871871871871873e-01	3.757598474288566526e-01	-7.675039001492545143e-01
1.881881881881881935e-01	1.628870310200885019e-01	-5.255082448017558416e-01
1.891891891891891997e-01	8.474079540337318139e-01	-1.180547748775789607e+00
1.901901901901901781e-01	3.961816550669031850e-02	-3.429471139813176639e-01
1.911911911911911843e-01	5.130082490671052931e-01	-7.862264026755716451e-01
1.921921921921921905e-01	4.444988119431222406e-01	-6.873359973217095797e-01
1.931931931931931967e-01	1.331639709619651668e-01	-3.453800571444730072e-01
1.941941941941942029e-01	6.441701985672919628e-01	-8.255553344399426674e-01
1.951951951951951814e-01	4.605548467025947224e-01	-6.109296685165317431e-01
1.961961961961961876e-01	7.546954853856374656e-01	-8.739112941218116770e-01
1.971971971971971938e-01	7.893441433135237606e-01	-8.772830517245856496e-01
1.981981981981981999e-01	1.201340762307069765e+00	-1.257915811490862401e+00
1.991991991991992061e-01	9.834689234645671574e-01	-1.008624168853943015e+00
2.002002002002001846e-01	5.066215172916908038e-01	-5.003320839756237870e-01
2.012012012012011908e-01	5.647939556230057168e-01	-5.270660629442890377e-01
2.022022022022021970e-01	9.756303786847055903e-01	-9.065013340899212846e-01
2.032032032032032032e-01	8.675980287873281682e-01	-7.671361909351601671e-01
2.042042042042042094e-01	8.837219947849680457e-01	-7.520267059493440653e-01
2.052052052052052156e-01	2.463903489457234253e-01	-8.359183678062936940e-02
2.062062062062061940e-01	7.301784220561733374e-01	-5.364376708192766241e-01
2.072072072072072002e-01	5.423157768542866686e-01	-3.178243682167146700e-01
2.082082082082082064e-01	8.602130835537956655e-01	-6.051930071534855626e-01
2.092092092092092126e-01	7.689511055581275123e-01	-4.836545394840778278e-01
2.102102102102102188e-01	1.083811858186136012e+00	-7.685209196106334018e-01
2.112112112112111972e-01	9.321762462838583119e-01	-5.872027124892682526e-01
2.122122122122122034e-01	1.088118630186616365e+00	-7.138036302625976326e-01
2.132132132132132096e-01	7.431656091575385981e-01	-3.398792866735581009e-01
2.142142142142142158e-01	6.199300042327380300e-01	-1.880711512194411239e-01
2.152152152152152220e-01	7.942221703181752135e-01	-3.342178329195644171e-01
2.162162162162162282e-01	9.259327302052670072e-01	-4.382377863916324667e-01
2.172172172172172067e-01	1.059071694872298242e+00	-5.441684046314860801e-01
2.182182182182182129e-01	1.626353061886295137e+00	-1.084750590338105392e+00
2.192192192192192191e-01	9.743025478756603963e-01	-4.065364617809525960e-01
2.202202202202202252e-01	7.246623723826174368e-01	-1.312941105449969559e-01
2.212212212212212314e-01	9.168147614631387832e-01	-2.984310795469230504e-01
2.222222222222222099e-01	8.971072027105410074e-01	-2.543195930240025326e-01
2.232232232232232161e-01	1.185249949836455041e+00	-5.186940366540836456e-01
2.242242242242242223e-01	6.097791559212130119e-01	7.988593305704849712e-02
2.252252252252252285e-01	1.090785431186429566e+00	-3.786931457554042479e-01
2.262262262262262347e-01	1.132594982078575230e+00	-3.987796568018474597e-01
2.272272272272272131e-01	1.167450830347029234e+00	-4.126381027862308093e-01
2.282282282282282193e-01	9.384975863224869208e-01	-1.634338574428855217e-01
2.292292292292292255e-01	1.054757775324417057e+00	-2.602094714119734808e-01
2.302302302302302317e-01	7.228413888076359317e-01	9.040579641609713946e-02
2.312312312312312379e-01	1.004463540011109712e+00	-1.733216576954164090e-01
2.322322322322322163e-01	1.001663429933110638e+00	-1.534487300203088989e-01
2.332332332332332225e-01	1.291191502802975455e+00	-4.267427473431109064e-01
2.342342342342342287e-01	8.437259039776207059e-01	3.610209183880841444e-02
2.352352352352352349e-01	1.416035361491482014e+00	-5.216981483604549164e-01
2.362362362362362411e-01	1.633878497472563751e+00	-7.259164375930176050e-01
2.372372372372372473e-01	6.041779185061393331e-01	3.165111445467239104e-01
2.382382382382382258e-01	1.338196495931183394e+00	-4.056908584514761218e-01
2.392392392392392320e-01	1.420438368899893167e+00	-4.770382706283122776e-01
2.402402402402402382e-01	1.045478469084556883e+00	-9.211679670712780155e-02
2.412412412412412444e-01	1.121146767375976738e+00	-1.587662581393433081e-01
2.422422422422422505e-01	1.203125952520058384e+00	-2.326782620002614266e-01
2.432432432432432290e-01	1.157513999768112534e+00	-1.799587608204264999e-01
2.442442442442442352e-01	1.158516967162080746e+00	-1.748208409824707488e-01
2.452452452452452414e-01	7.646174326839235702e-01	2.242468470795121460e-01
2.462462462462462476e-01	1.591013445806905180e+00	-5.979588566665374749e-01
2.472472472472472538e-01	1.574492966881928080e+00	-5.782300561833736419e-01
2.482482482482482600e-01	1.025441915643922508e+00	-2.695584377340010107e-02
2.492492492492492384e-01	8.372865786016313594e-01	1.624352956687573624e-01
2.502502502502502724e-01	1.415802620071898499e+00	-4.158335242041516500e-01
2.512512512512512508e-01	1.096698986302325318e+00	-9.747149410624589283e-02
2.522522522522522292e-01	1.304632344631335927e+00	-3.071345480368361525e-01
2.532532532532532632e-01	1.169992951963722216e+00	-1.752112324811369026e-01
2.542542542542542416e-01	1.462997422338368159e+00	-4.719154756693484387e-01
2.552552552552552756e-01	1.464172610627482607e+00	-4.777704739317681915e-01
2.562562562562562540e-01	1.048599275676429743e+00	-6.785235845638992735e-02
2.572572572572572325e-01	8.530630875798026480e-01	1.210587928589337281e-01
2.582582582582582664e-01	7.885987979119999380e-01	1.779347796460415410e-01
2.592592592592592449e-01	1.422790016826553927e+00	-4.648005045110650268e-01
2.602602602602602788e-01	8.927279238605121403e-01	5.577020969928303540e-02
2.612612612612612573e-01	1.082510533621154236e+00	-1.444417067249879061e-01
2.622622622622622357e-01	1.051666678364581609e+00	-1.249547729592962453e-01
2.632632632632632697e-01	1.201899460913062212e+00	-2.874608614678961782e-01
2.642642642642642481e-01	6.441492068857671560e-01	2.571118386601777273e-01
2.652652652652652820e-01	1.253874616300297173e+00	-3.666823418916930200e-01
2.662662662662662605e-01	1.343465703067598271e+00	-4.712195050481120528e-01
2.672672672672672389e-01	1.207929640280794414e+00	-3.514920443874477440e-01
2.682682682682682729e-01	1.082048304181308707e+00	-2.422662037227693022e-01
2.692692692692692513e-01	1.190625317468342770e+00	-3.683291358695328643e-01
2.702702702702702853e-01	1.269662330103936920e+00	-4.656651997369959384e-01
2.712712712712712637e-01	3.325896126884852477e-01	4.523134291979194477e-01
2.722722722722722422e-01	1.694642036429952592e+00	-9.296092389720613802e-01
2.732732732732732761e-01	1.228954613105806892e+00	-4.845485672173880376e-01
2.742742742742742545e-01	9.142154995431640563e-01	-1.911723154816538095e-01
2.752752752752752885e-01	9.756191944893038981e-01	-2.746538577217069177e-01
2.762762762762762669e-01	1.219877523942348718e+00	-5.416831881276817917e-01
2.772772772772773009e-01	1.028194268997466354e+00	-3.734415705577323052e-01
2.782782782782782793e-01	4.554574052251730287e-01	1.752061998173844448e-01
2.792792792792792578e-01	1.631016072043454557e+00	-1.025065195779904847e+00
2.802802802802802917e-01	9.830303631028711742e-01	-4.023914136742657854e-01
2.812812812812812702e-01	1.297483541288727338e+00	-7.427306869046091942e-01
2.822822822822823041e-01	7.848424874325843348e-01	-2.565242986865335917e-01
2.832832832832832826e-01	1.418920087837574950e+00	-9.175589952499684232e-01
2.842842842842842610e-01	1.038671428406137132e+00	-5.647632058156935031e-01
2.852852852852852950e-01	1.117160134042575415e+00	-6.711734083574991683e-01
2.862862862862862734e-01	6.186617636175575363e-01	-2.010375514110906425e-01
2.872872872872873073e-01	1.258071167961548831e+00	-8.692224393701616370e-01
2.882882882882882858e-01	1.089509510994812524e+00	-7.298207813502757269e-01
2.892892892892892642e-01	1.252715228207949227e+00	-9.225421778071116741e-01
2.902902902902902982e-01	6.728373937515085279e-01	-3.725065161397574376e-01
2.912912912912912766e-01	6.955045460556711356e-01	-4.253128251718886199e-01
2.922922922922923106e-01	1.487754530320061441e+00	-1.247969146822325293e+00
2.932932932932932890e-01	4.910685974530592524e-01	-2.819266645154920314e-01
2.942942942942942675e-01	7.397163727477238382e-01	-5.614247015897465554e-01
2.952952952952953014e-01	1.090705902546665884e+00	-9.434407979265253541e-01
2.962962962962962798e-01	7.728889425052186679e-01	-6.567960283799876287e-01
2.972972972972973138e-01	8.924756528459906191e-01	-8.076697283704808994e-01
2.982982982982982922e-01	5.865786003367313706e-01	-5.331435263436736793e-01
2.992992992992992707e-01	7.913995012229712023e-01	-7.693881172967418358e-01
3.003003003003003046e-01	2.836979311789796787e-01	-2.931320034048766621e-01
3.013013013013012831e-01	1.125928824091303460e+00	-1.166799023532013813e+00
3.023023023023023170e-01	5.904255808198555222e-01	-6.626914927404432554e-01
3.033033033033032955e-01	4.090395662784286346e-01	-5.126297301106672588e-01
3.043043043043043294e-01	7.784750715946960886e-01	-9.132870516012798756e-01
3.053053053053053079e-01	4.311171440320452630e-01	-5.970176306007584088e-01
3.063063063063062863e-01	1.549811262582222460e-01	-3.518060677259259861e-01
3.073073073073073203e-01	1.309526494787681128e-01	-3.585074143548508396e-01
3.083083083083082987e-01	7.028304515835901434e-01	-9.608900210124392549e-01
3.093093093093093326e-01	4.352642470837133071e-01	-7.235734373559359334e-01
3.103103103103103111e-01	4.227131469028290178e-01	-7.409868617951369529e-01
3.113113113113112895e-01	7.580107758486042124e-01	-1.105934288542887778e+00
3.123123123123123235e-01	9.640949731864556504e-02	-4.736387616214153828e-01
3.133133133133133019e-01	1.910668622953581308e-01	-5.972288528498290727e-01
3.143143143143143359e-01	2.710223719870103465e-01	-7.057154531414063792e-01
3.153153153153153143e-01	3.929183048364284225e-01	-8.557126278037264777e-01
3.163163163163162928e-01	3.359966535204593763e-01	-8.264345814368792009e-01
3.173173173173173267e-01	2.442267438158124693e-01	-7.618233042776904052e-01
3.183183183183183051e-01	2.935913973421206413e-01	-8.378347619736994378e-01
3.193193193193193391e-01	2.634380348427307617e-01	-8.337900254206321859e-01
3.203203203203203175e-01	6.681135739654188443e-02	-6.627079780304397927e-01
3.213213213213212960e-01	2.231900437106259030e-02	-6.431709992143052057e-01
3.223223223223223299e-01	3.217256768816393886e-01	-9.669191128203320496e-01
3.233233233233233084e-01	-3.266623052706239122e-02	-6.362306432172765147e-01
3.243243243243243423e-01	-1.270113507294198807e-01	-5.649275182481259261e-01
3.253253253253253208e-01	1.048223692279847546e-01	-8.191190056550056164e-01
3.263263263263262992e-01	1.331886262754777839e-01	-8.691366937595800257e-01
3.273273273273273332e-01	8.231445702955850763e-01	-1.580016322300576981e+00
3.283283283283283116e-01	-4.978728367842217423e-02	-7.272597158038655030e-01
3.293293293293293456e-01	4.159967703811734974e-01	-1.212450629886103082e+00
3.303303303303303240e-01	3.482154055547581062e-01	-1.163288547041019916e+00
3.313313313313313024e-01	-2.254437692920781278e-01	-6.074426643486942057e-01
3.323323323323323364e-01	3.353354637429650786e-01	-1.185211584933651530e+00
3.333333333333333148e-01	-2.459283779017839289e-01	-6.200970258826539183e-01
3.343343343343343488e-01	-6.876205421229010240e-01	-1.936977699869062430e-01
3.353353353353353272e-01	2.512421653715268821e-01	-1.146981889056781778e+00
3.363363363363363057e-01	-4.471829145451594600e-01	-4.620924632687286593e-01
3.373373373373373396e-01	1.865915263179072636e-01	-1.108503416003132180e+00
3.383383383383383181e-01	-1.508628671274602484e-01	-7.827738964833859114e-01
3.393393393393393520e-01	5.243331349468690616e-01	-1.468771540327697966e+00
3.403403403403403304e-01	3.470857167001927812e-01	-1.301391850428941233e+00
3.413413413413413644e-01	-1.014766640274931686e-01	-8.617535268664195947e-01
3.423423423423423428e-01	-1.758048361305681040e-01	-7.953969161398080079e-01
3.433433433433433213e-01	-3.351724141342138918e-01	-6.430405209989944471e-01
3.443443443443443552e-01	-1.157980708866283986e-01	-8.684587355467401348e-01
3.453453453453453337e-01	-7.258684737216289373e-02	-9.167405422813306171e-01
3.463463463463463676e-01	-9.981378066164310614e-02	-8.936058900561675289e-01
3.473473473473473461e-01	4.862811464152445168e-02	-1.045157717591861157e+00
3.483483483483483245e-01	1.708501900449493627e-01	-1.169504301121405687e+00
3.493493493493493585e-01	1.049374955960417771e-01	-1.104728589859967913e+00
3.503503503503503369e-01	-2.196692821117617600e-01	-7.802701460885319573e-01
3.513513513513513709e-01	-4.170025393738640562e-01	-5.820964268308175260e-01
3.523523523523523493e-01	3.954154954836963110e-01	-1.392686034856529087e+00
3.533533533533533277e-01	-1.995012861086155886e-01	-7.949546696466620599e-01
3.543543543543543617e-01	-1.891164765955890281e-01	-8.015415219738426522e-01
3.553553553553553401e-01	-1.504209143107398949e-01	-8.354595091366561199e-01
3.563563563563563741e-01	-5.318858465831102222e-01	-4.482421081390661755e-01
3.573573573573573525e-01	-1.338754814597074572e-01	-8.395307992962952603e-01
3.583583583583583310e-01	-1.292546223273341455e-01	-8.364674259880209295e-01
3.593593593593593649e-01	1.990327169580337896e-01	-1.156115572956304627e+00
3.603603603603603434e-01	2.272237501186356035e-01	-1.174720996839065723e+00
3.613613613613613773e-01	3.401792901492815130e-02	-9.709926282823659882e-01
3.623623623623623557e-01	3.105468005855330782e-01	-1.236072419507211251e+00
3.633633633633633342e-01	1.474045990904563341e-01	-1.060565926263439929e+00
3.643643643643643681e-01	4.980301695458845546e-02	-9.496970674779068311e-01
3.653653653653653466e-01	1.082196478684974289e-01	-9.939565562650277686e-01
3.663663663663663805e-01	1.553215176770378521e-02	-8.862360519328312813e-01
3.673673673673673590e-01	-3.378790878271674403e-02	-8.210219825242099922e-01
3.683683683683683929e-01	1.444226424828161555e-02	-8.525128629535078106e-01
3.693693693693693714e-01	-2.254203042706054705e-01	-5.950822708364825742e-01
3.703703703703703498e-01	1.950942373179563871e-01	-9.972174300730005658e-01
3.713713713713713838e-01	-1.635236339272996831e-01	-6.194269922811637130e-01
3.723723723723723622e-01	3.818553303107946606e-01	-1.144859164682321850e+00
3.733733733733733962e-01	7.691987643872853775e-02	-8.192224181843377195e-01
3.743743743743743746e-01	1.764261048115893793e-01	-8.972933237361753189e-01
3.753753753753753530e-01	3.206921808065622548e-01	-1.019411243158930391e+00
3.763763763763763870e-01	3.810080810042380528e-01	-1.056888054366917684e+00
3.773773773773773654e-01	-2.506104295638929558e-01	-4.017621069578983239e-01
3.783783783783783994e-01	1.606383289862716446e-01	-7.888583262819141018e-01
3.793793793793793778e-01	4.934918923352759612e-01	-1.096938131398702110e+00
3.803803803803803563e-01	-2.401462111719287473e-01	-3.379295483284431856e-01
3.813813813813813902e-01	3.840248148009307583e-01	-9.361584611540004763e-01
3.823823823823823687e-01	-3.683861597761797779e-01	-1.572593928551417330e-01
3.833833833833834026e-01	5.481664979486775349e-03	-5.041193362204788864e-01
3.843843843843843811e-01	3.297714041889536207e-01	-8.009081132719717555e-01
3.853853853853853595e-01	-1.475829308098231540e-01	-2.955869298343046792e-01
3.863863863863863934e-01	6.366157330560359706e-02	-4.784263544110104460e-01
3.873873873873873719e-01	-6.249475452533224951e-02	-3.234548044699977476e-01
3.883883883883884058e-01	8.627252380972998402e-01	-1.219477926511530974e+00
3.893893893893893843e-01	4.513046398522667646e-01	-7.785076807100391738e-01
3.903903903903903627e-01	5.877381628230224919e-01	-8.850679994901953229e-01
3.913913913913913967e-01	3.777594901448323439e-01	-6.449221062793539794e-01
3.923923923923923751e-01	3.592728334837573256e-01	-5.960040437754388076e-01
3.933933933933934091e-01	1.063620322960861717e-02	-2.167019146413009523e-01
3.943943943943943875e-01	4.156858153018727631e-01	-5.908822585537429894e-01
3.953953953953953659e-01	2.978780611360385966e-01	-4.420319922039979144e-01
3.963963963963963999e-01	7.900912250565472750e-01	-9.030600964856208002e-01
3.973973973973973783e-01	8.927183921066363936e-01	-9.743904939698435630e-01
3.983983983983984123e-01	1.009671412501367493e+00	-1.059965982864733869e+00
3.993993993993993907e-01	8.529510851545017980e-01	-8.718183899389688740e-01
4.004004004004003692e-01	4.508292754267747560e-01	-4.382506575880351640e-01
4.014014014014014031e-01	3.186339232049233416e-01	-2.746218211825428579e-01
4.024024024024023816e-01	8.881281436081168712e-01	-8.127260790257161416e-01
4.034034034034034155e-01	7.901810805017454031e-01	-6.834636151303871143e-01
4.044044044044043940e-01	1.904829580879918438e-01	-5.255562011533862488e-02
4.054054054054054279e-01	8.294634935506335349e-01	-6.604626732287846025e-01
4.064064064064064064e-01	9.832727525064718366e-01	-7.833655672816670634e-01
4.074074074074073848e-01	7.874068089170119800e-01	-5.567909381745731467e-01
4.084084084084084187e-01	7.377005212321746663e-01	-4.766040108200857439e-01
4.094094094094093972e-01	5.756815723830815967e-01	-2.843626091075351914e-01
4.104104104104104311e-01	4.102508996846463973e-01	-8.899755600050318627e-02
4.114114114114114096e-01	1.083680692043967886e+00	-7.328106411926376129e-01
4.124124124124123880e-01	7.828193792882048863e-01	-4.026795811646098344e-01
4.134134134134134220e-01	8.210646679355982913e-01	-4.120310259948521403e-01
4.144144144144144004e-01	1.412182204885246151e+00	-9.746591944283429232e-01
4.154154154154154344e-01	1.126923566191991855e+00	-6.613438343980340139e-01
4.164164164164164128e-01	1.055044719669989917e+00	-5.618686577705160889e-01
4.174174174174173912e-01	1.007352271267526689e+00	-4.870675592859481373e-01
4.184184184184184252e-01	1.429000523557686808e+00	-8.821216480640595714e-01
4.194194194194194036e-01	1.507095418801056352e+00	-9.341631641590377733e-01
4.204204204204204376e-01	1.297433926626225809e+00	-6.990148402352986956e-01
4.214214214214214160e-01	1.212984638458309616e+00	-5.896704705200938035e-01
4.224224224224223945e-01	4.484353437625730465e-01	1.991575378748203229e-01
4.234234234234234284e-01	1.105490079521337599e+00	-4.342588601804353576e-01
4.244244244244244069e-01	1.045911658767700869e+00	-3.517058526269785101e-01
4.254254254254254408e-01	1.126861474199788438e+00	-4.103675507170052583e-01
4.264264264264264193e-01	1.390572573584924143e+00	-6.524990419525862340e-01
4.274274274274273977e-01	3.318726097007464459e-01	4.270506817673415667e-01
4.284284284284284317e-01	9.733728822287089910e-01	-1.943502966452185232e-01
4.294294294294294101e-01	1.232758613568224026e+00	-4.344070748938185789e-01
4.304304304304304440e-01	1.030633583971981126e+00	-2.137425467790760036e-01
4.314314314314314225e-01	7.640983094008296783e-01	7.052443884698755827e-02
4.324324324324324564e-01	1.439631420127428951e+00	-5.881022823941176592e-01
4.334334334334334349e-01	1.279765214680402385e+00	-4.121717270128009147e-01
4.344344344344344133e-01	9.282619307193030744e-01	-4.546201799468407856e-02
4.354354354354354473e-01	1.313617440957780769e+00	-4.164840650154670865e-01
4.364364364364364257e-01	1.470063179771946338e+00	-5.594834761799110101e-01
4.374374374374374597e-01	1.242765620412034533e+00	-3.196400212177223921e-01
4.384384384384384381e-01	1.483154254600287603e+00	-5.483955979331366359e-01
4.394394394394394165e-01	1.279115250519127001e+00	-3.336478779252640692e-01
4.404404404404404505e-01	1.147413265690534034e+00	-1.921721080922470515e-01
4.414414414414414289e-01	9.301483545148288012e-01	3.392199230132153520e-02
4.424424424424424629e-01	1.246933005703347197e+00	-2.749867962511133301e-01
4.434434434434434413e-01	1.331575227179184528e+00	-3.527142697653231629e-01
4.444444444444444198e-01	1.532663006395260208e+00	-5.478552533830525206e-01
4.454454454454454537e-01	1.247950798374396930e+00	-2.581700826506134749e-01
4.464464464464464322e-01	1.417197328098350528e+00	-4.234224000929265319e-01
4.474474474474474661e-01	1.009358991329544430e+00	-1.257255117251010468e-02
4.484484484484484446e-01	1.062936748205158155e+00	-6.412447397788900716e-02
4.494494494494494230e-01	1.259368303160123048e+00	-2.595178762018226504e-01
4.504504504504504570e-01	9.848338331249965050e-01	1.506603864175237728e-02
4.514514514514514354e-01	1.528456175799302708e+00	-5.294956160404752366e-01
4.524524524524524693e-01	1.429208190397798228e+00	-4.321747706191080285e-01
4.534534534534534478e-01	1.376088694893426556e+00	-3.819683374034871237e-01
4.544544544544544262e-01	1.391894500184310823e+00	-4.016702466931121318e-01
4.554554554554554602e-01	1.880933485056731858e+00	-8.955845245891151940e-01
4.564564564564564386e-01	1.157607916460209552e+00	-1.781086170790929790e-01
4.574574574574574726e-01	6.472672021878899118e-01	3.254138525152702188e-01
4.584584584584584510e-01	1.338903659651528022e+00	-3.740026909567889524e-01
4.594594594594594295e-01	1.263001302287719785e+00	-3.068345675484683843e-01
4.604604604604604634e-01	1.121009648604860187e+00	-1.745226588700078407e-01
4.614614614614614418e-01	9.786008798752932059e-01	-4.272957432148072332e-02
4.624624624624624758e-01	1.127729417194438755e+00	-2.033992376171300798e-01
4.634634634634634542e-01	1.299483066452234548e+00	-3.876080421372005702e-01
4.644644644644644327e-01	1.092472486798119036e+00	-1.939543306782508525e-01
4.654654654654654666e-01	1.933318811896962197e+00	-1.049046028888184434e+00
4.664664664664664451e-01	9.468586843731039426e-01	-7.770569277110428441e-02
4.674674674674674790e-01	9.847607159733922089e-01	-1.315869827799996949e-01
4.684684684684684575e-01	5.374280294866702334e-01	2.989227794791065040e-01
4.694694694694694914e-01	1.262173404703236690e+00	-4.434725503374081779e-01
4.704704704704704699e-01	5.907220557476731138e-01	2.095192669063592472e-01
4.714714714714714483e-01	1.005649405521990669e+00	-2.246589378760719402e-01
4.724724724724724823e-01	1.070866298780760673e+00	-3.098989731190930907e-01
4.734734734734734607e-01	9.323808484025627452e-01	-1.921891517006182326e-01
4.744744744744744946e-01	1.631701569068468194e+00	-9.130174441999302504e-01
4.754754754754754731e-01	1.405225503169748480e+00	-7.087596251205260378e-01
4.764764764764764515e-01	1.485977411894485511e+00	-8.124184850076191511e-01
4.774774774774774855e-01	8.312049120497940757e-01	-1.812189889961470790e-01
4.784784784784784639e-01	1.400364360108173001e+00	-7.745941832563656426e-01
4.794794794794794979e-01	1.201779264126987767e+00	-6.008436299638649780e-01
4.804804804804804763e-01	1.263936212761834321e+00	-6.884293599919432127e-01
4.814814814814814548e-01	1.324701144417490095e+00	-7.751921663466830870e-01
4.824824824824824887e-01	7.481191894432321909e-01	-2.251514712274289565e-01
4.834834834834834671e-01	8.706134040294203347e-01	-3.747040853450303577e-01
4.844844844844845011e-01	1.227675814636539853e+00	-7.593152783038790155e-01
4.854854854854854795e-01	1.870028395451806269e-01	2.533457733894387554e-01
4.864864864864864580e-01	1.381151222200288853e+00	-9.692499739562947525e-01
4.874874874874874919e-01	1.086067114745018047e+00	-7.030205421418491696e-01
4.884884884884884704e-01	8.936418887282356893e-01	-5.398287696018959636e-01
4.894894894894895043e-01	9.531097358460405289e-01	-6.288799403616689432e-01
4.904904904904904828e-01	5.665588738100195698e-01	-2.722330184907373329e-01
4.914914914914914612e-01	7.453246700461971797e-01	-4.811938007295889497e-01
4.924924924924924952e-01	1.149092315130507691e+00	-9.154176191662553030e-01
4.934934934934934736e-01	1.192160718345422366e+00	-9.891732663186596497e-01
4.944944944944945076e-01	1.581390905440353434e+00	-1.409291422676185013e+00
4.954954954954954860e-01	7.614889625362901704e-01	-6.204476306113699824e-01
4.964964964964965199e-01	5.718520521093014564e-01	-4.620083405668007903e-01
4.974974974974974984e-01	5.932207927310586548e-01	-5.146833211653886186e-01
4.984984984984984768e-01	4.265406086052046519e-01	-3.793870392528970736e-01
4.994994994994995108e-01	6.761163472804779806e-01	-6.603933082234371144e-01
5.005005005005005447e-01	7.884502737751450940e-01	-8.041733128321865154e-01
5.015015015015015232e-01	6.453004693403637804e-01	-6.924540386926700819e-01
5.025025025025025016e-01	9.556754517710323027e-01	-1.034212923336701007e+00
5.035035035035034801e-01	5.477410787549883420e-01	-6.575847902974878423e-01
5.045045045045044585e-01	4.934350360427515181e-01	-6.344763679676688195e-01
5.055055055055055480e-01	4.034748205720136704e-01	-5.755743033361826466e-01
5.065065065065065264e-01	7.466336877811186046e-02	-2.776508208048734105e-01
5.075075075075075048e-01	7.245902301855064453e-02	-3.061337189828018390e-01
5.085085085085084833e-01	1.640737040327295282e-01	-4.282045733493348716e-01
5.095095095095094617e-01	8.639858191531523124e-01	-1.158311674472433328e+00
5.105105105105105512e-01	7.320393428990360496e-01	-1.056269138383408190e+00
5.115115115115115296e-01	8.515168488744806474e-01	-1.205329968000819152e+00
5.125125125125125081e-01	4.488634568073240211e-02	-4.279329182838985113e-01
5.135135135135134865e-01	-1.614476843605575085e-01	-2.504535638834322619e-01
5.145145145145144649e-01	1.977400624016971142e-01	-6.380886753363153030e-01
5.155155155155155544e-01	4.233354334560133769e-01	-8.916959697886746028e-01
5.165165165165165329e-01	4.999960648378221628e-01	-9.959053835222111406e-01
5.175175175175175113e-01	6.412196083994664564e-01	-1.164187326615266915e+00
5.185185185185184897e-01	4.007688183444916286e-01	-9.502777964152975265e-01
5.195195195195194682e-01	8.047417965152614538e-01	-1.380248649285150009e+00
5.205205205205205576e-01	2.180233092699856712e-01	-8.189589434331089324e-01
5.215215215215215361e-01	9.487953930308349812e-04	-6.267189722448358591e-01
5.225225225225225145e-01	-2.396467386547444234e-01	-4.103391843989002696e-01
5.235235235235234930e-01	-2.566879569062791022e-02	-6.478901311962375065e-01
5.245245245245244714e-01	2.872190416566274274e-01	-9.836849197058477046e-01
5.255255255255255609e-01	-5.741088340328839162e-02	-6.612732414652499058e-01
5.265265265265265393e-01	4.585606045246354845e-01	-1.198752301226577943e+00
5.275275275275275177e-01	5.827956842267570936e-01	-1.343763009888425008e+00
5.285285285285284962e-01	-5.300758417284343604e-01	-2.509146259174824811e-01
5.295295295295294746e-01	3.957345313193325054e-01	-1.195975853973363145e+00
5.305305305305305641e-01	-5.188715943656080354e-01	-2.998292600002198105e-01
5.315315315315315425e-01	2.374695751375397179e-01	-1.073820384103314707e+00
5.325325325325325210e-01	4.687293412109019841e-01	-1.321903074404294776e+00
5.335335335335334994e-01	1.233906341758001374e-01	-9.925436257777981996e-01
5.345345345345344779e-01	-2.807347106511136059e-01	-6.035380723576628803e-01
5.355355355355355673e-01	-9.181243022774544793e-02	-8.067057258921214169e-01
5.365365365365365458e-01	-9.926599081083301024e-03	-9.019484252339509123e-01
5.375375375375375242e-01	5.981700309780802090e-03	-9.303118798870890771e-01
5.385385385385385026e-01	-5.574561755645091217e-03	-9.302967437981662924e-01
5.395395395395394811e-01	1.453231952794315981e-02	-9.610193092627945521e-01
5.405405405405405705e-01	1.011977052223176632e-01	-1.057364439961568259e+00
5.415415415415415490e-01	-3.199972446888507127e-01	-6.449037240058884679e-01
5.425425425425425274e-01	-4.779265161599548228e-02	-9.248884030871644679e-01
5.435435435435435059e-01	4.589143687252423276e-01	-1.438413668106358401e+00
5.445445445445444843e-01	-1.004205811466876985e-01	-8.849283793209281601e-01
5.455455455455455738e-01	-1.219403918057182928e-01	-8.682838616854805514e-01
5.465465465465465522e-01	3.187702814723206157e-01	-1.312890638962259882e+00
5.475475475475475307e-01	-7.393091875809562064e-01	-2.577242321977338824e-01
5.485485485485485091e-01	3.456262794042443409e-01	-1.344586839163071534e+00
5.495495495495495986e-01	-1.826202243176228146e-01	-8.172796474491260676e-01
5.505505505505505770e-01	4.876435450111794162e-02	-1.048614781459418444e+00
5.515515515515515554e-01	2.766526965368143465e-02	-1.026477543880950583e+00
5.525525525525525339e-01	2.725370809405538441e-01	-1.269323521097588170e+00
5.535535535535535123e-01	-7.371337239722225432e-02	-9.200615556082023527e-01
5.545545545545546018e-01	-1.933147331457079621e-01	-7.964659825780751046e-01
5.555555555555555802e-01	3.870544754120864295e-01	-1.371862228424294283e+00
5.565565565565565587e-01	-6.752780111594733903e-01	-3.035829462543881974e-01
5.575575575575575371e-01	1.733794800891533955e-02	-9.892841574611493938e-01
5.585585585585585155e-01	-3.770378044722230149e-01	-5.870325423439286538e-01
5.595595595595596050e-01	-2.014526603711067343e-01	-7.537884972271795547e-01
5.605605605605605835e-01	6.114901646119698109e-01	-1.556957537205833075e+00
5.615615615615615619e-01	2.232934888088457595e-02	-9.570880055480359694e-01
5.625625625625625403e-01	9.909968646604475073e-02	-1.022225285660358196e+00
5.635635635635635188e-01	-4.686994329086390798e-01	-4.418802706833966920e-01
5.645645645645646082e-01	-1.567999561617188786e-01	-7.403334197805946371e-01
5.655655655655655867e-01	1.198641581683628499e-01	-1.002664070892982595e+00
5.665665665665665651e-01	1.772754291026634732e-01	-1.044868916770265610e+00
5.675675675675675436e-01	2.642593376826177787e-01	-1.115788475415930625e+00
5.685685685685685220e-01	9.590780075110730274e-02	-9.305305489989251777e-01
5.695695695695696115e-01	2.583289394412542905e-01	-1.075219976634159025e+00
5.705705705705705899e-01	2.498864987284768191e-01	-1.048238037402883016e+00
5.715715715715715683e-01	-4.043697241007430665e-01	-3.746528614827492887e-01
5.725725725725725468e-01	1.529366485795562447e-01	-9.118599400476450345e-01
5.735735735735735252e-01	3.769233677054592557e-01	-1.114996899337799219e+00
5.745745745745746147e-01	3.406997881092645453e-01	-1.057193711592047336e+00
5.755755755755755931e-01	7.746546393988573698e-02	-7.716712700806088732e-01
5.765765765765765716e-01	-3.758541273996025139e-02	-6.336458066009441614e-01
5.775775775775775500e-01	-1.166383002564512078e-01	-5.309545813809430914e-01
5.785785785785785285e-01	1.848179916921769694e-01	-8.081321596303950860e-01
5.795795795795796179e-01	5.695759653065098904e-01	-1.167995051697436448e+00
5.805805805805805964e-01	-3.131417461700200522e-01	-2.597905084720009694e-01
5.815815815815815748e-01	8.029356619919124360e-02	-6.271724416928180501e-01
5.825825825825825532e-01	-4.372118312954919456e-02	-4.765635288520303492e-01
5.835835835835835317e-01	5.344558491184864257e-01	-1.027631911017962807e+00
5.845845845845846211e-01	1.644133385769333544e-01	-6.299930703708906954e-01
5.855855855855855996e-01	2.025617976666291287e-01	-6.400848081235350762e-01
5.865865865865865780e-01	2.939687928807717121e-01	-7.030024348215173635e-01
5.875875875875875565e-01	5.047173522034700266e-01	-8.848571503270679095e-01
5.885885885885885349e-01	2.830465779819538730e-01	-6.339166288332869215e-01
5.895895895895896244e-01	-4.703370891734192649e-01	1.490837454892748881e-01
5.905905905905906028e-01	5.891729979368673931e-01	-8.804919612124133543e-01
5.915915915915915813e-01	5.785817550647012197e-01	-8.396782654767895870e-01
5.925925925925925597e-01	4.061474341974917746e-01	-6.367633049399334944e-01
5.935935935935935381e-01	1.738333965338229592e-01	-3.737405817586306744e-01
5.945945945945946276e-01	6.094372804256726894e-01	-7.784381007475228431e-01
5.955955955955956060e-01	6.374183188011571799e-01	-7.753456567738098437e-01
5.965965965965965845e-01	4.138973393013550828e-01	-5.206148046727145928e-01
5.975975975975975629e-01	5.072197783560477014e-01	-5.826218429384513176e-01
5.985985985985985414e-01	3.182817823541482238e-01	-3.622938843765334815e-01
5.995995995995996308e-01	5.552213570573983903e-01	-5.677999748961374271e-01
6.006006006006006093e-01	1.765028881093949620e-01	-1.576355833249273863e-01
6.016016016016015877e-01	7.689667446130753481e-01	-7.186721742497101939e-01
6.026026026026025662e-01	3.954160607221787749e-01	-3.137439588589746586e-01
6.036036036036035446e-01	7.590293530453418036e-01	-6.460604816162729414e-01
6.046046046046046341e-01	2.992313826398290688e-01	-1.550774515718692237e-01
6.056056056056056125e-01	5.581693559350023870e-01	-3.829729126831333819e-01
6.066066066066065909e-01	7.183012913865987059e-01	-5.122355799749075400e-01
6.076076076076075694e-01	2.887101570870552192e-01	-5.197894679537834461e-02
6.086086086086086588e-01	8.220635010068122472e-01	-5.549008848722918330e-01
6.096096096096096373e-01	6.991647458680617655e-01	-4.018349092008883794e-01
6.106106106106106157e-01	3.220838792626409819e-01	5.119161595130317099e-03
6.116116116116115942e-01	4.671040066633649346e-01	-1.103513182491349665e-01
6.126126126126125726e-01	1.039488720939575339e+00	-6.535391619442497690e-01
6.136136136136136621e-01	1.144916820306592031e+00	-7.301520392011831007e-01
6.146146146146146405e-01	8.710627002955751985e-01	-4.278928396514484755e-01
6.156156156156156189e-01	1.044979998897792139e+00	-5.738432898147749484e-01
6.166166166166165974e-01	1.010674411402973760e+00	-5.120367401619843051e-01
6.176176176176175758e-01	1.060349696352875126e+00	-5.347041437215547255e-01
6.186186186186186653e-01	1.359028835887855058e+00	-8.068951895347833414e-01
6.196196196196196437e-01	5.646254501830487715e-01	1.345030931732216217e-02
6.206206206206206222e-01	1.214591552206255365e+00	-6.111453131428301599e-01
6.216216216216216006e-01	9.249840219264567898e-01	-2.967640246308166363e-01
6.226226226226225791e-01	9.870505714247996831e-01	-3.346780349030092916e-01
6.236236236236236685e-01	9.814865869730731163e-01	-3.056066136103930964e-01
6.246246246246246470e-01	9.756344501529553570e-01	-2.769153878005881086e-01
6.256256256256256254e-01	7.448397389392644730e-01	-2.397252001468053173e-02
6.266266266266266038e-01	1.167356363501295569e+00	-4.250538217556883991e-01
6.276276276276275823e-01	1.616719020204413271e+00	-8.537151858328867471e-01
6.286286286286286717e-01	1.129889302561450037e+00	-3.469386763529863638e-01
6.296296296296296502e-01	1.161339729798218423e+00	-3.592165370431750215e-01
6.306306306306306286e-01	9.753325710195184239e-01	-1.548299959124321834e-01
6.316316316316316071e-01	1.152609003450177472e+00	-3.145384047449509834e-01
6.326326326326325855e-01	1.336875634783855515e+00	-4.820657434769304306e-01
6.336336336336336750e-01	1.105091187846087175e+00	-2.343872876809593997e-01
6.346346346346346534e-01	1.091433016206390105e+00	-2.056961078098612505e-01
6.356356356356356319e-01	1.353264530960418321e+00	-4.533704804371012642e-01
6.366366366366366103e-01	9.808193339722577342e-01	-6.765800679927469474e-02
6.376376376376375887e-01	1.328160247928751536e+00	-4.026346290070743628e-01
6.386386386386386782e-01	1.500873842511603051e+00	-5.638991432441650131e-01
6.396396396396396566e-01	1.667419272467608460e+00	-7.199220257471792284e-01
6.406406406406406351e-01	1.253831984298559021e+00	-2.967491283002881008e-01
6.416416416416416135e-01	1.684515030340930863e+00	-7.187929820255765101e-01
6.426426426426425920e-01	1.595199884567737536e+00	-6.217936038117354292e-01
6.436436436436436814e-01	1.008771733226800249e+00	-2.864377850462374031e-02
6.446446446446446599e-01	9.497157290634355986e-01	3.616469438395986113e-02
6.456456456456456383e-01	1.216528006739629797e+00	-2.258700081701980888e-01
6.466466466466466168e-01	1.608572925800400233e+00	-6.141169700451227786e-01
6.476476476476475952e-01	1.292765670207886242e+00	-2.954951308350537431e-01
6.486486486486486847e-01	1.141426747926183261e+00	-1.423277817215018448e-01
6.496496496496496631e-01	1.769559253996413783e+00	-7.696198257961200939e-01
6.506506506506506415e-01	1.406564394532294537e+00	-4.067733002683683319e-01
6.516516516516516200e-01	6.475805232504897591e-01	3.510735878259667597e-01
6.526526526526525984e-01	1.408698106207858736e+00	-4.121685032575217456e-01
6.536536536536536879e-01	1.467347890657806131e+00	-4.739282199399953432e-01
6.546546546546546663e-01	1.380770310759380726e+00	-3.914429211058872982e-01
6.556556556556556448e-01	1.445201070380091490e+00	-4.609442639467227210e-01
6.566566566566566232e-01	1.292598016820136531e+00	-3.143850816869275810e-01
6.576576576576576016e-01	9.237140533900584094e-01	4.748769888031878494e-02
6.586586586586586911e-01	1.193830383717844335e+00	-2.306001928239321819e-01
6.596596596596596696e-01	1.021622751436365828e+00	-6.731661770761709906e-02
6.606606606606606480e-01	1.017584226249657942e+00	-7.314582086882870371e-02
6.616616616616616264e-01	9.151786922401877744e-01	1.845807137065935688e-02
6.626626626626626049e-01	1.405497575096180007e+00	-4.835856854109532588e-01
6.636636636636636943e-01	1.294271524060789158e+00	-3.849961462469012607e-01
6.646646646646646728e-01	1.125191122645457842e+00	-2.294513989602023907e-01
6.656656656656656512e-01	1.057436907926376346e+00	-1.761185958165685239e-01
6.666666666666666297e-01	1.227221534398812208e+00	-3.611961306143719463e-01
6.676676676676676081e-01	1.536870390402715447e+00	-6.869942692120284411e-01
6.686686686686686976e-01	6.320735917422740657e-01	2.008128418984989061e-01
6.696696696696696760e-01	1.313314994073693898e+00	-4.982418525874313664e-01
6.706706706706706544e-01	1.034389780892537303e+00	-2.379359213876069967e-01
6.716716716716716329e-01	6.299274128459401156e-01	1.471195866363506077e-01
6.726726726726726113e-01	5.966275359177580784e-01	1.602442160872347143e-01
6.736736736736737008e-01	8.822103002930440363e-01	-1.462622328089409063e-01
6.746746746746746792e-01	1.194416276628692986e+00	-4.801196402016713050e-01
6.756756756756756577e-01	1.230930234709319837e+00	-5.389913657317717544e-01
6.766766766766766361e-01	8.331154183288419501e-01	-1.642185445845020242e-01
6.776776776776777256e-01	1.385804275143391884e+00	-7.406108392046996114e-01
6.786786786786787040e-01	1.489599853499526283e+00	-8.687478586562826788e-01
6.796796796796796825e-01	1.176855725896515548e+00	-5.809591052626166263e-01
6.806806806806806609e-01	8.730732298610613951e-01	-3.027212392831575283e-01
6.816816816816816393e-01	1.355366005884914404e+00	-8.111226412533345531e-01
6.826826826826827288e-01	1.235098338835682208e+00	-7.175017783738046884e-01
6.836836836836837072e-01	1.252364126724532012e+00	-7.619261988081111880e-01
6.846846846846846857e-01	7.940240952652164452e-01	-3.312297722979157255e-01
6.856856856856856641e-01	1.422321006029820256e-01	2.924609805514135075e-01
6.866866866866866426e-01	1.563264206474888951e+00	-1.157102215920415178e+00
6.876876876876877320e-01	4.619905364114790802e-01	-8.476127210870976203e-02
6.886886886886887105e-01	8.990198350684475148e-01	-5.510963223741628392e-01
6.896896896896896889e-01	1.584410260836283779e+00	-1.266136545943973069e+00
6.906906906906906674e-01	9.731964323297775943e-01	-6.848872420575554676e-01
6.916916916916916458e-01	1.134475987028442212e+00	-8.764164175995902140e-01
6.926926926926927353e-01	4.006270652558126533e-01	-1.730723003797304815e-01
6.936936936936937137e-01	3.013962608884155348e-01	-1.045713194207088526e-01
6.946946946946946921e-01	6.402869654181551073e-01	-4.743864788494425166e-01
6.956956956956956706e-01	1.092917746088436060e+00	-9.581057660818510513e-01
6.966966966966966490e-01	6.591616830492054158e-01	-5.555715192169639050e-01
6.976976976976977385e-01	5.108781952411914906e-01	-4.386122833206042571e-01
6.986986986986987169e-01	7.796714341115895675e-01	-7.388012346708762168e-01
6.996996996996996954e-01	1.016561022811048876e+00	-1.007126950585152336e+00
7.007007007007006738e-01	2.613289266632176644e-01	-2.833403105894440333e-01
7.017017017017016522e-01	3.081457579625793697e-01	-3.615808319556340633e-01
7.027027027027027417e-01	4.066806826691161114e-01	-4.914866071446246654e-01
7.037037037037037202e-01	9.308659507366703334e-01	-1.046958864861901928e+00
7.047047047047046986e-01	6.611756262040274779e-01	-8.084407308241685630e-01
7.057057057057056770e-01	1.194668819657206393e+00	-1.372960490815180679e+00
7.067067067067066555e-01	8.278543478443155523e-01	-1.036996280781879776e+00
7.077077077077077449e-01	5.250125838267595269e-01	-7.647979673244944543e-01
7.087087087087087234e-01	8.820001942863403555e-01	-1.152191915170123426e+00
7.097097097097097018e-01	5.584755294068840525e-01	-8.588064070186339771e-01
7.107107107107106803e-01	2.769408045627687054e-01	-6.071138549636034831e-01
7.117117117117116587e-01	6.558378324686455763e-01	-1.015526562113177933e+00
7.127127127127127482e-01	2.395080583103497696e-01	-6.283567869017391283e-01
7.137137137137137266e-01	3.373924401652866889e-01	-7.550166523717540823e-01
7.147147147147147050e-01	7.851392507442634949e-01	-1.231125976429338520e+00
7.157157157157156835e-01	3.519958933401913237e-01	-8.259041159306322877e-01
7.167167167167166619e-01	1.274100023143968918e-01	-6.287710949019993389e-01
7.177177177177177514e-01	2.091188608240239222e-01	-7.374370495700766082e-01
7.187187187187187298e-01	6.262941020492878152e-01	-1.181046956433404960e+00
7.197197197197197083e-01	1.530204462748221694e-01	-7.336593957034265312e-01
7.207207207207206867e-01	1.813412047042420316e-01	-7.872920809677879106e-01
7.217217217217216652e-01	1.285659897028901821e-01	-7.592295947454466010e-01
7.227227227227227546e-01	3.148215462793290120e-01	-9.695742447190648372e-01
7.237237237237237331e-01	1.330084736201766482e-01	-8.112028094348426865e-01
7.247247247247247115e-01	-2.392541421503169286e-01	-4.617111946172791637e-01
7.257257257257256899e-01	-4.656632574036033423e-02	-6.764768583211465680e-01
7.267267267267266684e-01	-7.399362831298314513e-02	-6.704124175754349046e-01
7.277277277277277578e-01	5.451996524251280229e-01	-1.310232449883018457e+00
7.287287287287287363e-01	4.063079930345188107e-01	-1.191211034920922618e+00
7.297297297297297147e-01	3.283953138906314795e-01	-1.132392444257570574e+00
7.307307307307306932e-01	-5.167323774413749848e-03	-8.171288578243934841e-01
7.317317317317316716e-01	-1.102848232357929587e-01	-7.294972772227458213e-01
7.327327327327327611e-01	-3.358735027689318392e-02	-8.228502456164528134e-01
7.337337337337337395e-01	-2.063294467365974771e-01	-6.659167512828881863e-01
7.347347347347347180e-01	8.143151918928857036e-01	-1.701507466301488414e+00
7.357357357357356964e-01	-5.712448588911368530e-01	-3.300161866548075862e-01
7.367367367367367859e-01	2.322579061798834277e-01	-1.146696505625049767e+00
7.377377377377377643e-01	-3.127939280093117169e-01	-6.139179773959732023e-01
7.387387387387387427e-01	2.080690963798669316e-02	-9.588757365341519234e-01
7.397397397397397212e-01	-2.467171637947408180e-01	-7.017809697650533307e-01
7.407407407407406996e-01	-3.106113648869823218e-01	-6.473781474285063009e-01
7.417417417417417891e-01	-3.068979455052911476e-01	-6.596356320527504424e-01
7.427427427427427675e-01	5.290459988754415699e-01	-1.503167879314177835e+00
7.437437437437437460e-01	-2.473880268913321648e-02	-9.560081145309060613e-01
7.447447447447447244e-01	-2.129211525018414597e-01	-7.734809841938730113e-01
7.457457457457457028e-01	1.671819252263492817e-01	-1.158263871895368613e+00
7.467467467467467923e-01	6.802317065531244926e-03	-1.001584036548116563e+00
7.477477477477477708e-01	2.103916188070832360e-01	-1.207889415401582900e+00
7.487487487487487492e-01	-5.306510223372152835e-01	-4.685764698588640309e-01
7.497497497497497276e-01	8.708651881997474253e-02	-1.087055614687721494e+00
7.507507507507507061e-01	2.249199663644159686e-01	-1.224641840634804746e+00
7.517517517517517955e-01	-4.810974136714781801e-01	-5.173886581990442268e-01
7.527527527527527740e-01	1.286733696354350753e-01	-1.124936280333989735e+00
7.537537537537537524e-01	4.925534150755160323e-01	-1.485608004215883682e+00
7.547547547547547309e-01	-1.952945474064813648e-03	-9.869113342893710561e-01
7.557557557557557093e-01	2.448233898366285188e-01	-1.228519516016238988e+00
7.567567567567567988e-01	2.068232445877152548e-01	-1.184378483535401427e+00
7.577577577577577772e-01	-1.886641541106051645e-01	-7.817835364091922923e-01
7.587587587587587556e-01	3.387418760662432027e-02	-9.962546968432577366e-01
7.597597597597597341e-01	-4.332560765749241538e-01	-5.201055958025055936e-01
7.607607607607607125e-01	-1.016020864692552816e-01	-8.417980118023269398e-01
7.617617617617618020e-01	1.116316371797284601e-01	-1.044137274659436176e+00
7.627627627627627804e-01	2.543778833459497957e-01	-1.175066946398812373e+00
7.637637637637637589e-01	5.991806200888364492e-02	-9.678801218884299784e-01
7.647647647647647373e-01	2.722307349828335665e-01	-1.166567948113861775e+00
7.657657657657657158e-01	-2.465332042035108251e-01	-6.332947916129201271e-01
7.667667667667668052e-01	5.430776538923913488e-02	-9.187565208491047519e-01
7.677677677677677837e-01	9.611917634785649422e-02	-9.443338762606584558e-01
7.687687687687687621e-01	6.397075133276024506e-01	-1.470849395643296642e+00
7.697697697697697405e-01	5.438223974488075319e-02	-8.676294249686150595e-01
7.707707707707707190e-01	-1.838817896608414826e-02	-7.761601249463618846e-01
7.717717717717718084e-01	1.442795043157222568e-01	-9.193432331953227399e-01
7.727727727727727869e-01	-1.181923265167341697e-01	-6.366204010440644767e-01
7.737737737737737653e-01	2.202166820283117943e-01	-9.540320073050403415e-01
7.747747747747747438e-01	7.120489691134682109e-02	-7.832971823423742208e-01
7.757757757757757222e-01	-3.319859555777972537e-01	-3.576791334004676970e-01
7.767767767767768117e-01	1.868269412939268792e-01	-8.533828544762979140e-01
7.777777777777777901e-01	1.255458955413236433e-01	-7.683335052278631450e-01
7.787787787787787686e-01	-2.453849595668538275e-01	-3.729987223493629322e-01
7.797797797797797470e-01	2.233742258520547141e-01	-8.167424876896776098e-01
7.807807807807807254e-01	6.912688092980069365e-01	-1.259034895392715736e+00
7.817817817817818149e-01	4.275529281082008359e-01	-9.691553996563901929e-01
7.827827827827827933e-01	4.731787118581754492e-01	-9.880820020989886654e-01
7.837837837837837718e-01	-7.711050003371160144e-02	-4.105844437799247570e-01
7.847847847847847502e-01	4.704872220036088182e-01	-9.304915594022230563e-01
7.857857857857857287e-01	3.946154173601682524e-01	-8.264742703734671014e-01
7.867867867867868181e-01	5.236395821534507444e-01	-9.269259046374316302e-01
7.877877877877877966e-01	5.110304993471845858e-01	-8.853454992712044280e-01
7.887887887887887750e-01	1.179054330442045294e-02	-3.567640770990133658e-01
7.897897897897897534e-01	4.111783971330904564e-01	-7.264693357085934000e-01
7.907907907907907319e-01	2.239496862604710425e-01	-5.092462523345228087e-01
7.917917917917918214e-01	4.485482409719943053e-01	-7.035683173723047412e-01
7.927927927927927998e-01	2.216336612342326706e-01	-4.461250698718067231e-01
7.937937937937937782e-01	8.802083741833712782e-01	-1.073949125420271766e+00
7.947947947947947567e-01	2.709688810944249626e-01	-4.337673932595202397e-01
7.957957957957957351e-01	2.790608043434223418e-01	-4.107560931790483760e-01
7.967967967967968246e-01	5.813428110318321629e-01	-6.818046488840004971e-01
7.977977977977978030e-01	2.684027968133725905e-01	-3.375318414081590612e-01
7.987987987987987815e-01	4.767518670942949011e-01	-5.144797597730119687e-01
7.997997997997997599e-01	3.793699962242315094e-01	-3.856594295403006356e-01
8.008008008008007383e-01	1.054321379444520312e+00	-1.029166134055147452e+00
8.018018018018018278e-01	8.956682871364405329e-01	-8.390932379526490070e-01
8.028028028028028062e-01	6.729170270491994232e-01	-5.849781186381405318e-01
8.038038038038037847e-01	5.993194224511105839e-01	-4.801036137149375382e-01
8.048048048048047631e-01	1.007280895301315038e+00	-8.569060734873801266e-01
8.058058058058058526e-01	8.709947310023700151e-01	-6.896095951297187554e-01
8.068068068068068310e-01	9.183855885700633603e-01	-7.061695023875567134e-01
8.078078078078078095e-01	7.860194150802982671e-01	-5.431822297017103729e-01
8.088088088088087879e-01	3.248293857731822110e-01	-5.161123216471708020e-02
8.098098098098097664e-01	7.998708691026144013e-01	-4.965419206279899078e-01
8.108108108108108558e-01	6.971358228648874000e-01	-3.639960281228300509e-01
8.118118118118118343e-01	1.057878178246390188e+00	-6.952569644647248470e-01
8.128128128128128127e-01	1.184692797309721435e+00	-7.929487445893237396e-01
8.138138138138137911e-01	7.222302560451405729e-01	-3.017507427759273386e-01
8.148148148148147696e-01	1.068181131773267456e+00	-6.193819515728077318e-01
8.158158158158158590e-01	1.458286864328024457e+00	-9.816118148815975442e-01
8.168168168168168375e-01	7.803797693329722618e-01	-2.763002135416464666e-01
8.178178178178178159e-01	1.483139062288262311e+00	-9.521534621589421432e-01
8.188188188188187944e-01	7.639642588972506143e-01	-2.065976826356098472e-01
8.198198198198197728e-01	1.036513473417419062e+00	-4.533170762111482510e-01
8.208208208208208623e-01	1.045547441085896700e+00	-4.370979200916804697e-01
8.218218218218218407e-01	1.068920636486821563e+00	-4.358196605599995443e-01
8.228228228228228192e-01	8.402082090317328777e-01	-1.830818237625447820e-01
8.238238238238237976e-01	9.273511577545595630e-01	-2.468491663993086505e-01
8.248248248248247760e-01	9.212082695085253015e-01	-2.180035904278438963e-01
8.258258258258258655e-01	1.222317334162534630e+00	-4.971053354021359727e-01
8.268268268268268439e-01	1.237228804848173880e+00	-4.907266165201215058e-01
8.278278278278278224e-01	1.804250549509804680e+00	-1.037196354654206676e+00
8.288288288288288008e-01	1.574011055665188064e+00	-7.871633602935995677e-01
8.298298298298297793e-01	1.040666455550798730e+00	-2.348033385931319605e-01
8.308308308308308687e-01	1.294901463301624478e+00	-4.708198071982592214e-01
8.318318318318318472e-01	1.502678140598501244e+00	-6.611928432984510717e-01
8.328328328328328256e-01	1.235018648530744612e+00	-3.769618176750578753e-01
8.338338338338338041e-01	1.220238518404664463e+00	-3.464586484919374154e-01
8.348348348348347825e-01	1.266349048906427077e+00	-3.777101822540716025e-01
8.358358358358358720e-01	1.515054440685868586e+00	-6.124353130168340709e-01
8.368368368368368504e-01	1.025641606161901809e+00	-1.099347776617328742e-01
8.378378378378378288e-01	1.183432774473742732e+00	-2.555437471772341596e-01
8.388388388388388073e-01	1.424212517593810956e+00	-4.850588399740443091e-01
8.398398398398397857e-01	1.385771324206678479e+00	-4.362816838518654983e-01
8.408408408408408752e-01	1.369500005471591786e+00	-4.106133107469418508e-01
8.418418418418418536e-01	1.200342910955940035e+00	-2.330073625586500663e-01
8.428428428428428321e-01	1.593376221551126903e+00	-6.185483748765931988e-01
8.438438438438438105e-01	1.940137305690846414e+00	-9.587811249372876210e-01
8.448448448448447889e-01	1.445842800800615224e+00	-4.589287057474554787e-01
8.458458458458458784e-01	1.276134945172071156e+00	-2.846388515746863801e-01
8.468468468468468568e-01	1.555435914240169470e+00	-5.603382687899035597e-01
8.478478478478478353e-01	1.184173625955246223e+00	-1.864584367589848801e-01
8.488488488488488137e-01	1.125091188115682650e+00	-1.257450516537017560e-01
8.498498498498497922e-01	1.354202349103953873e+00	-3.542134746282398217e-01
8.508508508508508816e-01	5.930591841773878992e-01	4.065835834848420260e-01
8.518518518518518601e-01	1.003834770975182922e+00	-5.526612703914635105e-03
8.528528528528528385e-01	1.231832356566690212e+00	-2.358459905275855917e-01
8.538538538538538170e-01	9.348782709970389071e-01	5.780141588648146644e-02
8.548548548548547954e-01	1.024897956361868756e+00	-3.650656572839550140e-02
8.558558558558558849e-01	1.193445294271765711e+00	-2.103195764760613651e-01
8.568568568568568633e-01	8.365999638929849658e-01	1.402879114685080530e-01
8.578578578578578417e-01	1.189868072894216589e+00	-2.201840412365289046e-01
8.588588588588588202e-01	1.147262964015820286e+00	-1.857416537686943370e-01
8.598598598598597986e-01	1.304396278494506900e+00	-3.519884956100545192e-01
8.608608608608608881e-01	1.625833845533205757e+00	-6.834813839988868045e-01
8.618618618618618665e-01	1.337449239880397656e+00	-4.060839504205425721e-01
8.628628628628628450e-01	1.287384739459162653e+00	-3.679276080689570794e-01
8.638638638638638234e-01	1.301891669644466454e+00	-3.952519068675762748e-01
8.648648648648649129e-01	1.330649091653227201e+00	-4.377232335036587152e-01
8.658658658658658913e-01	9.597472350825346776e-01	-8.141825649976530688e-02
8.668668668668668698e-01	1.211825845578120120e+00	-3.489622872921892549e-01
8.678678678678678482e-01	1.323269636150288253e+00	-4.767247458202271693e-01
8.688688688688688266e-01	8.205919624196901241e-01	8.797149105393975432e-03
8.698698698698699161e-01	1.457371194155504091e+00	-6.459580076926381142e-01
8.708708708708708945e-01	1.510563660712493927e+00	-7.179287699708080117e-01
8.718718718718718730e-01	1.000490922034114716e+00	-2.274181286453970108e-01
8.728728728728728514e-01	1.101235989240083368e+00	-3.484897507421276242e-01
8.738738738738738299e-01	9.036312923516588436e-01	-1.719559662499784425e-01
8.748748748748749193e-01	1.347571272512124718e+00	-6.376903802176955294e-01
8.758758758758758978e-01	8.269168733812363170e-01	-1.395323847521269256e-01
8.768768768768768762e-01	1.056639805750550387e+00	-3.924314449449360920e-01
8.778778778778778547e-01	8.565437121920179697e-01	-2.161682855189905883e-01
8.788788788788788331e-01	1.106808405921788419e+00	-4.908991523546061275e-01
8.798798798798799226e-01	5.557182287141751997e-01	3.511580629178390200e-02
8.808808808808809010e-01	1.445336323138826762e+00	-8.801617563734345229e-01
8.818818818818818794e-01	7.671056369984674550e-01	-2.281494146382503363e-01
8.828828828828828579e-01	1.047203275537030187e+00	-5.349983475839139579e-01
8.838838838838838363e-01	9.515223053225126959e-01	-4.665751686050216285e-01
8.848848848848849258e-01	7.732834543041382513e-01	-3.160736516250607364e-01
8.858858858858859042e-01	7.150503527850683438e-01	-2.860299987227421514e-01
8.868868868868868827e-01	1.225678329129109123e+00	-8.252716629613041643e-01
8.878878878878878611e-01	7.830186437531445609e-01	-4.116216099455738964e-01
8.888888888888888395e-01	9.948080588729862894e-01	-6.527879155473135242e-01
8.898898898898899290e-01	6.633649711616952382e-01	-3.510599269302070446e-01
8.908908908908909074e-01	6.891583371661406110e-01	-4.068772166921687528e-01
8.918918918918918859e-01	9.943225124840954221e-01	-7.423444510989686274e-01
8.928928928928928643e-01	1.108085366150667328e+00	-8.866595338291051176e-01
8.938938938938938428e-01	7.703355994446438038e-01	-5.796809544115781865e-01
8.948948948948949322e-01	3.852863019204140205e-01	-2.255913741328654798e-01
8.958958958958959107e-01	1.355825445381120931e+00	-1.227248150099251589e+00
8.968968968968968891e-01	5.092136655534567069e-01	-4.118811471851520079e-01
8.978978978978978676e-01	2.880514810506502599e-01	-2.220599874240261618e-01
8.988988988988988460e-01	1.470127162912540308e+00	-1.435541950100721387e+00
8.998998998998999355e-01	5.800544428421477994e-01	-5.769097106344118764e-01
9.009009009009009139e-01	2.525835081595981801e-01	-2.808823662427152312e-01
9.019019019019018923e-01	4.560593363810053202e-01	-5.157738012642126835e-01
9.029029029029028708e-01	7.415286241490915975e-01	-8.325996468357319547e-01
9.039039039039038492e-01	6.697668401865797261e-01	-7.921043645650349685e-01
9.049049049049049387e-01	3.493676216634183929e-01	-5.028506735596347532e-01
9.059059059059059171e-01	1.103238974417608986e+00	-1.287715781221099975e+00
9.069069069069068956e-01	4.054126912332632338e-01	-6.207008319783506867e-01
9.079079079079078740e-01	1.908608434883635185e-01	-4.367474292422128812e-01
9.089089089089088525e-01	7.932469457449538019e-01	-1.069488830124025736e+00
9.099099099099099419e-01	8.834877037701335256e-01	-1.189811723376916541e+00
9.109109109109109204e-01	2.427337935159001592e-01	-5.788370380581143726e-01
9.119119119119118988e-01	4.972047375033553096e-02	-4.152705855755546294e-01
9.129129129129128772e-01	7.363553022092894640e-01	-1.130990804958728946e+00
9.139139139139138557e-01	-1.775290828310234492e-01	-2.458015732255083574e-01
9.149149149149149451e-01	3.991050737257742509e-02	-4.915177037494716794e-01
9.159159159159159236e-01	6.586290439905905236e-01	-1.138066206279398251e+00
9.169169169169169020e-01	3.432346986331393790e-01	-8.500277326014116230e-01
9.179179179179178805e-01	2.624077946279368967e-01	-7.960555550300576488e-01
9.189189189189188589e-01	4.238013737336300268e-01	-9.837761598712226885e-01
9.199199199199199484e-01	2.622789498026719679e-01	-8.480270273445102980e-01
9.209209209209209268e-01	-9.253770490608585753e-02	-5.184044436393376865e-01
9.219219219219219053e-01	6.392077379850704677e-01	-1.274739823829453833e+00
9.229229229229228837e-01	6.421584437826162173e-01	-1.301652017318510435e+00
9.239239239239238621e-01	2.977827471327477160e-01	-9.805856642959340785e-01
9.249249249249249516e-01	2.365894921214145019e-01	-9.420265592673664479e-01
9.259259259259259300e-01	8.920179819535903887e-01	-1.619391623526639457e+00
9.269269269269269085e-01	1.213509051770418901e-01	-8.699418535120317930e-01
9.279279279279278869e-01	1.107255685852180233e-01	-8.797935751595330478e-01
9.289289289289288654e-01	2.776857863988533848e-01	-1.066470353831482143e+00
9.299299299299299548e-01	5.887682267171798767e-01	-1.396489360790987622e+00
9.309309309309309333e-01	6.106233978703915488e-01	-1.436482378833934703e+00
9.319319319319319117e-01	6.334967675822074373e-02	-9.065298491444422346e-01
9.329329329329328901e-01	2.182879231984799218e-01	-1.077955503379223634e+00
9.339339339339339796e-01	-2.850547885120730540e-01	-5.902501121657393046e-01
9.349349349349349581e-01	9.511732227387314012e-03	-8.995884030492936612e-01
9.359359359359359365e-01	-1.534604307225135300e-01	-7.505078527395023791e-01
9.369369369369369149e-01	-2.104506469665364810e-01	-7.065153548294760277e-01
9.379379379379378934e-01	5.592996404173318226e-01	-1.488356613371693227e+00
9.389389389389389828e-01	-1.621833988697580775e-01	-7.780458418400003628e-01
9.399399399399399613e-01	-9.326886763980761497e-02	-8.572028896603041126e-01
9.409409409409409397e-01	1.579913910972220448e-01	-1.117765785450410831e+00
9.419419419419419182e-01	4.235098351992763188e-01	-1.391637788101394602e+00
9.429429429429428966e-01	1.828001948158256007e-01	-1.158324367297663304e+00
9.439439439439439861e-01	8.408827641775025175e-01	-1.822838503475009420e+00
9.449449449449449645e-01	1.680838508662814770e-02	-1.004224678543417015e+00
9.459459459459459429e-01	1.121360187298828665e-01	-1.104036453988759492e+00
9.469469469469469214e-01	1.117821291879622092e-01	-1.107185859721974586e+00
9.479479479479478998e-01	4.445750139422396385e-01	-1.442497728970482784e+00
9.489489489489489893e-01	1.747758863762075010e-01	-1.174230784205276823e+00
9.499499499499499677e-01	-7.229969234492925230e-03	-9.927687945941044978e-01
9.509509509509509462e-01	-2.545531598641109783e-01	-7.450006153576529400e-01
9.519519519519519246e-01	9.100784187103501399e-02	-1.089128213909181575e+00
9.529529529529529031e-01	4.292431113494675765e-01	-1.424943083056305237e+00
9.539539539539539925e-01	-9.490845869540906476e-02	-8.973865089594045275e-01
9.549549549549549710e-01	1.768085537188169021e-01	-1.164717280658995158e+00
9.559559559559559494e-01	9.501020311957737718e-02	-1.077555790042205475e+00
9.569569569569569278e-01	2.788226780696904106e-01	-1.255033529044120799e+00
9.579579579579579063e-01	-2.018728289868542691e-01	-7.670379542492957725e-01
9.589589589589589957e-01	7.209046848999107748e-01	-1.681557287322231753e+00
9.599599599599599742e-01	-3.242695478992134728e-01	-6.271749267839635822e-01
9.609609609609609526e-01	-5.345499564846485641e-02	-8.878405098810392415e-01
9.619619619619619311e-01	3.335560190591524976e-01	-1.263771749887756979e+00
9.629629629629629095e-01	1.524708394927183075e-01	-1.070686946372993109e+00
9.639639639639639990e-01	3.173471844908969386e-01	-1.222655684073493676e+00
9.649649649649649774e-01	-5.780979982077207729e-02	-8.336958728775125671e-01
9.659659659659659559e-01	7.199019486110057320e-02	-9.488114700942557045e-01
9.669669669669669343e-01	1.041256738824733186e-01	-9.653955018217046380e-01
9.679679679679679127e-01	5.663977371744955969e-01	-1.411264446130314987e+00
9.689689689689690022e-01	3.189215852964850106e-01	-1.146549723899216611e+00
9.699699699699699806e-01	3.624278070607256375e-01	-1.171998970401470830e+00
9.709709709709709591e-01	-4.822012729380326795e-02	-7.424935116212905140e-01
9.719719719719719375e-01	4.356966859619355592e-01	-1.206770898660661118e+00
9.729729729729729160e-01	2.312270148610131304e-01	-9.818993201137395932e-01
9.739739739739740054e-01	5.826040490649513348e-01	-1.312132140187140639e+00
9.749749749749749839e-01	7.811257373256426106e-01	-1.488788216212148852e+00
9.759759759759759623e-01	1.255919717435506622e-01	-8.106890622273318359e-01
9.769769769769769407e-01	1.103081184731271036e-01	-7.721623583029966209e-01
9.779779779779779192e-01	-1.116892405708017240e-02	-6.267879866960345270e-01
9.789789789789790087e-01	2.132897169973520524e-01	-8.267184512640151084e-01
9.799799799799799871e-01	1.586820271866987986e-01	-7.469759923875034513e-01
9.809809809809809655e-01	3.897829816329899666e-01	-9.523604398514278202e-01
9.819819819819819440e-01	2.590054386164025169e-01	-7.953100818537870431e-01
9.829829829829829224e-01	2.143766416867758373e-01	-7.238781419706524778e-01
9.839839839839840119e-01	6.418950414144901639e-01	-1.124089575216539627e+00
9.849849849849849903e-01	8.158792295031276620e-02	-5.359986693951901415e-01
9.859859859859859688e-01	4.978073202083430626e-01	-9.239849325807796276e-01
9.869869869869869472e-01	2.712765429480043511e-01	-6.687995930319199367e-01
9.879879879879879256e-01	6.178059565472792114e-01	-9.862813513575332536e-01
9.889889889889890151e-01	8.291452429515574485e-01	-1.168208613446231503e+00
9.899899899899899935e-01	3.608543046920124064e-01	-6.701703660808816521e-01
9.909909909909909720e-01	5.966716560113991541e-01	-8.759345393042310413e-01
9.919919919919919504e-01	5.410895253754928191e-01	-7.900230798423877321e-01
9.929929929929930399e-01	2.738344927544054119e-01	-4.921925589990521210e-01
9.939939939939940183e-01	5.939799462406853969e-01	-7.815465996165218421e-01
9.949949949949949968e-01	6.274211290489015713e-01	-7.840108931774600887e-01
9.959959959959959752e-01	6.858433071871707920e-01	-8.113013373674691220e-01
9.969969969969969537e-01	5.275786263351788241e-01	-6.217808626628088531e-01
9.979979979979980431e-01	6.327090055833753945e-01	-6.955622956278555424e-01
9.989989989989990216e-01	2.896884618600072958e-01	-3.211306527791276122e-01
1.000000000000000000e+00	5.342750551158690353e-01	-5.342750551158702566e-01
