# Time	RLS_Output	RLS_Error
0.000000000000000000e+00	0.000000000000000000e+00	0.000000000000000000e+00
1.001001001001000992e-03	0.000000000000000000e+00	0.000000000000000000e+00
2.002002002002001985e-03	0.000000000000000000e+00	0.000000000000000000e+00
3.003003003003002977e-03	0.000000000000000000e+00	0.000000000000000000e+00
4.004004004004003969e-03	0.000000000000000000e+00	0.000000000000000000e+00
5.005005005005004962e-03	0.000000000000000000e+00	0.000000000000000000e+00
6.006006006006005954e-03	0.000000000000000000e+00	0.000000000000000000e+00
7.007007007007006946e-03	0.000000000000000000e+00	0.000000000000000000e+00
8.008008008008007939e-03	0.000000000000000000e+00	0.000000000000000000e+00
9.009009009009008931e-03	0.000000000000000000e+00	0.000000000000000000e+00
1.001001001001000992e-02	0.000000000000000000e+00	0.000000000000000000e+00
1.101101101101101092e-02	0.000000000000000000e+00	0.000000000000000000e+00
1.201201201201201191e-02	0.000000000000000000e+00	0.000000000000000000e+00
1.301301301301301290e-02	0.000000000000000000e+00	0.000000000000000000e+00
1.401401401401401389e-02	0.000000000000000000e+00	0.000000000000000000e+00
1.501501501501501488e-02	0.000000000000000000e+00	0.000000000000000000e+00
1.601601601601601588e-02	0.000000000000000000e+00	0.000000000000000000e+00
1.701701701701701513e-02	0.000000000000000000e+00	0.000000000000000000e+00
1.801801801801801786e-02	0.000000000000000000e+00	0.000000000000000000e+00
1.901901901901902059e-02	0.000000000000000000e+00	0.000000000000000000e+00
2.002002002002001985e-02	0.000000000000000000e+00	0.000000000000000000e+00
2.102102102102101910e-02	0.000000000000000000e+00	0.000000000000000000e+00
2.202202202202202183e-02	0.000000000000000000e+00	0.000000000000000000e+00
2.302302302302302456e-02	0.000000000000000000e+00	0.000000000000000000e+00
2.402402402402402382e-02	0.000000000000000000e+00	0.000000000000000000e+00
2.502502502502502307e-02	0.000000000000000000e+00	7.076624788865043536e-01
2.602602602602602580e-02	6.285615879525721095e-01	1.009665031696163062e-01
2.702702702702702853e-02	6.831505462909025495e-01	6.752175896182177617e-02
2.802802802802802778e-02	7.125930787940277789e-01	5.848113390469689143e-02
2.902902902902902704e-02	7.389232369370426490e-01	5.179040197805107049e-02
3.003003003003002977e-02	7.778224005910285843e-01	3.174876274971538681e-02
3.103103103103103250e-02	7.859388957025527089e-01	4.168924290017850254e-02
3.203203203203203175e-02	7.902575832913575349e-01	5.460912566446018968e-02
3.303303303303303101e-02	7.901744435601636418e-01	7.109538437906715025e-02
3.403403403403403027e-02	8.243591625103173781e-01	5.246211272283607396e-02
3.503503503503503647e-02	8.360045939218244682e-01	5.550107877645948928e-02
3.603603603603603572e-02	8.481572214784662833e-01	5.715127810413034304e-02
3.703703703703703498e-02	8.451855857449165343e-01	7.303052113535746237e-02
3.803803803803804118e-02	8.300552146365786088e-01	1.001605161920255949e-01
3.903903903903904044e-02	8.349537431831572931e-01	1.063417623463459583e-01
4.004004004004003969e-02	8.073127366968214647e-01	1.441317379863552572e-01
4.104104104104103895e-02	8.071219575180417216e-01	1.535306449042792565e-01
4.204204204204203821e-02	9.059743104458278795e-01	6.293647279032166253e-02
4.304304304304304440e-02	8.840601705858600612e-01	9.215068038856955024e-02
4.404404404404404366e-02	8.780144398446204645e-01	1.045311470780072582e-01
4.504504504504504292e-02	9.370359431955292973e-01	5.087278374464876407e-02
4.604604604604604912e-02	9.680981515706197360e-01	2.419681608419399499e-02
4.704704704704704837e-02	9.022717239133004608e-01	9.342824779353720022e-02
4.804804804804804763e-02	9.165234704348234063e-01	8.159690160332289111e-02
4.904904904904904689e-02	8.931160241711180170e-01	1.064377510506457902e-01
5.005005005005004615e-02	8.221116008575316547e-01	1.778871629710657709e-01
5.105105105105105234e-02	9.186943929448174728e-01	8.076050488425179363e-02
5.205205205205205160e-02	8.744614812094118061e-01	1.234612338188314506e-01
5.305305305305305086e-02	8.643736164700068780e-01	1.310301140640056650e-01
5.405405405405405705e-02	9.469151313791082103e-01	4.498530387976862333e-02
5.505505505505505631e-02	9.758554117212944190e-01	1.156088173549452147e-02
5.605605605605605557e-02	9.479747816344127331e-01	3.398095766309394694e-02
5.705705705705705483e-02	8.954165304597249131e-01	8.010764202211384521e-02
5.805805805805805409e-02	9.168695095589525224e-01	5.125844334316631556e-02
5.905905905905906028e-02	9.693127157684109374e-01	-9.538321415221928667e-03
6.006006006006005954e-02	9.557252355536680621e-01	-5.253478253556487232e-03
6.106106106106105880e-02	9.201589598896390276e-01	2.007028082011996784e-02
6.206206206206206499e-02	9.509181336858466560e-01	-2.186116073148391958e-02
6.306306306306305731e-02	1.028487487121478861e+00	-1.115214853254653526e-01
6.406406406406406351e-02	1.003532707230825327e+00	-9.956442376880914047e-02
6.506506506506506970e-02	9.741043896625942722e-01	-8.402771884068838126e-02
6.606606606606606202e-02	9.801835864357469896e-01	-1.048786857579339094e-01
6.706706706706706822e-02	1.025407263087015242e+00	-1.657396829062700583e-01
6.806806806806806054e-02	9.356897753868071987e-01	-9.250960300058452823e-02
6.906906906906906674e-02	9.307122436521108044e-01	-1.048532626885675390e-01
7.007007007007007293e-02	9.226867903466168253e-01	-1.149656562728100795e-01
7.107107107107106525e-02	9.258017124761993566e-01	-1.370171450435678784e-01
7.207207207207207145e-02	9.177916710380814580e-01	-1.487236644637645044e-01
7.307307307307307764e-02	9.053491213891606826e-01	-1.567581730541700580e-01
7.407407407407406996e-02	9.010833474349257965e-01	-1.737097058618769507e-01
7.507507507507507616e-02	9.010417738686219424e-01	-1.956047067226688307e-01
7.607607607607608236e-02	8.958229716377189567e-01	-2.130200544745298741e-01
7.707707707707707467e-02	8.900991309201738977e-01	-2.306055573842777928e-01
7.807807807807808087e-02	8.658141940214685306e-01	-2.302821081770843881e-01
7.907907907907907319e-02	8.493433384594052393e-01	-2.384011899139821811e-01
8.008008008008007939e-02	8.355503252362943556e-01	-2.498022476944550263e-01
8.108108108108108558e-02	8.618441210261654772e-01	-3.018693348885700400e-01
8.208208208208207790e-02	8.368946161394138494e-01	-3.032468557372912654e-01
8.308308308308308410e-02	8.157268822572459888e-01	-3.089338482889734117e-01
8.408408408408407642e-02	8.218552675698822529e-01	-3.424181052810723047e-01
8.508508508508508261e-02	8.221786218453859263e-01	-3.705714254684905340e-01
8.608608608608608881e-02	8.336958399423654020e-01	-4.103651838858308754e-01
8.708708708708708113e-02	8.360820956089036748e-01	-4.414465928594625832e-01
8.808808808808808732e-02	7.878715623604711782e-01	-4.223214505352521630e-01
8.908908908908909352e-02	7.891988517204953091e-01	-4.530956071782794581e-01
9.009009009009008584e-02	8.000432318096865059e-01	-4.937192122029027130e-01
9.109109109109109204e-02	7.757529363529688249e-01	-4.995110519738943378e-01
9.209209209209209823e-02	7.731963219538381393e-01	-5.273097361999879995e-01
9.309309309309309055e-02	7.487644576660896778e-01	-5.334763169209992828e-01
9.409409409409409675e-02	7.364965502492655247e-01	-5.520197434457729813e-01
9.509509509509508907e-02	7.778712369698446150e-01	-6.243881850736279215e-01
9.609609609609609526e-02	7.844894925829046795e-01	-6.621519682044473276e-01
9.709709709709710146e-02	8.379580573639072716e-01	-7.468870346772665814e-01
9.809809809809809378e-02	7.654989354655774569e-01	-7.057844705823671516e-01
9.909909909909909997e-02	7.305066692042750942e-01	-7.022078111211568219e-01
1.001001001001000923e-01	7.843593848383061395e-01	-7.875041170460421736e-01
1.011011011011010985e-01	6.580562204129745130e-01	-6.926414332247917693e-01
1.021021021021021047e-01	4.984801317876018656e-01	-5.644716254142225775e-01
1.031031031031030970e-01	4.330678559249500070e-01	-5.304003742932521526e-01
1.041041041041041032e-01	2.088551444015958047e-01	-3.374324396834642581e-01
1.051051051051051094e-01	2.271282306015076913e-01	-3.868231583890572312e-01
1.061061061061061017e-01	1.394001745444379825e-01	-3.300548195775024340e-01
1.071071071071071079e-01	-2.687472640126957468e-02	-1.945511059202892912e-01
1.081081081081081141e-01	-2.862936281939686134e-02	-2.233486985657283097e-01
1.091091091091091064e-01	1.210581830725032115e-01	-4.033393035464747367e-01
1.101101101101101126e-01	1.512508922757246910e-01	-4.635559365072142168e-01
1.111111111111111049e-01	2.233204722284933830e-01	-5.653406155541615963e-01
1.121121121121121111e-01	4.082564504620379842e-02	-4.122226788537716735e-01
1.131131131131131173e-01	4.300540711440892228e-02	-4.434120732822127708e-01
1.141141141141141097e-01	1.135611550618478016e-01	-5.425815091241741328e-01
1.151151151151151159e-01	3.484484892914435639e-02	-4.920546516082235367e-01
1.161161161161161082e-01	1.283421158229878511e-01	-6.132892525404751716e-01
1.171171171171171144e-01	9.473061660225357006e-02	-6.069355445553676898e-01
1.181181181181181206e-01	9.089101214461198230e-02	-6.298472345048284904e-01
1.191191191191191129e-01	1.752319602616034255e-01	-7.404065270269961641e-01
1.201201201201201191e-01	1.710833886517745261e-01	-7.619174236577322956e-01
1.211211211211211253e-01	-5.797647498530178467e-02	-5.579327785818777308e-01
1.221221221221221176e-01	2.380533169927553927e-02	-6.641807583723013941e-01
1.231231231231231238e-01	-1.062604198559262969e-01	-5.579479409496876929e-01
1.241241241241241300e-01	-2.847973881505984628e-01	-4.025871004785117058e-01
1.251251251251251362e-01	-1.722477284203162151e-01	-5.376331638741124186e-01
1.261261261261261146e-01	-4.866982433526742535e-01	-2.449770827490037051e-01
1.271271271271271208e-01	-5.042379336563165282e-01	-2.485083048416381057e-01
1.281281281281281270e-01	-5.445147677178557855e-01	-2.285580256708616975e-01
1.291291291291291332e-01	-6.889883109555914320e-01	-1.036465797860932625e-01
1.301301301301301394e-01	-7.352913164305378002e-01	-7.612187003232806504e-02
1.311311311311311179e-01	-6.886638079892891673e-01	-1.407253035357932669e-01
1.321321321321321240e-01	-9.188762890855330934e-01	7.233139875547267561e-02
1.331331331331331302e-01	-8.652731042384544935e-01	2.409545952523406420e-03
1.341341341341341364e-01	-8.238126372858224356e-01	-5.451634129694638009e-02
1.351351351351351426e-01	-6.611422122951885472e-01	-2.317836458543798273e-01
1.361361361361361211e-01	-4.668396721651706383e-01	-4.398000906117183195e-01
1.371371371371371273e-01	-6.716433718190608637e-01	-2.478137595711442653e-01
1.381381381381381335e-01	-4.905879250067559649e-01	-4.407773644530980084e-01
1.391391391391391397e-01	-6.556042782451485529e-01	-2.867481832891700666e-01
1.401401401401401459e-01	-7.438292597974396347e-01	-2.085785230870118578e-01
1.411411411411411521e-01	-6.767993986432871978e-01	-2.847219116038384179e-01
1.421421421421421305e-01	-7.742816804251247964e-01	-1.954023512325627765e-01
1.431431431431431367e-01	-6.206522409214347835e-01	-3.562356344400577912e-01
1.441441441441441429e-01	-2.657666590604951806e-01	-7.173590587352089987e-01
1.451451451451451491e-01	-1.479427315488402728e-01	-8.404486590846323990e-01
1.461461461461461553e-01	-3.720325718770215451e-01	-6.206471150064987174e-01
1.471471471471471337e-01	-1.690164645480503880e-01	-8.269699014910538715e-01
1.481481481481481399e-01	-1.327621661370876893e-01	-8.655459921341804863e-01
1.491491491491491461e-01	-2.112655011735200261e-01	-7.883772664887098713e-01
1.501501501501501523e-01	-2.500326611853544434e-01	-7.499562132903596634e-01
1.511511511511511585e-01	-1.412116174821492209e-01	-8.581345189798317286e-01
1.521521521521521647e-01	4.226092089478319935e-02	-1.039976110091044736e+00
1.531531531531531432e-01	8.370405441382360034e-02	-1.078801699864089692e+00
1.541541541541541493e-01	1.426825281093131170e-01	-1.134178621706698031e+00
1.551551551551551555e-01	-6.962050011882164879e-02	-9.172935949343383744e-01
1.561561561561561617e-01	1.214305862784946510e-01	-1.102786767032054138e+00
1.571571571571571679e-01	-1.591763546208684599e-01	-8.156514920536657165e-01
1.581581581581581464e-01	-2.712267085454631022e-01	-6.961088398518271436e-01
1.591591591591591526e-01	-3.974375725873964260e-01	-5.614491221372533980e-01
1.601601601601601588e-01	-3.100040309535431193e-01	-6.394856094012701941e-01
1.611611611611611650e-01	-8.236020091069076732e-02	-8.567934767090772397e-01
1.621621621621621712e-01	-1.222406319969066152e-01	-8.056483952996028597e-01
1.631631631631631496e-01	-5.048396021741491380e-02	-8.652228682827545203e-01
1.641641641641641558e-01	-2.658654190327225941e-01	-6.367537086363117549e-01
1.651651651651651620e-01	-1.555255974846868894e-01	-7.331132691676691682e-01
1.661661661661661682e-01	-1.610060771145114533e-01	-7.127737927982171762e-01
1.671671671671671744e-01	-2.282382940796570114e-01	-6.298185367760303910e-01
1.681681681681681528e-01	-6.636146224636105262e-02	-7.751238350536893140e-01
1.691691691691691590e-01	2.078778658040829619e-01	-1.031959521907447552e+00
1.701701701701701652e-01	5.136573812892606394e-01	-1.319520498246930185e+00
1.711711711711711714e-01	4.656169178101000616e-01	-1.252464613181690334e+00
1.721721721721721776e-01	8.016700397009866030e-01	-1.568724234556585495e+00
1.731731731731731838e-01	5.891710608257720860e-01	-1.335673249153824127e+00
1.741741741741741623e-01	5.299319422054112882e-01	-1.255143940965809168e+00
1.751751751751751685e-01	6.004817191000402232e-01	-1.303686398180724293e+00
1.761761761761761746e-01	8.143138633014724848e-01	-1.494815854656724952e+00
1.771771771771771808e-01	7.828069467631586509e-01	-1.439933332032347080e+00
1.781781781781781870e-01	6.077986396054215756e-01	-1.240899615532242484e+00
1.791791791791791655e-01	5.609090657653226231e-01	-1.169358586759540408e+00
1.801801801801801717e-01	3.996955615785720561e-01	-9.828919587848459205e-01
1.811811811811811779e-01	4.631471809052580269e-01	-1.020513757166900515e+00
1.821821821821821841e-01	2.957231045421484517e-01	-8.267087046714689524e-01
1.831831831831831903e-01	9.744948194190194979e-03	-5.138245039855147134e-01
1.841841841841841965e-01	7.549885675250039840e-02	-5.521739061989274777e-01
1.851851851851851749e-01	-1.412511330872946169e-01	-3.075480471131678550e-01
1.861861861861861811e-01	-1.215510626248131332e-02	-4.083244070067330034e-01
1.871871871871871873e-01	9.620778623089586146e-02	-4.879518389512937926e-01
1.881881881881881935e-01	8.111297388502540506e-02	-4.437341876666927032e-01
1.891891891891891997e-01	1.143272827378159218e-01	-4.474670774798735762e-01
1.901901901901901781e-01	1.694848901310992417e-01	-4.728138386057265663e-01
1.911911911911911843e-01	1.741624042711836795e-01	-4.473805578796499760e-01
1.921921921921921905e-01	1.401214176813884715e-01	-3.829586030599758106e-01
1.931931931931931967e-01	3.230844636056233177e-01	-5.353005497881311303e-01
1.941941941941942029e-01	4.616877484239949037e-01	-6.430728842966456638e-01
1.951951951951951814e-01	6.295312770088451471e-01	-7.799060988227821678e-01
1.961961961961961876e-01	8.082608992357583899e-01	-9.274767079719326013e-01
1.971971971971971938e-01	1.033982001353799252e+00	-1.121920909764861030e+00
1.981981981981981999e-01	1.137857823592643092e+00	-1.194432872776435728e+00
1.991991991991992061e-01	1.118514255968905635e+00	-1.143669501358281604e+00
2.002002002002001846e-01	1.336666555719092431e+00	-1.330377122403025414e+00
2.012012012012011908e-01	1.385817968212506468e+00	-1.348090075533789678e+00
2.022022022022021970e-01	1.381477290500771948e+00	-1.312348245905987643e+00
2.032032032032032032e-01	1.450865406925792245e+00	-1.350403569073624244e+00
2.042042042042042094e-01	1.442057236307013213e+00	-1.310361947471389232e+00
2.052052052052052156e-01	1.461548201456740692e+00	-1.298749689291646581e+00
2.062062062062061940e-01	1.330667811394276701e+00	-1.136927060157379987e+00
2.072072072072072002e-01	1.270070693295664688e+00	-1.045579284658092689e+00
2.082082082082082064e-01	1.038212351917239040e+00	-7.831922755169289374e-01
2.092092092092092126e-01	1.016548018578853130e+00	-7.312514525048035008e-01
2.102102102102102188e-01	8.888944166750265552e-01	-5.736034780995239446e-01
2.112112112112111972e-01	7.964700672885488553e-01	-4.514965334939587960e-01
2.122122122122122034e-01	8.474149428128923134e-01	-4.730999428888735814e-01
2.132132132132132096e-01	7.553758978281420733e-01	-3.520895753441615761e-01
2.142142142142142158e-01	8.058330242525379994e-01	-3.739741712392410933e-01
2.152152152152152220e-01	6.536993289517953887e-01	-1.936949915531845923e-01
2.162162162162162282e-01	6.238852522809616996e-01	-1.361903084673271591e-01
2.172172172172172067e-01	5.651044365841899619e-01	-5.020114634337780046e-02
2.182182182182182129e-01	4.928063717739783467e-01	4.879609977421139888e-02
2.192192192192192191e-01	4.935414297846658638e-01	7.422465631004193654e-02
2.202202202202202252e-01	4.390457724318762023e-01	1.543224894057442786e-01
2.212212212212212314e-01	4.471051740424432652e-01	1.712785078737724676e-01
2.222222222222222099e-01	4.677634925297904922e-01	1.750241171567479825e-01
2.232232232232232161e-01	6.256270971385322621e-01	4.092881604383913352e-02
2.242242242242242223e-01	6.681625268855710953e-01	2.150256209269041374e-02
2.252252252252252285e-01	6.294999858922651903e-01	8.259229953876012775e-02
2.262262262262262347e-01	6.246391004195928076e-01	1.091762248571349625e-01
2.272272272272272131e-01	7.185632634848270195e-01	3.624946407597140485e-02
2.282282282282282193e-01	7.279521596851306064e-01	4.711156919447079261e-02
2.292292292292292255e-01	7.521627129996477645e-01	4.238559091279581192e-02
2.302302302302302317e-01	6.025799435560615924e-01	2.106672416676714787e-01
2.312312312312312379e-01	6.191477417011441720e-01	2.119941406145491314e-01
2.322322322322322163e-01	5.614532029973524629e-01	2.867614969154492766e-01
2.332332332332332225e-01	5.494531276076279891e-01	3.149956278522365594e-01
2.342342342342342287e-01	4.863833729476781387e-01	3.934446228687509817e-01
2.352352352352352349e-01	5.559395507882367582e-01	3.383976623427903396e-01
2.362362362362362411e-01	6.093214680520442350e-01	2.986405918275019111e-01
2.372372372372372473e-01	6.217119492088531985e-01	2.989771138440100451e-01
2.382382382382382258e-01	6.170384797171637459e-01	3.154671577625435264e-01
2.392392392392392320e-01	6.378757996706942990e-01	3.055242986008865902e-01
2.402402402402402382e-01	5.807792976690306919e-01	3.725823747083983895e-01
2.412412412412412444e-01	5.547621299535193673e-01	4.076183792831140629e-01
2.422422422422422505e-01	5.760264205722914754e-01	3.944212699475054817e-01
2.432432432432432290e-01	7.805105698013454774e-01	1.970446691463405564e-01
2.442442442442442352e-01	8.214092222412150424e-01	1.622869039383949552e-01
2.452452452452452414e-01	7.198038130959393266e-01	2.690604666674963896e-01
2.462462462462462476e-01	7.137008755989548980e-01	2.793537135414128070e-01
2.472472472472472538e-01	7.638816512431823025e-01	2.323812594553721356e-01
2.482482482482482600e-01	8.152226115824154906e-01	1.832634602881069164e-01
2.492492492492492384e-01	6.938321862843916943e-01	3.058896879859970275e-01
2.502502502502502724e-01	7.527514412723175230e-01	2.472176545954293259e-01
2.512512512512512508e-01	7.581311328736122235e-01	2.410963593224672019e-01
2.522522522522522292e-01	8.120033424220698404e-01	1.854944541724299345e-01
2.532532532532532632e-01	7.339362889889717856e-01	2.608454304936135282e-01
2.542542542542542416e-01	7.414766111084675204e-01	2.496053355605521995e-01
2.552552552552552756e-01	7.131247756820194850e-01	2.732773610136949305e-01
2.562562562562562540e-01	6.763614670334119339e-01	3.043854501866278817e-01
2.572572572572572325e-01	6.069646828707206954e-01	3.671571975680156807e-01
2.582582582582582664e-01	5.830974687152165048e-01	3.834361088428249742e-01
2.592592592592592449e-01	5.038017435006714173e-01	4.541877688148174830e-01
2.602602602602602788e-01	5.480836676628044746e-01	4.004144658969907011e-01
2.612612612612612573e-01	6.234275588734423668e-01	3.146412680227239633e-01
2.622622622622622357e-01	4.659533497773552524e-01	4.607585556279301109e-01
2.632632632632632697e-01	5.205326516956720884e-01	3.939059477494939454e-01
2.642642642642642481e-01	5.410579340026523409e-01	3.602031115432925423e-01
2.652652652652652820e-01	4.751646481397686639e-01	4.120276262688354896e-01
2.662662662662662605e-01	4.621174426062666929e-01	4.101287554132195257e-01
2.672672672672672389e-01	4.541527990676462179e-01	4.022847968257004525e-01
2.682682682682682729e-01	4.878158929734193738e-01	3.519662074851200306e-01
2.692692692692692513e-01	4.891559697325403855e-01	3.331402118662695200e-01
2.702702702702702853e-01	3.760885170519803755e-01	4.279086133149606064e-01
2.712712712712712637e-01	4.012193524836655256e-01	3.836836894027391698e-01
2.722722722722722422e-01	5.396567593514649541e-01	2.253760381064262575e-01
2.732732732732732761e-01	5.084120201760318203e-01	2.359940257123870344e-01
2.742742742742742545e-01	3.692478220315771886e-01	3.537953620299330582e-01
2.752752752752752885e-01	4.837261694168284998e-01	2.172391673507684806e-01
2.762762762762762669e-01	4.938410308918477765e-01	1.843533049228191500e-01
2.772772772772773009e-01	5.388133230175680133e-01	1.159393754221660355e-01
2.782782782782782793e-01	4.666759454068896140e-01	1.639876596356678595e-01
2.792792792792792578e-01	5.892052749621048413e-01	1.674560130144475689e-02
2.802802802802802917e-01	6.670957118185616430e-01	-8.645676238995625429e-02
2.812812812812812702e-01	7.095115642501602649e-01	-1.547587098660421212e-01
2.822822822822823041e-01	6.553855410990316877e-01	-1.270673523529809446e-01
2.832832832832832826e-01	5.863641767147420580e-01	-8.500308412713553086e-02
2.842842842842842610e-01	6.778158342844800011e-01	-2.039076116940364281e-01
2.852852852852852950e-01	6.120781848360874466e-01	-1.660914591510112559e-01
2.862862862862862734e-01	5.662259526591706393e-01	-1.486017404527037455e-01
2.872872872872873073e-01	5.498308892747998389e-01	-1.609821606834126451e-01
2.882882882882882858e-01	6.095662620828966594e-01	-2.498775324383598617e-01
2.892892892892892642e-01	5.085663684183083788e-01	-1.783933180174707700e-01
2.902902902902902982e-01	4.589264780808946509e-01	-1.585956004691435606e-01
2.912912912912912766e-01	4.784060366639033557e-01	-2.082143157801208400e-01
2.922922922922923106e-01	5.445813415840686789e-01	-3.047959580863325857e-01
2.932932932932932890e-01	5.104270020441903366e-01	-3.012850691066231157e-01
2.942942942942942675e-01	4.672535965049916529e-01	-2.889619253470143700e-01
2.952952952952953014e-01	5.206533144645527633e-01	-3.733882098444122888e-01
2.962962962962962798e-01	3.039169657495194299e-01	-1.878240516242883906e-01
2.972972972972973138e-01	4.198548089145924256e-01	-3.350488844390826504e-01
2.982982982982982922e-01	4.060557215504947415e-01	-3.526206475574370502e-01
2.992992992992992707e-01	3.008558613535834425e-01	-2.788444774273540760e-01
3.003003003003003046e-01	2.135200761630404731e-01	-2.229541483889374842e-01
3.013013013013012831e-01	2.539615810204157720e-01	-2.948317804611260695e-01
3.023023023023023170e-01	1.731144138546867606e-01	-2.453803257752745215e-01
3.033033033033032955e-01	-5.121250394788062765e-02	-5.237765988435795494e-02
3.043043043043043294e-01	6.243704811293745993e-02	-1.972490281195212192e-01
3.053053053053053079e-01	1.640974522342686370e-03	-1.675414610910558599e-01
3.063063063063062863e-01	-3.505272691440800004e-02	-1.617722145532957401e-01
3.073073073073073203e-01	-2.024453645147847036e-01	-2.510940036129802322e-02
3.083083083083082987e-01	-1.261739228625378684e-01	-1.318856465663112432e-01
3.093093093093093326e-01	-1.682796512004536837e-01	-1.200295390717689981e-01
3.103103103103103111e-01	-1.900883559495327724e-01	-1.281853589427751627e-01
3.113113113113112895e-01	-2.565248430812995251e-01	-9.139866961298404036e-02
3.123123123123123235e-01	-2.414256563470616179e-01	-1.358036079557081999e-01
3.133133133133133019e-01	-2.329950523129592777e-01	-1.731669382415116643e-01
3.143143143143143359e-01	-1.903377978905020362e-01	-2.443552832638939964e-01
3.153153153153153143e-01	-2.691855331418485653e-01	-1.936087898254494899e-01
3.163163163163162928e-01	-3.291067899434884647e-01	-1.613311379729313599e-01
3.173173173173173267e-01	-2.053508004277163901e-01	-3.122457600341616013e-01
3.183183183183183051e-01	-2.762574468179521681e-01	-2.679859178136265729e-01
3.193193193193193391e-01	-2.992655729163553602e-01	-2.710864176615460641e-01
3.203203203203203175e-01	-2.507763992425520172e-01	-3.451202213913459049e-01
3.213213213213212960e-01	-2.831504701462749796e-01	-3.377015246969676254e-01
3.223223223223223299e-01	-2.351160171795979303e-01	-4.100774187590946473e-01
3.233233233233233084e-01	-2.760495412141912297e-01	-3.928473325301476970e-01
3.243243243243243423e-01	-2.683479662241174402e-01	-4.235909027534284221e-01
3.253253253253253208e-01	-3.361312237049504104e-01	-3.781654127220704931e-01
3.263263263263262992e-01	-2.310005990430850920e-01	-5.049474684410171221e-01
3.273273273273273332e-01	-1.590784651405595107e-01	-5.977932868644324493e-01
3.283283283283283116e-01	-2.127119666580981061e-01	-5.643350328241896197e-01
3.293293293293293456e-01	-1.060124334312290417e-01	-6.904414260737006259e-01
3.303303303303303240e-01	-4.157235347662874281e-02	-7.735007880096331778e-01
3.313313313313313024e-01	-1.142747882748226668e-01	-7.186116453659496806e-01
3.323323323323323364e-01	-1.644420510047467088e-01	-6.854340701859396034e-01
3.333333333333333148e-01	-1.388180660746277661e-01	-7.272073377098100533e-01
3.343343343343343488e-01	-2.248604091220670065e-01	-6.564579029877402050e-01
3.353353353353353272e-01	-1.845713426263969059e-01	-7.111683810588580457e-01
3.363363363363363057e-01	-1.502023807491473517e-01	-7.590729970647407399e-01
3.373373373373373396e-01	-2.303824083103785114e-01	-6.915294813748463776e-01
3.383383383383383181e-01	-2.971042565900145482e-01	-6.365325070208316394e-01
3.393393393393393520e-01	-2.425702605818892132e-01	-7.018681447989396638e-01
3.403403403403403304e-01	-1.634851625601578262e-01	-7.908209711685905141e-01
3.413413413413413644e-01	-1.030510965761470277e-01	-8.601790943177656246e-01
3.423423423423423428e-01	-1.015614443481828305e-01	-8.696403079221932675e-01
3.433433433433433213e-01	-7.435124258295031097e-02	-9.038616925502579447e-01
3.443443443443443552e-01	-8.085501832085091600e-02	-9.034017881125175897e-01
3.453453453453453337e-01	-1.795150605295237900e-01	-8.098123291239697208e-01
3.463463463463463676e-01	-2.448135769293991737e-01	-7.486060937884114752e-01
3.473473473473473461e-01	-2.294583880488396954e-01	-7.670712149014971004e-01
3.483483483483483245e-01	-2.503514393446176212e-01	-7.483026717318388421e-01
3.493493493493493585e-01	-2.958757374348877089e-01	-7.039153568290383856e-01
3.503503503503503369e-01	-3.394696751078288832e-01	-6.604697530924648063e-01
3.513513513513513709e-01	-3.458058665592712577e-01	-6.532930996454102690e-01
3.523523523523523493e-01	-8.538734326204439062e-02	-9.118831961107882744e-01
3.533533533533533277e-01	-1.124165796284772312e-01	-8.820393761268003896e-01
3.543543543543543617e-01	-5.193048306653541557e-04	-9.901386937387663956e-01
3.553553553553553401e-01	7.973287870205868211e-02	-1.065613302149454711e+00
3.563563563563563741e-01	-6.385480624986450415e-03	-9.737424740971899473e-01
3.573573573573573525e-01	5.467110355722230863e-02	-1.028077384313225151e+00
3.583583583583583310e-01	-5.151522712716011254e-02	-9.142068211881950734e-01
3.593593593593593649e-01	-2.504749463540874577e-01	-7.066079096441832963e-01
3.603603603603603434e-01	-1.455291500278100003e-01	-8.019680966926202581e-01
3.613613613613613773e-01	-2.297528742845465488e-01	-7.072218249828912118e-01
3.623623623623623557e-01	-1.258794770833769061e-01	-7.996461418383014053e-01
3.633633633633633342e-01	-1.081469708087317155e-01	-8.050143563642518929e-01
3.643643643643643681e-01	6.036886245997592770e-02	-9.602629129832943589e-01
3.653653653653653466e-01	1.894823627907214481e-01	-1.075219271187251691e+00
3.663663663663663805e-01	2.092626788043090991e-01	-1.079966578969436597e+00
3.673673673673673590e-01	1.953057653106390068e-01	-1.050115656617565785e+00
3.683683683683683929e-01	1.688878385936775639e-01	-1.006958437298903775e+00
3.693693693693693714e-01	1.500817062552516901e-01	-9.705842813623397625e-01
3.703703703703703498e-01	1.421937479039696861e-01	-9.443169406590138371e-01
3.713713713713713838e-01	1.238235192158941844e-01	-9.067741454243575250e-01
3.723723723723723622e-01	1.964460925966746707e-01	-9.594499269682019715e-01
3.733733733733733962e-01	3.121627431875947933e-01	-1.054465284933203906e+00
3.743743743743743746e-01	4.115013323620942409e-01	-1.132368551286680125e+00
3.753753753753753530e-01	3.820643728205719292e-01	-1.080783435172940177e+00
3.763763763763763870e-01	3.222981837675878980e-01	-9.981781571302675848e-01
3.773773773773773654e-01	4.140277701384798559e-01	-1.066400306660271191e+00
3.783783783783783994e-01	3.828091398874302609e-01	-1.011029137183072635e+00
3.793793793793793778e-01	3.821501478635259685e-01	-9.855963869269521727e-01
3.803803803803803563e-01	3.031809242198014731e-01	-8.812566837201734060e-01
3.813813813813813902e-01	1.643331924784021403e-01	-7.164668388314718861e-01
3.823823823823823687e-01	6.685750470387369360e-02	-5.925030573351952601e-01
3.833833833833834026e-01	1.006824042979490713e-02	-5.087059116707869366e-01
3.843843843843843811e-01	6.896768057161759002e-02	-5.401043896546358081e-01
3.853853853853853595e-01	6.731937913778048010e-02	-5.104892397819082994e-01
3.863863863863863934e-01	3.642912009865319212e-02	-4.511939012040600550e-01
3.873873873873873719e-01	8.918266918714604086e-02	-4.751322281824760241e-01
3.883883883883884058e-01	1.863580852711300417e-01	-5.431107736853612034e-01
3.893893893893893843e-01	2.236126914217989037e-01	-5.508157322795712574e-01
3.903903903903903627e-01	2.594694827654865366e-01	-5.567993194326594786e-01
3.913913913913913967e-01	2.695256095384300221e-01	-5.366882256729517131e-01
3.923923923923923751e-01	3.039573509680293384e-01	-5.406885612597108759e-01
3.933933933933934091e-01	3.003718112474006441e-01	-5.064375226590929202e-01
3.943943943943943875e-01	2.434914701416193705e-01	-4.186879133934895969e-01
3.953953953953953659e-01	2.899162689462906894e-01	-4.340702000142500072e-01
3.963963963963963999e-01	2.456539589147986868e-01	-3.586228303438722675e-01
3.973973973973973783e-01	3.884262677042296663e-01	-4.700983695674367802e-01
3.983983983983984123e-01	4.851158939128383807e-01	-5.354104642762047561e-01
3.993993993993993907e-01	5.886757798291804011e-01	-6.075430846136474772e-01
4.004004004004003692e-01	7.496586922450561019e-01	-7.370800744063165100e-01
4.014014014014014031e-01	8.492461267409487924e-01	-8.052340247185683086e-01
4.024024024024023816e-01	8.148602098038740804e-01	-7.394581452214733508e-01
4.034034034034034155e-01	8.748483718974910950e-01	-7.681309065261328062e-01
4.044044044044043940e-01	1.001751560642966332e+00	-8.638242226703131132e-01
4.054054054054054279e-01	9.561569578464201857e-01	-7.871561375245712533e-01
4.064064064064064064e-01	1.047048260069580516e+00	-8.471410748447757433e-01
4.074074074074073848e-01	9.046911694943852167e-01	-6.740752987519463835e-01
4.084084084084084187e-01	8.360009075487943031e-01	-5.749043971367053807e-01
4.094094094094093972e-01	8.544863739108962131e-01	-5.631674106353498077e-01
4.104104104104104311e-01	7.287190186558122340e-01	-4.074656749716690229e-01
4.114114114114114096e-01	6.897088699066116213e-01	-3.388388190552814039e-01
4.124124124124123880e-01	5.536741001839717846e-01	-1.735343020603767328e-01
4.134134134134134220e-01	6.511445500775145945e-01	-2.421109081367684435e-01
4.144144144144144004e-01	6.577247899261122743e-01	-2.202017794692091024e-01
4.154154154154154344e-01	7.192088002563390425e-01	-2.536290684623812020e-01
4.164164164164164128e-01	7.386235169932334754e-01	-2.454474550937597033e-01
4.174174174174173912e-01	7.355639250665368944e-01	-2.152792130849583430e-01
4.184184184184184252e-01	6.523296482853956357e-01	-1.054507727917683990e-01
4.194194194194194036e-01	6.591701217393263201e-01	-8.623786709730774103e-02
4.204204204204204376e-01	6.023545967556851455e-01	-3.935510364758032509e-03
4.214214214214214160e-01	6.931779834319183875e-01	-6.986381549370257460e-02
4.224224224224223945e-01	8.102037093172175242e-01	-1.626108276798241548e-01
4.234234234234234284e-01	9.584578386880480139e-01	-2.872266193471457729e-01
4.244244244244244069e-01	1.028766335804540910e+00	-3.345605296638185511e-01
4.254254254254254408e-01	9.695041488757114578e-01	-2.530102253929282785e-01
4.264264264264264193e-01	8.891856523785405253e-01	-1.511121207462026161e-01
4.274274274274273977e-01	9.457524046686602848e-01	-1.868291132005722721e-01
4.284284284284284317e-01	9.907049306359259067e-01	-2.116823450524354389e-01
4.294294294294294101e-01	8.436714037739762029e-01	-4.531986509957075526e-02
4.304304304304304440e-01	8.151775748212297668e-01	1.713462371675356088e-03
4.314314314314314225e-01	7.676189750878112950e-01	6.700377316000594163e-02
4.324324324324324564e-01	7.457229122666219068e-01	1.058062254666893853e-01
4.334334334334334349e-01	7.251084649280716832e-01	1.424850227395297875e-01
4.344344344344344133e-01	6.418306928287639268e-01	2.409692198958550691e-01
4.354354354354354473e-01	4.933216081666649266e-01	4.038117677756487556e-01
4.364364364364364257e-01	4.685506023068886083e-01	4.420291012851467194e-01
4.374374374374374597e-01	3.709944016298583058e-01	5.521311975644538350e-01
4.384384384384384381e-01	3.242656053600968535e-01	6.104930513070541132e-01
4.394394394394394165e-01	4.646751513348961748e-01	4.807922212589667565e-01
4.404404404404404505e-01	5.336404756286263762e-01	4.216006819696606067e-01
4.414414414414414289e-01	5.045830218820122059e-01	4.594873249341381305e-01
4.424424424424424629e-01	4.935018936103665599e-01	4.784443158418673070e-01
4.434434434434434413e-01	5.835874752856085035e-01	3.952734821282528621e-01
4.444444444444444198e-01	7.419245861914001150e-01	2.428831668208075723e-01
4.454454454454454537e-01	8.575752322081746648e-01	1.322054835156087904e-01
4.464464464464464322e-01	9.529305428813842349e-01	4.084438512403976151e-02
4.474474474474474661e-01	8.266739775538682888e-01	1.701124626031660370e-01
4.484484484484484446e-01	8.354411277796143231e-01	1.633711464476548247e-01
4.494494494494494230e-01	8.417593135673597793e-01	1.580911133909406185e-01
4.504504504504504570e-01	8.291582358510058981e-01	1.707416359157429842e-01
4.514514514514514354e-01	9.169898927498767449e-01	8.197066700895072611e-02
4.524524524524524693e-01	7.514034731228926844e-01	2.456299466557975153e-01
4.534534534534534478e-01	7.276699580935104272e-01	2.664503993964290052e-01
4.544544544544544262e-01	7.582211288662029647e-01	2.320031246249957269e-01
4.554554554554554602e-01	7.622951675203120114e-01	2.230537929473046521e-01
4.564564564564564386e-01	6.377047818406802460e-01	3.417945175404363267e-01
4.574574574574574726e-01	6.570716083598222568e-01	3.156094463433378738e-01
4.584584584584584510e-01	6.811066640716856302e-01	2.837943046230534394e-01
4.594594594594594295e-01	6.183593241008161767e-01	3.378074106384352238e-01
4.604604604604604634e-01	6.079567566071195639e-01	3.385302331277327825e-01
4.614614614614614418e-01	6.002053985528936764e-01	3.356659070009188062e-01
4.624624624624624758e-01	5.629379813532793264e-01	3.613921982240293485e-01
4.634634634634634542e-01	6.375751708527850337e-01	2.742998534622489437e-01
4.644644644644644327e-01	6.423796079221191224e-01	2.561385481977490608e-01
4.654654654654654666e-01	6.600217374255343827e-01	2.242510455832433802e-01
4.664664664664664451e-01	5.417552565259065034e-01	3.273977350760931548e-01
4.674674674674674790e-01	5.124431641906274093e-01	3.407305690027651046e-01
4.684684684684684575e-01	4.901749982746823608e-01	3.461758106910943766e-01
4.694694694694694914e-01	5.602474720467666147e-01	2.584533823190618973e-01
4.704704704704704699e-01	4.900065084212414379e-01	3.102348142327909231e-01
4.714714714714714483e-01	4.614705299085639645e-01	3.195199377373547645e-01
4.724724724724724823e-01	3.520997497614138938e-01	4.088675759002536880e-01
4.734734734734734607e-01	2.694818490406025169e-01	4.707098476613419957e-01
4.744744744744744946e-01	2.956704016544510760e-01	4.230137232140868675e-01
4.754754754754754731e-01	2.461418406820353733e-01	4.503240373671870689e-01
4.764764764764764515e-01	3.130783102515725669e-01	3.604806166352937935e-01
4.774774774774774855e-01	3.242626724461838972e-01	3.257232506074630995e-01
4.784784784784784639e-01	3.815923285161918477e-01	2.441778483356155105e-01
4.794794794794794979e-01	4.811184058231676164e-01	1.198172283399551730e-01
4.804804804804804763e-01	6.782114629386201132e-01	-1.027046101687290047e-01
4.814814814814814548e-01	6.800063942556541230e-01	-1.304974161848471148e-01
4.824824824824824887e-01	5.313502295841343592e-01	-8.382511368331124757e-03
4.834834834834834671e-01	5.559525448007263115e-01	-6.004322611633633455e-02
4.844844844844845011e-01	6.263699275845993064e-01	-1.580093912519384691e-01
4.854854854854854795e-01	5.550618641264690734e-01	-1.147132511918497189e-01
4.864864864864864580e-01	5.335011602598337399e-01	-1.215999120158396396e-01
4.874874874874874919e-01	5.019039374599634229e-01	-1.188573648567945451e-01
4.884884884884884704e-01	5.317302740710438957e-01	-1.779171549447042255e-01
4.894894894894895043e-01	5.119089203274675981e-01	-1.876791248430959569e-01
4.904904904904904828e-01	6.856481345918286063e-01	-3.913222792725463695e-01
4.914914914914914612e-01	6.063883702034829071e-01	-3.422575008868746771e-01
4.924924924924924952e-01	5.651862964795366651e-01	-3.315116005152842771e-01
4.934934934934934736e-01	4.024506572446284736e-01	-1.994632052178657022e-01
4.944944944944945076e-01	4.479320061922202334e-01	-2.758325234280517568e-01
4.954954954954954860e-01	3.235121936949602595e-01	-1.824708617700400159e-01
4.964964964964965199e-01	2.366008342679493670e-01	-1.267571227254487010e-01
4.974974974974974984e-01	1.812179525328932173e-01	-1.026804809672232088e-01
4.984984984984984768e-01	5.145595398117375208e-02	-4.302384628866180727e-03
4.994994994994995108e-01	7.592607964777214891e-02	-6.020304059073129654e-02
5.005005005005005447e-01	1.147246997742882302e-01	-1.304477388313296515e-01
5.015015015015015232e-01	1.597123376392267646e-01	-2.068659069915331217e-01
5.025025025025025016e-01	1.034947715830673576e-01	-1.820322431487361448e-01
5.035035035035034801e-01	1.790116628907405805e-01	-2.888553744332400530e-01
5.045045045045044585e-01	1.519106335286107001e-01	-2.929519654535279738e-01
5.055055055055055480e-01	1.653186528402678102e-01	-3.374181356044367863e-01
5.065065065065065264e-01	1.583058887040463825e-01	-3.612933407308079325e-01
5.075075075075075048e-01	3.028032419869297609e-02	-2.639550201629441428e-01
5.085085085085084833e-01	-3.808278372699486214e-02	-2.260480855896104813e-01
5.095095095095094617e-01	-2.050014023520388071e-03	-2.922758412957606744e-01
5.105105105105105512e-01	-2.122066967142374749e-01	-1.120230987701347214e-01
5.115115115115115296e-01	-1.327205884104444844e-01	-2.210925307158940201e-01
5.125125125125125081e-01	-1.708240536876135807e-01	-2.122225189155525216e-01
5.135135135135134865e-01	-2.148637975148687262e-01	-1.970374507291210442e-01
5.145145145145144649e-01	-2.229135514682739905e-01	-2.174350614663442538e-01
5.155155155155155544e-01	-3.142357550525809451e-01	-1.541247812800803363e-01
5.165165165165165329e-01	-3.844125285076824827e-01	-1.114967901767064395e-01
5.175175175175175113e-01	-3.408110068364006984e-01	-1.821567113793998716e-01
5.185185185185184897e-01	-2.481146314693841726e-01	-3.013943466014217254e-01
5.195195195195194682e-01	9.543151628779361628e-03	-5.850500043986680554e-01
5.205205205205205576e-01	3.821338603742022166e-02	-6.391490202005434274e-01
5.215215215215215361e-01	-6.179209700638316205e-03	-6.195909671511666827e-01
5.225225225225225145e-01	-7.111848461639214136e-02	-5.788674384372525239e-01
5.235235235235234930e-01	-1.362511223347607769e-01	-5.373078045521046953e-01
5.245245245245244714e-01	-1.122492833313418065e-01	-5.842165947178784569e-01
5.255255255255255609e-01	-9.226461063944799146e-02	-6.264195142290902574e-01
5.265265265265265393e-01	-7.878625829602818598e-02	-6.614054384059143699e-01
5.275275275275275177e-01	3.239265099398894177e-02	-7.933599766556568289e-01
5.285285285285284962e-01	-2.175597822471282694e-02	-7.592344894212039730e-01
5.295295295295294746e-01	3.224486685776267736e-04	-8.005637713226082530e-01
5.305305305305305641e-01	-3.006496871654670833e-02	-7.886358856492811098e-01
5.315315315315315425e-01	-1.034452476113242037e-01	-7.329055613544508407e-01
5.325325325325325210e-01	-1.779247373798576726e-01	-6.752489958135351467e-01
5.335335335335334994e-01	-2.862023493331012913e-01	-5.829506422688968126e-01
5.345345345345344779e-01	-2.771772916207800863e-01	-6.070954913879963444e-01
5.355355355355355673e-01	-2.158233744587782499e-01	-6.826947816610886566e-01
5.365365365365365458e-01	-1.030241308007669720e-01	-8.088508935142671996e-01
5.375375375375375242e-01	-1.918033539040974733e-01	-7.325268256732107020e-01
5.385385385385385026e-01	-3.338212557498955735e-01	-6.020500498039158543e-01
5.395395395395394811e-01	-3.970322830403479331e-01	-5.494547066945034697e-01
5.405405405405405705e-01	-3.394772314813335190e-01	-6.166895032579169378e-01
5.415415415415415490e-01	-3.212955652887046210e-01	-6.436054034060345597e-01
5.425425425425425274e-01	-2.672133453103290868e-01	-7.054677093928307663e-01
5.435435435435435059e-01	-1.782563181945085728e-01	-8.012429811866074170e-01
5.445445445445444843e-01	-4.822106956439285719e-02	-9.371278909032230153e-01
5.455455455455455738e-01	-2.467877240313783027e-02	-9.655454810880609307e-01
5.465465465465465522e-01	1.360682103023880263e-02	-1.007727178520178235e+00
5.475475475475475307e-01	-1.369544777663352364e-01	-8.600789420123549078e-01
5.485485485485485091e-01	-1.198895413989739533e-01	-8.790710183598533511e-01
5.495495495495495986e-01	-1.235647548596725265e-01	-8.763351169070763280e-01
5.505505505505505770e-01	-1.901481424179240487e-01	-8.097022845403762936e-01
5.515515515515515554e-01	-1.012056191771166513e-01	-8.976066550501524688e-01
5.525525525525525339e-01	9.913734581250456535e-02	-1.095923785969538988e+00
5.535535535535535123e-01	-2.971699929396712236e-02	-9.640579287114574569e-01
5.545545545545546018e-01	6.294072995246109692e-02	-1.052721445676244150e+00
5.555555555555555802e-01	-7.768297873876418846e-02	-9.071247742734437347e-01
5.565565565565565587e-01	-7.576838121340358223e-02	-9.030925762004580193e-01
5.575575575575575371e-01	5.060463343277166182e-02	-1.022550842885005640e+00
5.585585585585585155e-01	4.988173729272922519e-02	-1.013952084108880936e+00
5.595595595595596050e-01	-3.459809065188743094e-02	-9.206430669463988581e-01
5.605605605605605835e-01	-7.717711824645483339e-03	-9.377496607692177299e-01
5.615615615615615619e-01	-2.659771960401962135e-02	-9.081609370631318345e-01
5.625625625625625403e-01	-2.039370543092216409e-02	-9.027318937633912466e-01
5.635635635635635188e-01	-6.552547894746438284e-02	-8.450542246445713612e-01
5.645645645645646082e-01	-4.673914431539628878e-02	-8.503942316269171853e-01
5.655655655655655867e-01	2.559916768236632917e-02	-9.083990804069860259e-01
5.665665665665665651e-01	-5.290820823585030280e-02	-8.146852794317517299e-01
5.675675675675675436e-01	-5.242512408342819841e-02	-7.991040136498845925e-01
5.685685685685685220e-01	6.596930223401634152e-02	-9.005920504818342165e-01
5.695695695695696115e-01	9.603839764476349017e-02	-9.129294348376683077e-01
5.705705705705705899e-01	1.078011790320633906e-01	-9.061527177064695460e-01
5.715715715715715683e-01	1.973514638013401101e-01	-9.763740493848325208e-01
5.725725725725725468e-01	8.252063991545502408e-03	-7.671753554596343339e-01
5.735735735735735252e-01	1.470701640652009312e-01	-8.851436956975408110e-01
5.745745745745746147e-01	1.726291110329715717e-01	-8.891230345157543624e-01
5.755755755755755931e-01	1.985259230423875032e-01	-8.927317291831106116e-01
5.765765765765765716e-01	2.408121985513692609e-01	-9.120434178922737223e-01
5.775775775775775500e-01	3.026355511764426964e-01	-9.502284328138369540e-01
5.785785785785785285e-01	2.995883861108770141e-01	-9.229025540490951585e-01
5.795795795795796179e-01	3.091990650102108829e-01	-9.076181514011375517e-01
5.805805805805805964e-01	3.969126788465342504e-01	-9.698449334885552719e-01
5.815815815815815748e-01	2.501263951199731994e-01	-7.970052706135999365e-01
5.825825825825825532e-01	2.530860985487761727e-01	-7.733708105303557234e-01
5.835835835835835317e-01	1.846689563183381289e-01	-6.778450182178145100e-01
5.845845845845846211e-01	1.004656613275856925e-01	-5.660453931215430057e-01
5.855855855855855996e-01	2.184531315673128027e-01	-6.559761420242187224e-01
5.865865865865865780e-01	2.337488768741474987e-01	-6.427825188148931224e-01
5.875875875875875565e-01	3.022694360375295375e-01	-6.824092341611274204e-01
5.885885885885885349e-01	1.985276790234315469e-01	-5.493977298747645399e-01
5.895895895895896244e-01	9.790663720533482328e-02	-4.191599808894792001e-01
5.905905905905906028e-01	1.184020456003793964e-01	-4.097210088759253299e-01
5.915915915915915813e-01	1.648782953741367574e-01	-4.259748057862251525e-01
5.925925925925925597e-01	2.129494835343168357e-01	-4.435653542767585833e-01
5.935935935935935381e-01	2.197680177757089792e-01	-4.196752030005166390e-01
5.945945945945946276e-01	3.139030994952096698e-01	-4.829039198170598235e-01
5.955955955955956060e-01	4.223121821705881906e-01	-5.602395201432408545e-01
5.965965965965965845e-01	3.180276344027023749e-01	-4.247450997740618295e-01
5.975975975975975629e-01	3.431455240064075207e-01	-4.185475885888111924e-01
5.985985985985985414e-01	4.297350900845542387e-01	-4.737471921069394964e-01
5.995995995995996308e-01	5.343640355317851309e-01	-5.469426533705241678e-01
6.006006006006006093e-01	5.649331791465540542e-01	-5.460658743620864231e-01
6.016016016016015877e-01	5.451763518019625554e-01	-4.948817814385974012e-01
6.026026026026025662e-01	4.756084621714450344e-01	-3.939363603082409182e-01
6.036036036036035446e-01	4.955930740858165429e-01	-3.826242026567476806e-01
6.046046046046046341e-01	6.163666006220160920e-01	-4.722126695540562746e-01
6.056056056056056125e-01	5.106170062403179166e-01	-3.354205629884489115e-01
6.066066066066065909e-01	5.041425270228427902e-01	-2.980768156111516243e-01
6.076076076076075694e-01	4.451237704251208571e-01	-2.083925601334439826e-01
6.086086086086086588e-01	5.298399616983735516e-01	-2.626773455638531374e-01
6.096096096096096373e-01	5.191946165847607375e-01	-2.218647799175873514e-01
6.106106106106106157e-01	4.675662481844219398e-01	-1.403632073266506408e-01
6.116116116116115942e-01	4.723317452420061624e-01	-1.155790568277761943e-01
6.126126126126125726e-01	5.628542525398546603e-01	-1.769046935445290902e-01
6.136136136136136621e-01	5.894524965206742184e-01	-1.746877154152652323e-01
6.146146146146146405e-01	3.962003294721674340e-01	4.696953117195928895e-02
6.156156156156156189e-01	4.810169237065788916e-01	-9.880214623561756060e-03
6.166166166166165974e-01	5.842933902375138100e-01	-8.565571899652435484e-02
6.176176176176175758e-01	6.478013195699126037e-01	-1.221557669385922029e-01
6.186186186186186653e-01	6.663299263369979464e-01	-1.141962799839262299e-01
6.196196196196196437e-01	7.164535612688009980e-01	-1.383778017684300643e-01
6.206206206206206222e-01	8.183283272909391837e-01	-2.148820882275139788e-01
6.216216216216216006e-01	8.369925690144249808e-01	-2.087725717187848273e-01
6.226226226226225791e-01	9.106528275741674339e-01	-2.582802910523770423e-01
6.236236236236236685e-01	9.017856173664514641e-01	-2.259056440037714442e-01
6.246246246246246470e-01	9.290538698795426376e-01	-2.303348075271753892e-01
6.256256256256256254e-01	8.398859342234324954e-01	-1.190187152988485542e-01
6.266266266266266038e-01	9.181919734302457226e-01	-1.758894316846385530e-01
6.276276276276275823e-01	9.462723758801192542e-01	-1.832685415085927305e-01
6.286286286286286717e-01	1.019711294035487992e+00	-2.367606678270243181e-01
6.296296296296296502e-01	9.635916862498029589e-01	-1.614684934947595574e-01
6.306306306306306286e-01	9.335242465023124714e-01	-1.130216713952262308e-01
6.316316316316316071e-01	9.430038887476536180e-01	-1.049332900424271298e-01
6.326326326326325855e-01	8.603218340251647112e-01	-5.511942718239626338e-03
6.336336336336336750e-01	8.727447181574832236e-01	-2.040817992355448141e-03
6.346346346346346534e-01	8.383602249370603055e-01	4.737668345946854931e-02
6.356356356356356319e-01	7.068359135672044324e-01	1.930581369561126248e-01
6.366366366366366103e-01	5.852666362421135027e-01	3.278946909308695368e-01
6.376376376376375887e-01	6.361118558195110184e-01	2.894137631021661550e-01
6.386386386386386782e-01	6.965569055449485347e-01	2.404177937224895034e-01
6.396396396396396566e-01	7.140665013426424901e-01	2.334307453777867414e-01
6.406406406406406351e-01	7.417405200811026944e-01	2.153423359171682261e-01
6.416416416416416135e-01	8.083021656851119285e-01	1.574198826302424248e-01
6.426426426426425920e-01	8.858714777455549694e-01	8.753480301044713752e-02
6.436436436436436814e-01	9.934231923552079291e-01	-1.329523763303142037e-02
6.446446446446446599e-01	8.660441143380666063e-01	1.198363091093288535e-01
6.456456456456456383e-01	8.943235131371198854e-01	9.633448543231182271e-02
6.466466466466466168e-01	8.918264270520137593e-01	1.026295287032636949e-01
6.476476476476475952e-01	8.816509782441731558e-01	1.156195611286593428e-01
6.486486486486486847e-01	8.533735538518663066e-01	1.457254123528151091e-01
6.496496496496496631e-01	8.357232861233989674e-01	1.642161420768947222e-01
6.506506506506506415e-01	7.445794994081135210e-01	2.552115948558126846e-01
6.516516516516516200e-01	7.074297188299520922e-01	2.912243922465044266e-01
6.526526526526525984e-01	8.119656060386842844e-01	1.845639969116527057e-01
6.536536536536536879e-01	8.089106085498266596e-01	1.845090621679841281e-01
6.546546546546546663e-01	8.092667895826533009e-01	1.800606000708401266e-01
6.556556556556556448e-01	7.456082681649558452e-01	2.386485382684129242e-01
6.566566566566566232e-01	7.035920486987899958e-01	2.746208864344189537e-01
6.576576576576576016e-01	6.698070402448221827e-01	3.013947120255550116e-01
6.586586586586586911e-01	6.131604712432421334e-01	3.500697196506700193e-01
6.596596596596596696e-01	5.257774252498392809e-01	4.285287084789094481e-01
6.606606606606606480e-01	4.966120549389806960e-01	4.478263504418485419e-01
6.616616616616616264e-01	3.648722869981494421e-01	5.687644766126976892e-01
6.626626626626626049e-01	3.481144390069732530e-01	5.737974506782534956e-01
6.636636636636636943e-01	3.874065766182985815e-01	5.218688011955893158e-01
6.646646646646646728e-01	4.334943323865088627e-01	4.622453912987465885e-01
6.656656656656656512e-01	3.726000088332291349e-01	5.087183032765787427e-01
6.666666666666666297e-01	4.570843573640266388e-01	4.089410464204136231e-01
6.676676676676676081e-01	5.546648142737000686e-01	2.952113069169869375e-01
6.686686686686686976e-01	4.635724621507063548e-01	3.693139714900666171e-01
6.696696696696696760e-01	3.807474684908646045e-01	4.343256729953979267e-01
6.706706706706706544e-01	3.395584050455655589e-01	4.568954544593647471e-01
6.716716716716716329e-01	3.731612259905300877e-01	4.038857734917606357e-01
6.726726726726726113e-01	3.078959299687931139e-01	4.489758220361996788e-01
6.736736736736737008e-01	2.312160214652944079e-01	5.047320460188087221e-01
6.746746746746746792e-01	3.445463984242953526e-01	3.697502380027263280e-01
6.756756756756756577e-01	3.885147772837548863e-01	3.034240916937931964e-01
6.766766766766766361e-01	2.240856650657916393e-01	4.448112086785482866e-01
6.776776776776777256e-01	2.700618834980769156e-01	3.751315524406153568e-01
6.786786786786787040e-01	3.611279413545158135e-01	2.597240534887277907e-01
6.796796796796796825e-01	4.333383685489989867e-01	1.625582520848999346e-01
6.806806806806806609e-01	4.887991876768354449e-01	8.155280290106842189e-02
6.816816816816816393e-01	5.432105580858670457e-01	1.032806545712805502e-03
6.826826826826827288e-01	5.155089235049569174e-01	2.087636956920602138e-03
6.836836836836837072e-01	5.749809901202952434e-01	-8.454306220387436399e-02
6.846846846846846857e-01	5.450779385481788752e-01	-8.228361558087815553e-02
6.856856856856856641e-01	4.407580827484087749e-01	-6.065001594013241792e-03
6.866866866866866426e-01	4.233008607028463932e-01	-1.713887014837267575e-02
6.876876876876877320e-01	4.598259185146997274e-01	-8.259665421193040924e-02
6.886886886886887105e-01	5.020673071386125841e-01	-1.541437944443279084e-01
6.896896896896896889e-01	5.360985293575644128e-01	-2.178248144652535911e-01
6.906906906906906674e-01	5.340344302002270060e-01	-2.457252399280048794e-01
6.916916916916916458e-01	5.858389899421689861e-01	-3.277794205133169880e-01
6.926926926926927353e-01	6.632557358463930797e-01	-4.357009709703109079e-01
6.936936936936937137e-01	4.961317244869558607e-01	-2.993067830192491785e-01
6.946946946946946921e-01	5.149741214650658261e-01	-3.490736348963532354e-01
6.956956956956956706e-01	5.000719188127481507e-01	-3.652599388061631425e-01
6.966966966966966490e-01	3.402981178940014950e-01	-2.367079540617599287e-01
6.976976976976977385e-01	1.521764080234293826e-01	-7.991049610284214899e-02
6.986986986986987169e-01	5.793674037370288854e-02	-1.706654093298957259e-02
6.996996996996996954e-01	4.925954064332943583e-02	-3.982546841743298677e-02
7.007007007007006738e-01	1.366348640258802094e-02	-3.567487032881438286e-02
7.017017017017016522e-01	-1.337489009464080669e-01	8.031382695335334554e-02
7.027027027027027417e-01	-1.174316490698133764e-01	3.262572459430485017e-02
7.037037037037037202e-01	-1.014980349199667842e-02	-1.059431106332349160e-01
7.047047047047046986e-01	-1.749311108201284659e-03	-1.455157935119397450e-01
7.057057057057056770e-01	-3.786126794390276551e-03	-1.745055443635840642e-01
7.067067067067066555e-01	4.918731144816299028e-02	-2.583292443857272414e-01
7.077077077077077449e-01	9.253029889389416396e-02	-3.323156823916290636e-01
7.087087087087087234e-01	1.927815368045237565e-01	-4.629732576883067718e-01
7.097097097097097018e-01	1.822753072458924428e-01	-4.826061848576423952e-01
7.107107107107106803e-01	1.970056276135712103e-02	-3.498736131621918988e-01
7.117117117117116587e-01	1.728601698396196040e-01	-5.325488994841519608e-01
7.127127127127127482e-01	4.779633154672338624e-02	-4.366450601381127727e-01
7.137137137137137266e-01	2.374707008098075889e-02	-4.413712822874481523e-01
7.147147147147147050e-01	2.135878605948963171e-01	-6.595745862799713422e-01
7.157157157157156835e-01	2.478085750922015273e-01	-7.217167976826425191e-01
7.167167167167166619e-01	3.046751617205104012e-01	-8.060362543081127651e-01
7.177177177177177514e-01	1.872488522143178902e-01	-7.155670409603706039e-01
7.187187187187187298e-01	9.481681040690234652e-02	-6.495696647910195187e-01
7.197197197197197083e-01	4.732923969528526897e-02	-6.279681891238896307e-01
7.207207207207206867e-01	1.006604583918021406e-01	-7.066113346553479779e-01
7.217217217217216652e-01	1.279817185844833727e-02	-6.434617769010048116e-01
7.227227227227227546e-01	-7.881010076913938511e-02	-5.759425976705964123e-01
7.237237237237237331e-01	-1.160175006243733264e-01	-5.621768351902927119e-01
7.247247247247247115e-01	-1.060527847789942690e-01	-5.949125519886018232e-01
7.257257257257256899e-01	-2.719322034257317666e-01	-4.511109806357751495e-01
7.267267267267266684e-01	-4.304813927946129493e-01	-3.139246530938051283e-01
7.277277277277277578e-01	-4.966012665306506202e-01	-2.684315309272397032e-01
7.287287287287287363e-01	-4.457658416300537274e-01	-3.391372002563501908e-01
7.297297297297297147e-01	-4.498166981628868299e-01	-3.541804322040523756e-01
7.307307307307306932e-01	-3.470549951443930303e-01	-4.752411864544142106e-01
7.317317317317316716e-01	-3.221968840962767255e-01	-5.175852163622620683e-01
7.327327327327327611e-01	-3.321009475904279640e-01	-5.243366483029180403e-01
7.337337337337337395e-01	-2.615952542527907321e-01	-6.106509437666949314e-01
7.347347347347347180e-01	-1.759919876849957709e-01	-7.112002867236069115e-01
7.357357357357356964e-01	-2.661979677775516695e-01	-6.350630777683927697e-01
7.367367367367367859e-01	-2.037723126543349306e-01	-7.106662867908313252e-01
7.377377377377377643e-01	-2.636971717155703887e-01	-6.630147336897145305e-01
7.387387387387387427e-01	-2.672293069801113807e-01	-6.708395199160538391e-01
7.397397397397397212e-01	-1.793878431617589309e-01	-7.691102903980352457e-01
7.407407407407406996e-01	-2.082677205405492893e-01	-7.497217917749392502e-01
7.417417417417417891e-01	-2.747966277168694127e-01	-6.917369498411721773e-01
7.427427427427427675e-01	-2.218859678891816067e-01	-7.522359125495545751e-01
7.437437437437437460e-01	-1.030666543807745722e-01	-8.776802628392647021e-01
7.447447447447447244e-01	-1.442238102353038121e-01	-8.421783264604106867e-01
7.457457457457457028e-01	-1.609142024441958529e-01	-8.301677442248235339e-01
7.467467467467467923e-01	-1.708206047088656199e-01	-8.239611147737196939e-01
7.477477477477477708e-01	-1.001736882929350203e-01	-8.973241083015646158e-01
7.487487487487487492e-01	-1.047502599584741040e-01	-8.944772322376052243e-01
7.497497497497497276e-01	-1.793743229793464677e-01	-8.205947728884004366e-01
7.507507507507507061e-01	-2.036124359522447080e-01	-7.961094383181439582e-01
7.517517517517517955e-01	-2.912407948605122976e-01	-7.072452770100101649e-01
7.527527527527527740e-01	-1.920166954337723664e-01	-8.042462152647822382e-01
7.537537537537537524e-01	-3.396920277203391986e-02	-9.590853863683336256e-01
7.547547547547547309e-01	4.700583352173297313e-02	-1.035870113285168870e+00
7.557557557557557093e-01	1.015280170287814615e-01	-1.085224143208392000e+00
7.567567567567567988e-01	1.053934244535064957e-01	-1.082948663401192668e+00
7.577577577577577772e-01	1.263984129412384916e-01	-1.096846103461035948e+00
7.587587587587587556e-01	8.838008055793850071e-02	-1.050760589794571986e+00
7.597597597597597341e-01	2.956715331690472626e-01	-1.249033205546477010e+00
7.607607607607607125e-01	1.360286686451437632e-01	-1.079428766916725957e+00
7.617617617617618020e-01	2.207471885470106976e-01	-1.153252826026718303e+00
7.627627627627627804e-01	1.654425587611592086e-01	-1.086131621814022008e+00
7.637637637637637589e-01	1.859139719495903065e-01	-1.093876031829136730e+00
7.647647647647647373e-01	1.500113733196595800e-01	-1.044348586450687622e+00
7.657657657657657158e-01	3.920694238260230557e-02	-9.190349381990332578e-01
7.667667667667668052e-01	-2.894347328231643146e-02	-8.355052821775492689e-01
7.677677677677677837e-01	1.070586355598722728e-01	-9.552733354726742343e-01
7.687687687687687621e-01	1.612814182488049586e-01	-9.924233005644990113e-01
7.697697697697697405e-01	1.096489925411365668e-01	-9.228961777648708731e-01
7.707707707707707190e-01	1.402129494178132041e-01	-9.347612533302591675e-01
7.717717717717718084e-01	1.544157788662687547e-01	-9.294795077458692933e-01
7.727727727727727869e-01	1.975576492475761836e-01	-9.523703768083748855e-01
7.737737737737737653e-01	6.275856984860997412e-02	-7.965738951253384936e-01
7.747747747747747438e-01	7.731647740399860691e-02	-7.894087628350260344e-01
7.757757757757757222e-01	9.861377590415744410e-02	-7.882788648824223809e-01
7.767767767767768117e-01	-2.469001098874277697e-02	-6.418659021936282683e-01
7.777777777777777901e-01	1.679992200788801848e-02	-6.595875316944275202e-01
7.787787787787787686e-01	9.495009213125391034e-02	-7.133337740474706701e-01
7.797797797797797470e-01	7.822245707505529055e-02	-6.715907189126781862e-01
7.807807807807807254e-01	1.613691291623722268e-01	-7.291352152570810263e-01
7.817817817817818149e-01	2.461198946109607877e-01	-7.877223661591501447e-01
7.827827827827827933e-01	2.425914327128451398e-01	-7.574947229536582727e-01
7.837837837837837718e-01	2.613847412348738741e-01	-7.490796850485101910e-01
7.847847847847847502e-01	1.696685093804198297e-01	-6.296728467790340122e-01
7.857857857857857287e-01	1.508400978114919355e-01	-5.826989508247907290e-01
7.867867867867868181e-01	1.803547815915121089e-01	-5.836411040754929669e-01
7.877877877877877966e-01	2.676305434454386845e-01	-6.419455433694585267e-01
7.887887887887887750e-01	2.808049374646537366e-01	-6.257784712592466825e-01
7.897897897897897534e-01	3.775797425292848897e-01	-6.928706811047877778e-01
7.907907907907907319e-01	3.179160077998534062e-01	-6.032125738739051446e-01
7.917917917917918214e-01	3.312643009907088598e-01	-5.862843773910193512e-01
7.927927927927927998e-01	3.364506018568590440e-01	-5.609420104944331520e-01
7.937937937937937782e-01	5.276723187125901271e-01	-7.214130699494907262e-01
7.947947947947947567e-01	5.468400136117624877e-01	-7.096385257768578203e-01
7.957957957957957351e-01	5.519775495753220795e-01	-6.836728384109481693e-01
7.967967967967968246e-01	5.893215852079609629e-01	-6.897834230601292971e-01
7.977977977977978030e-01	5.206077581119806785e-01	-5.897368027067670937e-01
7.987987987987987815e-01	5.339867800490623040e-01	-5.717146727277793161e-01
7.997997997997997599e-01	5.010714134029947697e-01	-5.073608467190638960e-01
8.008008008008007383e-01	4.227518797273929763e-01	-3.975966343380200052e-01
8.018018018018018278e-01	4.680091693136898545e-01	-4.114341201298983286e-01
8.028028028028028062e-01	4.509516435807155998e-01	-3.630127351696567084e-01
8.038038038038037847e-01	3.295119853820158706e-01	-2.102961766458428250e-01
8.048048048048047631e-01	3.422060379474640701e-01	-1.918312161335291588e-01
8.058058058058058526e-01	4.854026483085229215e-01	-3.040175124358716063e-01
8.068068068068068310e-01	5.756760752725048613e-01	-3.634599890899982144e-01
8.078078078078078095e-01	6.591344615015635178e-01	-4.162972761229756236e-01
8.088088088088087879e-01	5.821595205979962495e-01	-3.089413669895311187e-01
8.098098098098097664e-01	6.364455685729215606e-01	-3.331166200982970671e-01
8.108108108108108558e-01	6.739905586203071008e-01	-3.408507638782497517e-01
8.118118118118118343e-01	7.435918439342660280e-01	-3.809706301526007421e-01
8.128128128128128127e-01	8.219617875921206851e-01	-4.302177348717230454e-01
8.138138138138137911e-01	7.441621365679117472e-01	-3.236826232986985130e-01
8.148148148148147696e-01	7.941814311409299831e-01	-3.453822509404702590e-01
8.158158158158158590e-01	8.140263970514505232e-01	-3.373513476050236659e-01
8.168168168168168375e-01	8.271397223838212742e-01	-3.230601665924954791e-01
8.178178178178178159e-01	8.038741720464052110e-01	-2.728885719170850432e-01
8.188188188188187944e-01	8.913978412352988601e-01	-3.340312649736580930e-01
8.198198198198197728e-01	8.660866226746405383e-01	-2.828902254683697270e-01
8.208208208208208623e-01	8.250772065460515448e-01	-2.166276855518353139e-01
8.218218218218218407e-01	8.503933621089633244e-01	-2.172923861821413061e-01
8.228228228228228192e-01	7.481342611951641297e-01	-9.100787592597603393e-02
8.238238238238237976e-01	6.796832193072337436e-01	8.187720480171689630e-04
8.248248248248247760e-01	5.902099846158694874e-01	1.129946944648119178e-01
8.258258258258258655e-01	6.910759778090806993e-01	3.413602095131795799e-02
8.268268268268268439e-01	7.533872142000742622e-01	-6.885025872021888205e-03
8.278278278278278224e-01	7.657756402997257794e-01	1.278554555872335463e-03
8.288288288288288008e-01	7.516599517133806252e-01	3.518774365820787065e-02
8.298298298298297793e-01	8.018940480743150800e-01	3.969068883351689614e-03
8.308308308308308687e-01	8.514001338615571068e-01	-2.731847775819185031e-02
8.318318318318318472e-01	9.207934628601827098e-01	-7.930816556013253749e-02
8.328328328328328256e-01	9.300877400428764208e-01	-7.203090918718968449e-02
8.338338338338338041e-01	7.997778043059241559e-01	7.400206560680289147e-02
8.348348348348347825e-01	7.829212513445369392e-01	1.057176153078185354e-01
8.358358358358358720e-01	7.453735589250005678e-01	1.572455687440339478e-01
8.368368368368368504e-01	7.869091393133977874e-01	1.287976891867711471e-01
8.378378378378378288e-01	8.260266104241175134e-01	1.018624168723910595e-01
8.388388388388388073e-01	7.713127570664032318e-01	1.678409205533634152e-01
8.398398398398397857e-01	7.839586535413602952e-01	1.655309868134526852e-01
8.408408408408408752e-01	9.018779260715181767e-01	5.700876865313175834e-02
8.418418418418418536e-01	8.497325342073148713e-01	1.176030141899750969e-01
8.428428428428428321e-01	9.789010608567549898e-01	-4.073214182221285284e-03
8.438438438438438105e-01	9.311143298782189603e-01	5.024185087533983296e-02
8.448448448448447889e-01	9.172724986415567994e-01	6.964159641160294623e-02
8.458458458458458784e-01	8.884470159845221371e-01	1.030490776128626385e-01
8.468468468468468568e-01	8.925856770571954923e-01	1.025119683930704184e-01
8.478478478478478353e-01	8.193620970707367057e-01	1.783530921255246371e-01
8.488488488488488137e-01	7.445069881819005309e-01	2.548391482800803631e-01
8.498498498498497922e-01	6.541520546637582534e-01	3.458368198119557979e-01
8.508508508508508816e-01	5.816003653968135900e-01	4.180424022654163352e-01
8.518518518518518601e-01	5.256301962402509798e-01	4.726779620310173069e-01
8.528528528528528385e-01	6.231848722134292196e-01	3.728014938256754007e-01
8.538538538538538170e-01	6.509987144338603704e-01	3.416809724496600031e-01
8.548548548548547954e-01	5.449302242111173644e-01	4.434611664223558902e-01
8.558558558558558849e-01	4.897551886888887318e-01	4.933705291068156140e-01
8.568568568568568633e-01	4.858587317355425594e-01	4.910291436259504594e-01
8.578578578578578417e-01	4.282503694041136511e-01	5.414336622535740329e-01
8.588588588588588202e-01	3.613365019531305511e-01	6.001848082939953422e-01
8.598598598598597986e-01	3.158850056412910168e-01	6.365227772431614195e-01
8.608608608608608881e-01	3.371333912191821214e-01	6.052190703151367757e-01
8.618618618618618665e-01	2.435764325208480963e-01	6.877888569390069318e-01
8.628628628628628450e-01	2.062606312180135237e-01	7.131965001721920494e-01
8.638638638638638234e-01	2.362647286565607851e-01	6.703750341203293939e-01
8.648648648648649129e-01	2.707713172024771575e-01	6.221545409470913279e-01
8.658658658658658913e-01	2.814030075125039665e-01	5.969259710702654598e-01
8.668668668668668698e-01	2.652564967499621562e-01	5.976070615359687643e-01
8.678678678678678482e-01	3.707868055147103270e-01	4.757580848153507569e-01
8.688688688688688266e-01	5.464411741744100715e-01	2.829479373506740281e-01
8.698698698698699161e-01	6.283947011733341803e-01	1.830184852895317960e-01
8.708708708708708945e-01	6.871684894823739675e-01	1.054664012593119482e-01
8.718718718718718730e-01	7.819950248915821245e-01	-8.922231502864419461e-03
8.728728728728728514e-01	8.002388581340291740e-01	-4.749261963607342985e-02
8.738738738738738299e-01	8.023548619686011740e-01	-7.067953586692077295e-02
8.748748748748749193e-01	8.820611392684040153e-01	-1.721802469739748265e-01
8.758758758758758978e-01	7.344269334644905056e-01	-4.704244483538111421e-02
8.768768768768768762e-01	6.811073405348877507e-01	-1.689897972927345560e-02
8.778778778778778547e-01	6.503701471560509040e-01	-9.994720483023522561e-03
8.788788788788788331e-01	5.695630270219933511e-01	4.634622654518893992e-02
8.798798798798799226e-01	4.736433958295894753e-01	1.171906391763696265e-01
8.808808808808809010e-01	4.578283530806775969e-01	1.073462136847146420e-01
8.818818818818818794e-01	3.212716256460715902e-01	2.176845967141455285e-01
8.828828828828828579e-01	2.727035031765306927e-01	2.395014247765855364e-01
8.838838838838838363e-01	2.136971779781584035e-01	2.712499587393326639e-01
8.848848848848849258e-01	1.891806180808344173e-01	2.680291845982430976e-01
8.858858858858859042e-01	2.430807826922504744e-01	1.859395713700757180e-01
8.868868868868868827e-01	2.546919114930870087e-01	1.457147546747180056e-01
8.878878878878878611e-01	2.346546114449181986e-01	1.367424223626524660e-01
8.888888888888888395e-01	2.460607262007351859e-01	9.595941712493752385e-02
8.898898898898899290e-01	2.548339702958901110e-01	5.747107393559808264e-02
8.908908908908909074e-01	1.874331837967996295e-01	9.484793667717222876e-02
8.918918918918918859e-01	1.973561912071260249e-01	5.462187017800076982e-02
8.928928928928928643e-01	2.274961584051058139e-01	-6.070326083543575724e-03
8.938938938938938428e-01	1.446231866191031723e-01	4.603145841396250049e-02
8.948948948948949322e-01	1.801834682096173368e-01	-2.048854042206879611e-02
8.958958958958959107e-01	3.185845757171897330e-01	-1.900072804353204747e-01
8.968968968968968891e-01	2.909798250552450005e-01	-1.936473066869402737e-01
8.978978978978978676e-01	2.773390100371602163e-01	-2.113475164105361181e-01
8.988988988988988460e-01	2.599428102845630639e-01	-2.253575974727441700e-01
8.998998998998999355e-01	3.327063881248847332e-01	-3.295616559171488658e-01
9.009009009009009139e-01	2.567968727613754165e-01	-2.850957308444924676e-01
9.019019019019018923e-01	2.562182130312288253e-01	-3.159326779144361885e-01
9.029029029029028708e-01	2.190380162480901893e-01	-3.101090389347305187e-01
9.039039039039038492e-01	2.308657318370263556e-01	-3.532032562154815425e-01
9.049049049049049387e-01	8.453852016924917612e-02	-2.380215720654654810e-01
9.059059059059059171e-01	1.996334353531693251e-01	-3.841102421566602310e-01
9.069069069069068956e-01	1.358974592047210161e-01	-3.511855999498084135e-01
9.079079079079078740e-01	1.411631061979215784e-01	-3.870496919517709689e-01
9.089089089089088525e-01	1.378295825550645559e-01	-4.140714669341366005e-01
9.099099099099099419e-01	1.052752472643949527e-01	-4.115992668711780378e-01
9.109109109109109204e-01	2.771742928553799779e-02	-3.638206738277522390e-01
9.119119119119118988e-01	5.719042811057103992e-02	-4.227405399357901938e-01
9.129129129129128772e-01	4.316847882043350904e-02	-4.378039815698730464e-01
9.139139139139138557e-01	3.136570091579472808e-02	-4.546963569723265208e-01
9.149149149149149451e-01	-5.419097824753629777e-02	-3.974162181293580121e-01
9.159159159159159236e-01	-1.255213287670547961e-01	-3.539158335217528761e-01
9.169169169169169020e-01	-1.171198263575376763e-01	-3.896732076107345399e-01
9.179179179179178805e-01	-6.247664507328820616e-02	-4.711711153288326015e-01
9.189189189189188589e-01	-7.637439976248450169e-02	-4.836003863751081600e-01
9.199199199199199484e-01	-1.639898690603283637e-01	-4.217582084815099663e-01
9.209209209209209268e-01	-6.370353484871144056e-02	-5.472386136967120063e-01
9.219219219219219053e-01	-1.141255714795909315e-01	-5.214065143647925726e-01
9.229229229229228837e-01	-1.942756659483541037e-01	-4.652179075875401137e-01
9.239239239239238621e-01	-6.860068689046483481e-03	-6.759428484741398790e-01
9.249249249249249516e-01	-5.792184854688992024e-03	-6.996448822912628707e-01
9.259259259259259300e-01	-4.773456804655118457e-02	-6.796390735264977723e-01
9.269269269269269085e-01	-7.995560069178869744e-02	-6.686353476432012055e-01
9.279279279279278869e-01	-5.484397592150640210e-02	-7.142240306528087057e-01
9.289289289289288654e-01	-2.233583479719927767e-02	-7.664487326354295638e-01
9.299299299299299548e-01	-2.434117943648633764e-02	-7.833799546373212408e-01
9.309309309309309333e-01	1.561383273738117250e-01	-9.819973083373547684e-01
9.319319319319319117e-01	1.575042774507986465e-01	-1.000684449837020207e+00
9.329329329329328901e-01	9.928864543500695583e-02	-9.589562256157505571e-01
9.339339339339339796e-01	1.584298743043263125e-01	-1.033734774982138838e+00
9.349349349349349581e-01	2.587237236059979351e-01	-1.148800394427904159e+00
9.359359359359359365e-01	1.976986355486987923e-01	-1.101666919010714674e+00
9.369369369369369149e-01	7.963729220086482319e-02	-9.966032939968773041e-01
9.379379379379378934e-01	1.711625309879489243e-01	-1.100219503942310384e+00
9.389389389389389828e-01	-1.254961637369409952e-02	-9.276796243360643235e-01
9.399399399399399613e-01	-1.498757471509599704e-01	-8.005960101491517156e-01
9.409409409409409397e-01	-1.227833745403300869e-01	-8.369910198128587275e-01
9.419419419419419182e-01	-1.366125130632515894e-01	-8.315154398388665546e-01
9.429429429429428966e-01	-1.741582117760193116e-01	-8.013659607058184475e-01
9.439439439439439861e-01	-1.279937208684951422e-01	-8.539620184290117599e-01
9.449449449449449645e-01	-1.551338250337331859e-01	-8.322824684230557546e-01
9.459459459459459429e-01	-2.605284127231913827e-01	-7.313720225356853399e-01
9.469469469469469214e-01	-1.909993460836808821e-01	-8.044043844503314666e-01
9.479479479479478998e-01	-1.044506441136842934e-01	-8.934720709145588247e-01
9.489489489489489893e-01	-1.059391476514723873e-01	-8.935157501775969902e-01
9.499499499499499677e-01	-1.147219823788748483e-01	-8.852767814497225496e-01
9.509509509509509462e-01	3.126582217474818681e-02	-1.030819597396512188e+00
9.519519519519519246e-01	2.978304391476698995e-02	-1.027903415952913457e+00
9.529529529529529031e-01	2.893540413948713502e-02	-1.024635375846324914e+00
9.539539539539539925e-01	4.184294254579493111e-02	-1.034137910200608523e+00
9.549549549549549710e-01	1.403768686854093839e-01	-1.128285595625587501e+00
9.559559559559559494e-01	2.537951155716672291e-01	-1.236340702494295396e+00
9.569569569569569278e-01	2.806637189025659174e-01	-1.256874569876996306e+00
9.579579579579579063e-01	3.090997271035773042e-01	-1.278010510339727235e+00
9.589589589589589957e-01	2.567244887863570635e-01	-1.217377091208678097e+00
9.599599599599599742e-01	1.708175008809807438e-01	-1.122261975564157854e+00
9.609609609609609526e-01	6.592394572172259604e-02	-1.007219451251226694e+00
9.619619619619619311e-01	-3.286547878575200865e-02	-8.973502520428525697e-01
9.629629629629629095e-01	7.965679806954881204e-02	-9.978729049498237247e-01
9.639639639639639990e-01	-1.637517157838892790e-03	-9.036709824247578515e-01
9.649649649649649774e-01	-9.908351028520301362e-02	-7.924221624130816100e-01
9.659659659659659559e-01	-1.416710487147455066e-01	-7.351502265184095553e-01
9.669669669669669343e-01	-9.379698304862352232e-02	-7.674728448906078526e-01
9.679679679679679127e-01	-5.268391634868183071e-02	-7.921827926071374204e-01
9.689689689689690022e-01	1.422425610791379635e-01	-9.698706996818695636e-01
9.699699699699699806e-01	1.298768764172082979e-01	-9.394480397579534348e-01
9.709709709709709591e-01	1.097619462778813143e-01	-9.004755851929751032e-01
9.719719719719719375e-01	1.435086961139314110e-01	-9.145829088126571360e-01
9.729729729729729160e-01	2.545728644428763010e-01	-1.005245169695602847e+00
9.739739739739740054e-01	3.188592889460239443e-01	-1.048387380068213082e+00
9.749749749749749839e-01	3.265947847069643473e-01	-1.034257263593470588e+00
9.759759759759759623e-01	2.582072299324364439e-01	-9.433043204162177009e-01
9.769769769769769407e-01	2.572491222123581278e-01	-9.191033620422277561e-01
9.779779779779779192e-01	3.526109756722172750e-01	-9.905678864253320004e-01
9.789789789789790087e-01	3.038700036304672336e-01	-9.172987378971302341e-01
9.799799799799799871e-01	3.072642086993802590e-01	-8.955581739001849950e-01
9.809809809809809655e-01	2.898134432306312402e-01	-8.523909014490691494e-01
9.819819819819819440e-01	3.232591857900972143e-01	-8.595638290274818516e-01
9.829829829829829224e-01	2.497121788739955495e-01	-7.592136791578721899e-01
9.839839839839840119e-01	4.126399417332933250e-01	-8.948344755353427882e-01
9.849849849849849903e-01	2.761188812181669672e-01	-7.305296276630443009e-01
9.859859859859859688e-01	2.053604389864432944e-01	-6.315380513588798594e-01
9.869869869869869472e-01	2.268055024524746055e-01	-6.243285525363901911e-01
9.879879879879879256e-01	2.406514208061167615e-01	-6.091268156163708314e-01
9.889889889889890151e-01	3.153304743107322450e-01	-6.543938448054064105e-01
9.899899899899899935e-01	2.514839069607316957e-01	-5.607999683496009968e-01
9.909909909909909720e-01	2.212537295058840670e-01	-5.005166127987159541e-01
9.919919919919919504e-01	1.836857573491651463e-01	-4.326193118160600593e-01
9.929929929929930399e-01	2.603675797654039781e-01	-4.787256460100507427e-01
9.939939939939940183e-01	3.032065420258370780e-01	-4.907731954016735232e-01
9.949949949949949968e-01	3.625075847109005545e-01	-5.190973488394590163e-01
9.959959959959959752e-01	3.192575803842737092e-01	-4.447156105645720392e-01
9.969969969969969537e-01	3.688159223758222249e-01	-4.630181587034522539e-01
9.979979979979980431e-01	3.833471537393056128e-01	-4.462004437837857607e-01
9.989989989989990216e-01	4.649077644934488385e-01	-4.963499554125691549e-01
1.000000000000000000e+00	6.123500387594461580e-01	-6.123500387594473793e-01
