# Time	RLS_Output	RLS_Error
0.000000000000000000e+00	0.000000000000000000e+00	0.000000000000000000e+00
1.001001001001000992e-03	0.000000000000000000e+00	0.000000000000000000e+00
2.002002002002001985e-03	0.000000000000000000e+00	0.000000000000000000e+00
3.003003003003002977e-03	0.000000000000000000e+00	0.000000000000000000e+00
4.004004004004003969e-03	0.000000000000000000e+00	0.000000000000000000e+00
5.005005005005004962e-03	0.000000000000000000e+00	0.000000000000000000e+00
6.006006006006005954e-03	0.000000000000000000e+00	0.000000000000000000e+00
7.007007007007006946e-03	0.000000000000000000e+00	0.000000000000000000e+00
8.008008008008007939e-03	0.000000000000000000e+00	0.000000000000000000e+00
9.009009009009008931e-03	0.000000000000000000e+00	0.000000000000000000e+00
1.001001001001000992e-02	0.000000000000000000e+00	0.000000000000000000e+00
1.101101101101101092e-02	0.000000000000000000e+00	0.000000000000000000e+00
1.201201201201201191e-02	0.000000000000000000e+00	0.000000000000000000e+00
1.301301301301301290e-02	0.000000000000000000e+00	0.000000000000000000e+00
1.401401401401401389e-02	0.000000000000000000e+00	0.000000000000000000e+00
1.501501501501501488e-02	0.000000000000000000e+00	0.000000000000000000e+00
1.601601601601601588e-02	0.000000000000000000e+00	0.000000000000000000e+00
1.701701701701701513e-02	0.000000000000000000e+00	0.000000000000000000e+00
1.801801801801801786e-02	0.000000000000000000e+00	0.000000000000000000e+00
1.901901901901902059e-02	0.000000000000000000e+00	0.000000000000000000e+00
2.002002002002001985e-02	0.000000000000000000e+00	0.000000000000000000e+00
2.102102102102101910e-02	0.000000000000000000e+00	0.000000000000000000e+00
2.202202202202202183e-02	0.000000000000000000e+00	0.000000000000000000e+00
2.302302302302302456e-02	0.000000000000000000e+00	0.000000000000000000e+00
2.402402402402402382e-02	0.000000000000000000e+00	0.000000000000000000e+00
2.502502502502502307e-02	0.000000000000000000e+00	0.000000000000000000e+00
2.602602602602602580e-02	0.000000000000000000e+00	0.000000000000000000e+00
2.702702702702702853e-02	0.000000000000000000e+00	0.000000000000000000e+00
2.802802802802802778e-02	0.000000000000000000e+00	0.000000000000000000e+00
2.902902902902902704e-02	0.000000000000000000e+00	0.000000000000000000e+00
3.003003003003002977e-02	0.000000000000000000e+00	0.000000000000000000e+00
3.103103103103103250e-02	0.000000000000000000e+00	0.000000000000000000e+00
3.203203203203203175e-02	0.000000000000000000e+00	0.000000000000000000e+00
3.303303303303303101e-02	0.000000000000000000e+00	0.000000000000000000e+00
3.403403403403403027e-02	0.000000000000000000e+00	0.000000000000000000e+00
3.503503503503503647e-02	0.000000000000000000e+00	0.000000000000000000e+00
3.603603603603603572e-02	0.000000000000000000e+00	0.000000000000000000e+00
3.703703703703703498e-02	0.000000000000000000e+00	0.000000000000000000e+00
3.803803803803804118e-02	0.000000000000000000e+00	0.000000000000000000e+00
3.903903903903904044e-02	0.000000000000000000e+00	0.000000000000000000e+00
4.004004004004003969e-02	0.000000000000000000e+00	0.000000000000000000e+00
4.104104104104103895e-02	0.000000000000000000e+00	0.000000000000000000e+00
4.204204204204203821e-02	0.000000000000000000e+00	0.000000000000000000e+00
4.304304304304304440e-02	0.000000000000000000e+00	0.000000000000000000e+00
4.404404404404404366e-02	0.000000000000000000e+00	0.000000000000000000e+00
4.504504504504504292e-02	0.000000000000000000e+00	0.000000000000000000e+00
4.604604604604604912e-02	0.000000000000000000e+00	0.000000000000000000e+00
4.704704704704704837e-02	0.000000000000000000e+00	0.000000000000000000e+00
4.804804804804804763e-02	0.000000000000000000e+00	0.000000000000000000e+00
4.904904904904904689e-02	0.000000000000000000e+00	0.000000000000000000e+00
5.005005005005004615e-02	0.000000000000000000e+00	9.999987638285974256e-01
5.105105105105105234e-02	6.414581517449745585e-01	3.579967460840947080e-01
5.205205205205205160e-02	7.949142917794974617e-01	2.030084232487457951e-01
5.305305305305305086e-02	8.055175924512864016e-01	1.898861380827261414e-01
5.405405405405405705e-02	8.279170512124952586e-01	1.639833840463815751e-01
5.505505505505505631e-02	9.168170464283533772e-01	7.059924702843556332e-02
5.605605605605605557e-02	9.590400031478696352e-01	2.291573614963704486e-02
5.705705705705705483e-02	9.978881665746947016e-01	-2.236399409285594331e-02
5.805805805805805409e-02	1.026406614993836897e+00	-5.827866209171805867e-02
5.905905905905906028e-02	1.007546910654474770e+00	-4.777251630128576121e-02
6.006006006006005954e-02	1.019781006753836428e+00	-6.930924945372485269e-02
6.106106106106105880e-02	1.012825264113720980e+00	-7.259602340396198450e-02
6.206206206206206499e-02	1.021915803694531055e+00	-9.285883074016831884e-02
6.306306306306305731e-02	1.015667447102483134e+00	-9.870144530646962622e-02
6.406406406406406351e-02	9.970814858079833920e-01	-9.311320234596720535e-02
6.506506506506506970e-02	1.024505228987021788e+00	-1.344285581651158967e-01
6.606606606606606202e-02	9.573992202943398810e-01	-8.209431961652680076e-02
6.706706706706706822e-02	9.575874377990527542e-01	-9.791985761830757085e-02
6.806806806806806054e-02	9.516782166559314415e-01	-1.084980442697087710e-01
6.906906906906906674e-02	9.560680914798543872e-01	-1.302091105163111218e-01
7.007007007007007293e-02	9.654753006187659636e-01	-1.577541665449592179e-01
7.107107107107106525e-02	9.620844916351416476e-01	-1.732999242025101694e-01
7.207207207207207145e-02	9.572047383110013907e-01	-1.881367317366844372e-01
7.307307307307307764e-02	8.990859649067075576e-01	-1.504950165717169330e-01
7.407407407407406996e-02	8.999289546114197513e-01	-1.725553130383709055e-01
7.507507507507507616e-02	9.144918624206118674e-01	-2.090547952746587557e-01
7.607607607607608236e-02	8.545676874345112806e-01	-1.717647702713221980e-01
7.707707707707707467e-02	8.179042500800942639e-01	-1.584106765441981590e-01
7.807807807807808087e-02	8.101398903635552706e-01	-1.746078045191711281e-01
7.907907907907907319e-02	7.797290931491425159e-01	-1.687869446037194576e-01
8.008008008008007939e-02	6.991851249476497276e-01	-1.134370474058103984e-01
8.108108108108108558e-02	7.460071740037701460e-01	-1.860323878661747088e-01
8.208208208208207790e-02	7.234720665820836283e-01	-1.898243061799610443e-01
8.308308308308308410e-02	6.472795555327441885e-01	-1.404865215644716114e-01
8.408408408408407642e-02	6.753388199827267124e-01	-1.959016576939167642e-01
8.508508508508508261e-02	7.486572746586286353e-01	-2.970500782817332430e-01
8.608608608608608881e-02	8.167448086839396160e-01	-3.934141526274050893e-01
8.708708708708708113e-02	9.174666026391725682e-01	-5.228310998897314210e-01
8.808808808808808732e-02	9.204437731168796377e-01	-5.548936612916606226e-01
8.908908908908909352e-02	8.782122957928611973e-01	-5.421090512506453463e-01
9.009009009009008584e-02	1.101995421151699572e+00	-7.956714015449157795e-01
9.109109109109109204e-02	1.206861114004426083e+00	-9.306192296253515961e-01
9.209209209209209823e-02	1.129708398337543551e+00	-8.838218125836934114e-01
9.309309309309309055e-02	9.095025407826430319e-01	-6.942144000375527479e-01
9.409409409409409675e-02	6.395864436708570411e-01	-4.551096368673644976e-01
9.509509509509508907e-02	1.011753144689641504e+00	-8.582700927934248103e-01
9.609609609609609526e-02	5.194081607677024648e-01	-3.970706363892451685e-01
9.709709709709710146e-02	4.575435972350821445e-01	-3.664725745484415098e-01
9.809809809809809378e-02	6.650042599138481503e-01	-6.052897950306378450e-01
9.909909909909909997e-02	8.540132086802300071e-01	-8.257143505971117348e-01
1.001001001001000923e-01	6.018362975275861615e-01	-6.049810297353221955e-01
1.011011011011010985e-01	7.865557665189633063e-01	-8.211409793307805627e-01
1.021021021021021047e-01	1.012958850742929240e+00	-1.078950344369549841e+00
1.031031031031030970e-01	8.509725437067625631e-01	-9.483050620750647086e-01
1.041041041041041032e-01	4.590241850120861389e-01	-5.876014802939546477e-01
1.051051051051051094e-01	4.216751217937693696e-01	-5.813700495813188818e-01
1.061061061061061017e-01	1.715638607479801347e-01	-3.622185057810445863e-01
1.071071071071071079e-01	-2.970570296630233309e-01	7.563119734146445117e-02
1.081081081081081141e-01	-1.877162565963010343e-01	-6.426180478882415059e-02
1.091091091091091064e-01	-1.716077799830246220e-01	-1.106733404909469032e-01
1.101101101101101126e-01	-3.259547351272875648e-01	1.364969089579803896e-02
1.111111111111111049e-01	-4.547347501809907433e-01	1.127146068553225300e-01
1.121121121121121111e-01	-6.759593913203149063e-01	3.045623575127470173e-01
1.131131131131131173e-01	-7.105373133522219220e-01	3.101306471844180734e-01
1.141141141141141097e-01	-7.223160877847104588e-01	2.932957337223841554e-01
1.151151151151151159e-01	-7.403848607574284868e-01	2.831750580783493065e-01
1.161161161161161082e-01	-6.836657390836197168e-01	1.987186023661324241e-01
1.171171171171171144e-01	-6.156474788131293119e-01	1.034425508600151922e-01
1.181181181181181206e-01	-6.336422516395084914e-01	9.468602927929203883e-02
1.191191191191191129e-01	-6.890315472330492685e-01	1.238569804676565855e-01
1.201201201201201191e-01	-7.623722859415884567e-01	1.715382509356306873e-01
1.211211211211211253e-01	-7.798139405226947041e-01	1.639046869555151886e-01
1.221221221221221176e-01	-8.368256268643525786e-01	1.964502001913267515e-01
1.231231231231231238e-01	-8.820612172116166771e-01	2.178528564060027151e-01
1.241241241241241300e-01	-1.091128124944490407e+00	4.037436363153802388e-01
1.251251251251251362e-01	-1.189742115931903044e+00	4.798612236374744100e-01
1.261261261261261146e-01	-1.085910450368765323e+00	3.542351242670873646e-01
1.271271271271271208e-01	-1.096987569733258727e+00	3.442413312353040933e-01
1.281281281281281270e-01	-1.195975188437905290e+00	4.229023950491878070e-01
1.291291291291291332e-01	-1.289883371058478945e+00	4.972484803167942502e-01
1.301301301301301394e-01	-1.513485432492405636e+00	7.020722460295397704e-01
1.311311311311311179e-01	-1.325001180753722974e+00	4.956120692286405394e-01
1.321321321321321240e-01	-1.302109255897997642e+00	4.555643655679372239e-01
1.331331331331331302e-01	-1.471613837925856760e+00	6.087502796399256733e-01
1.341341341341341364e-01	-1.532854344523449264e+00	6.545253659406804481e-01
1.351351351351351426e-01	-1.529970497527089801e+00	6.370446393775214267e-01
1.361361361361361211e-01	-1.359081479296600836e+00	4.524417165197118784e-01
1.371371371371371273e-01	-1.389997603629740341e+00	4.705404722395352124e-01
1.381381381381381335e-01	-1.417472703776694987e+00	4.861074143168410133e-01
1.391391391391391397e-01	-1.465255692374646035e+00	5.229032308403274154e-01
1.401401401401401459e-01	-1.604476380983836048e+00	6.520685980993845554e-01
1.411411411411411521e-01	-1.552993018105789158e+00	5.914717078586635424e-01
1.421421421421421305e-01	-1.490024452278156941e+00	5.203404206204693683e-01
1.431431431431431367e-01	-1.427294125252058343e+00	4.504062498905657685e-01
1.441441441441441429e-01	-1.228764273768899074e+00	2.456385559731949497e-01
1.451451451451451491e-01	-1.141783811611952304e+00	1.533924209784796044e-01
1.461461461461461553e-01	-1.299144371601025805e+00	3.064646847175055422e-01
1.471471471471471337e-01	-1.226504300942699688e+00	2.305179349035954006e-01
1.481481481481481399e-01	-1.237611866985838471e+00	2.393037087145702957e-01
1.491491491491491461e-01	-1.198559377982377550e+00	1.989166103201476243e-01
1.501501501501501523e-01	-1.125696529325055151e+00	1.257076548493410995e-01
1.511511511511511585e-01	-1.052653375517021761e+00	5.330723905504086702e-02
1.521521521521521647e-01	-1.179566027404642670e+00	1.818508382083812158e-01
1.531531531531531432e-01	-1.308983728097815602e+00	3.138860826475494692e-01
1.541541541541541493e-01	-1.285359790054207307e+00	2.938636964568224208e-01
1.551551551551551555e-01	-1.264327112033317491e+00	2.774130169801574120e-01
1.561561561561561617e-01	-1.191385148314507925e+00	2.100289675609484652e-01
1.571571571571571679e-01	-1.189448920677573129e+00	2.146210740030389807e-01
1.581581581581581464e-01	-1.234004306799541650e+00	2.666687584022513491e-01
1.591591591591591526e-01	-1.205189003768556866e+00	2.463023090439070417e-01
1.601601601601601588e-01	-1.183063904873826289e+00	2.335742645190129751e-01
1.611611611611611650e-01	-1.120174048129092714e+00	1.810203705093247351e-01
1.621621621621621712e-01	-1.018835272761003052e+00	9.094624546449359137e-02
1.631631631631631496e-01	-1.024441695137915387e+00	1.087348666377458972e-01
1.641641641641641558e-01	-1.077495926681925731e+00	1.748767990128914374e-01
1.651651651651651620e-01	-9.936449265770567196e-01	1.050060599247006898e-01
1.661661661661661682e-01	-9.552130301365119314e-01	8.143316022378332963e-02
1.671671671671671744e-01	-9.524618158305732107e-01	9.440498497488580831e-02
1.681681681681681528e-01	-8.284190770573055529e-01	-1.306622024274484151e-02
1.691691691691691590e-01	-9.040269761952097749e-01	7.994532009184529553e-02
1.701701701701701652e-01	-7.976696426323843792e-01	-8.193474325285166060e-03
1.711711711711711714e-01	-7.607245367706526595e-01	-2.612315860093761266e-02
1.721721721721721776e-01	-6.475808859236805715e-01	-1.194733089319183206e-01
1.731731731731731838e-01	-6.441866149715467227e-01	-1.023155733565052072e-01
1.741741741741741623e-01	-7.262494801563662561e-01	1.037481395968486986e-03
1.751751751751751685e-01	-6.104287387234607065e-01	-9.277594035722336319e-02
1.761761761761761746e-01	-6.014094238237255308e-01	-7.909256753152693609e-02
1.771771771771771808e-01	-6.028334136233918228e-01	-5.429297164579660606e-02
1.781781781781781870e-01	-6.212357653143147918e-01	-1.186521061250611631e-02
1.791791791791791655e-01	-6.518975193708343996e-01	4.344799837661650344e-02
1.801801801801801717e-01	-7.026786173402506108e-01	1.194822201339766909e-01
1.811811811811811779e-01	-7.674812939654566124e-01	2.101147177038140690e-01
1.821821821821821841e-01	-6.497098732321026082e-01	1.187242731027821074e-01
1.831831831831831903e-01	-7.387986953960686831e-01	2.347191396047441092e-01
1.841841841841841965e-01	-5.996613314074562551e-01	1.229862819610291202e-01
1.851851851851851749e-01	-6.699152124619055515e-01	2.211160322614431073e-01
1.861861861861861811e-01	-7.594353284391741621e-01	3.389558151699598176e-01
1.871871871871871873e-01	-7.036246071651555134e-01	3.118805544447575961e-01
1.881881881881881935e-01	-6.510995236569460110e-01	2.884783098752787267e-01
1.891891891891891997e-01	-5.936836081988563496e-01	2.605438134567986674e-01
1.901901901901901781e-01	-6.340163741472365500e-01	3.306874256726092254e-01
1.911911911911911843e-01	-4.664974677382597301e-01	1.932793141297934336e-01
1.921921921921921905e-01	-4.212971388788221416e-01	1.784599535002348025e-01
1.931931931931931967e-01	-4.314075859678802027e-01	2.191914997853723623e-01
1.941941941941942029e-01	-3.128621668331491024e-01	1.314770309604983423e-01
1.951951951951951814e-01	-2.489557178731660603e-01	9.858089605922906729e-02
1.961961961961961876e-01	-1.989455279216300887e-01	7.972971918545583569e-02
1.971971971971971938e-01	-1.175414412017119076e-01	2.960253279065001852e-02
1.981981981981981999e-01	6.700669556097227364e-02	-1.235817447447649930e-01
1.991991991991992061e-01	1.489126394836026157e-01	-1.740678848729785566e-01
2.002002002002001846e-01	1.902787915416804532e-01	-1.839893582256134363e-01
2.012012012012011908e-01	2.299084954770981015e-01	-1.921806027983813947e-01
2.022022022022021970e-01	3.314869860970131588e-01	-2.623579415022287975e-01
2.032032032032032032e-01	3.369154296726753484e-01	-2.364535918205073195e-01
2.042042042042042094e-01	3.982740417656052134e-01	-2.665787529299812331e-01
2.052052052052052156e-01	3.564511393598430167e-01	-1.936526271947489608e-01
2.062062062062061940e-01	3.643746435882244672e-01	-1.706338923513276984e-01
2.072072072072072002e-01	3.540372630862295145e-01	-1.295458544486575159e-01
2.082082082082082064e-01	4.432785498159892423e-01	-1.882584734156791395e-01
2.092092092092092126e-01	5.031940279760033219e-01	-2.178974619019536374e-01
2.102102102102102188e-01	6.240514413825097861e-01	-3.087605028070071755e-01
2.112112112112111972e-01	6.735475437029238011e-01	-3.285740099083337418e-01
2.122122122122122034e-01	7.398662472571525539e-01	-3.655512473331338219e-01
2.132132132132132096e-01	7.276864434868057785e-01	-3.244001210028252813e-01
2.142142142142142158e-01	6.885847515188379120e-01	-2.567258985055410059e-01
2.152152152152152220e-01	7.382332218944074320e-01	-2.782288844957966356e-01
2.162162162162162282e-01	7.438440158670058810e-01	-2.561490720533713406e-01
2.172172172172172067e-01	7.806925218782545528e-01	-2.657892316374423913e-01
2.182182182182182129e-01	9.189626757776876431e-01	-3.773602042294978975e-01
2.192192192192192191e-01	9.724965119820531134e-01	-4.047304258873453131e-01
2.202202202202202252e-01	9.037710892972429244e-01	-3.104028274596224435e-01
2.212212212212212314e-01	9.149325318272865104e-01	-2.965488499110707776e-01
2.222222222222222099e-01	8.858828826583481364e-01	-2.430952729718096617e-01
2.232232232232232161e-01	9.212407688872074063e-01	-2.546848557048360107e-01
2.242242242242242223e-01	8.818483929849620928e-01	-1.921833040067005838e-01
2.252252252252252285e-01	8.918116174916818073e-01	-1.797193320606564892e-01
2.262262262262262347e-01	8.666611846319871582e-01	-1.328458593552593880e-01
2.272272272272272131e-01	8.255325877295888182e-01	-7.071986016879039383e-02
2.282282282282282193e-01	8.051120415253415485e-01	-3.004831264574014948e-02
2.292292292292292255e-01	8.140298243078538665e-01	-1.948152039541029001e-02
2.302302302302302317e-01	7.439991518490122191e-01	6.924803337472085207e-02
2.312312312312312379e-01	7.445391466062374342e-01	8.660273570945586918e-02
2.322322322322322163e-01	7.491474137366915809e-01	9.906728617611015864e-02
2.332332332332332225e-01	7.958455712213784450e-01	6.860318423848610347e-02
2.342342342342342287e-01	7.853148290997380432e-01	9.451316671669107716e-02
2.352352352352352349e-01	7.983410822787785355e-01	9.599613085224856235e-02
2.362362362362362411e-01	8.802153408803662371e-01	2.774671899917990903e-02
2.372372372372372473e-01	7.223247352392810905e-01	1.983643278135821530e-01
2.382382382382382258e-01	7.788601821412421966e-01	1.536454553384650756e-01
2.392392392392392320e-01	8.960869831749411762e-01	4.731311509663971293e-02
2.402402402402402382e-01	8.483908845737273552e-01	1.049707878037017261e-01
2.412412412412412444e-01	8.182590266782107102e-01	1.441214825584227199e-01
2.422422422422422505e-01	8.269566385298942057e-01	1.434910519899027515e-01
2.432432432432432290e-01	7.907656944361348694e-01	1.867895445115511643e-01
2.442442442442442352e-01	7.702202070375285814e-01	2.134759191420814162e-01
2.452452452452452414e-01	6.756606331918182384e-01	3.132036465716174778e-01
2.462462462462462476e-01	7.299322578772855508e-01	2.631223312630821543e-01
2.472472472472472538e-01	8.441734566666148076e-01	1.520894540319396304e-01
2.482482482482482600e-01	8.716054519668352540e-01	1.268806199036871529e-01
2.492492492492492384e-01	8.531782402697726253e-01	1.465436340006160965e-01
2.502502502502502724e-01	8.619951259710797453e-01	1.379739698966671035e-01
2.512512512512512508e-01	8.570015773723578256e-01	1.422259148237215998e-01
2.522522522522522292e-01	8.728352771109779695e-01	1.246625194835218053e-01
2.532532532532532632e-01	8.898309801382400241e-01	1.049507393443452896e-01
2.542542542542542416e-01	9.228154270901539613e-01	6.826651957886575861e-02
2.552552552552552756e-01	9.503831499850557973e-01	3.601898671065861812e-02
2.562562562562562540e-01	9.059211826869123518e-01	7.482573453312746370e-02
2.572572572572572325e-01	8.532543181846334868e-01	1.208675622541028893e-01
2.582582582582582664e-01	7.879575691318928543e-01	1.785760084261486247e-01
2.592592592592592449e-01	8.072979619703917198e-01	1.506915503450971805e-01
2.602602602602602788e-01	7.418249648120474049e-01	2.066731687477477708e-01
2.612612612612612573e-01	7.368440331195580395e-01	2.012247937766082906e-01
2.622622622622622357e-01	7.455501045382944003e-01	1.811618008669909630e-01
2.632632632632632697e-01	7.097743961814461100e-01	2.046642032637199238e-01
2.642642642642642481e-01	6.002642270094949994e-01	3.009968185364498838e-01
2.652652652652652820e-01	6.139576512107456363e-01	2.732346231978585172e-01
2.662662662662662605e-01	6.429584684649528592e-01	2.292877295545333594e-01
2.672672672672672389e-01	6.529514221586499856e-01	2.034861737346966848e-01
2.682682682682682729e-01	7.202193971805311845e-01	1.195627032780082200e-01
2.692692692692692513e-01	7.126762022301476041e-01	1.096199793686623014e-01
2.702702702702702853e-01	7.146417002659263273e-01	8.935543010101465455e-02
2.712712712712712637e-01	5.376442872069093770e-01	2.472587546794953184e-01
2.722722722722722422e-01	6.508488764311676222e-01	1.141839210267235893e-01
2.732732732732732761e-01	6.834316187042565049e-01	6.097442718416234975e-02
2.742742742742742545e-01	6.119904422567100655e-01	1.110527418048001813e-01
2.752752752752752885e-01	5.783665256178102121e-01	1.225988111497867683e-01
2.762762762762762669e-01	6.032116429012591707e-01	7.498269291340775577e-02
2.772772772772773009e-01	5.765548567089584520e-01	7.819784173077559686e-02
2.782782782782782793e-01	4.855555305205776495e-01	1.451080745219798240e-01
2.792792792792792578e-01	5.712031222927226315e-01	3.474775397082696671e-02
2.802802802802802917e-01	4.989813330482260056e-01	8.165761638037938308e-02
2.812812812812812702e-01	5.300183909357664147e-01	2.473446344835172894e-02
2.822822822822823041e-01	4.821748271698856336e-01	4.614336157616510947e-02
2.832832832832832826e-01	5.439786009218284812e-01	-4.261750833422195406e-02
2.842842842842842610e-01	4.814794396527537490e-01	-7.571217062310175994e-03
2.852852852852852950e-01	5.483624330443099826e-01	-1.023757073592337918e-01
2.862862862862862734e-01	4.959529972638624939e-01	-7.832878505739560016e-02
2.872872872872873073e-01	4.934694436488479830e-01	-1.046207150574607891e-01
2.882882882882882858e-01	5.054530685760444397e-01	-1.457643389315076421e-01
2.892892892892892642e-01	5.596572493651295055e-01	-2.294841989642918967e-01
2.902902902902902982e-01	4.936183209833583940e-01	-1.932874433716073037e-01
2.912912912912912766e-01	4.225157030575168449e-01	-1.523239821737343291e-01
2.922922922922923106e-01	4.754538393721020606e-01	-2.356684558743659674e-01
2.932932932932932890e-01	3.936613322877999810e-01	-1.845193993502327601e-01
2.942942942942942675e-01	3.674159807567694003e-01	-1.891243095987921174e-01
2.952952952952953014e-01	3.553008255125553183e-01	-2.080357208924148438e-01
2.962962962962962798e-01	3.131641382545050090e-01	-1.970712241292739697e-01
2.972972972972973138e-01	2.955969544049443232e-01	-2.107910299294345757e-01
2.982982982982982922e-01	2.647098912009285265e-01	-2.112748172078708075e-01
2.992992992992992707e-01	1.905998051810885996e-01	-1.685884212548592331e-01
3.003003003003003046e-01	1.102939386580732983e-01	-1.197280108839702956e-01
3.013013013013012831e-01	1.301243143241208600e-01	-1.709945137648311853e-01
3.023023023023023170e-01	1.277811766448900543e-01	-2.000470885654778153e-01
3.033033033033032955e-01	1.593149069411248925e-02	-1.195216545263510788e-01
3.043043043043043294e-01	2.003406078579227784e-02	-1.548460407923760440e-01
3.053053053053053079e-01	2.187044299918127627e-03	-1.680875308686312908e-01
3.063063063063062863e-01	-1.138653815780670542e-01	-8.295955988963668593e-02
3.073073073073073203e-01	-2.296850323813864059e-01	2.130267505303679032e-03
3.083083083083082987e-01	-3.047576017743692800e-01	4.669803234552016846e-02
3.093093093093093326e-01	-3.170000806419241979e-01	2.869089036970151607e-02
3.103103103103103111e-01	-3.818658946574398638e-01	6.359217976513192871e-02
3.113113113113112895e-01	-3.533457272300412066e-01	5.422214535757641229e-03
3.123123123123123235e-01	-4.406287595181582750e-01	6.339949521538845723e-02
3.133133133133133019e-01	-5.156258197471276228e-01	1.094638291926566809e-01
3.143143143143143359e-01	-6.049196598260681013e-01	1.702265786716720686e-01
3.153153153153153143e-01	-6.245508815672252689e-01	1.617565585999272137e-01
3.163163163163162928e-01	-6.076483582655973770e-01	1.172104303491775523e-01
3.173173173173173267e-01	-6.745923627330698835e-01	1.569958022711919199e-01
3.183183183183183051e-01	-7.301093771622808593e-01	1.858660125307021183e-01
3.193193193193193391e-01	-7.313334912047901870e-01	1.609815006268887627e-01
3.203203203203203175e-01	-7.513408808896842039e-01	1.554442602557862818e-01
3.213213213213212960e-01	-9.001769766025392583e-01	2.793249817592966533e-01
3.223223223223223299e-01	-8.726474711888970726e-01	2.274540352502044671e-01
3.233233233233233084e-01	-9.073394916847229430e-01	2.384426179403840163e-01
3.243243243243243423e-01	-9.781060421042381270e-01	2.861671731266922647e-01
3.253253253253253208e-01	-1.037729018892898036e+00	3.234323824658771329e-01
3.263263263263262992e-01	-1.054099530849256006e+00	3.181514633651537638e-01
3.273273273273273332e-01	-9.524721473890008783e-01	1.956003953840088627e-01
3.283283283283283116e-01	-1.021329088918550010e+00	2.442820894362622841e-01
3.293293293293293456e-01	-9.537229646489550072e-01	1.572691051440253673e-01
3.303303303303303240e-01	-9.624727857836473666e-01	1.473996442973855014e-01
3.313313313313313024e-01	-1.011245070597067475e+00	1.783586369562951690e-01
3.323323323323323364e-01	-9.776247099066778246e-01	1.277485887159914846e-01
3.333333333333333148e-01	-9.843444354996405687e-01	1.183190317152027493e-01
3.343343343343343488e-01	-1.153439491645702475e+00	2.721211795358952079e-01
3.353353353353353272e-01	-1.178917037879313012e+00	2.831773141940581162e-01
3.363363363363363057e-01	-1.261549729126381747e+00	3.522743513124936277e-01
3.373373373373373396e-01	-1.203250672898801499e+00	2.813387832135766375e-01
3.383383383383383181e-01	-1.204130679318321295e+00	2.704939157074751632e-01
3.393393393393393520e-01	-1.120111057285082978e+00	1.756726519042540735e-01
3.403403403403403304e-01	-1.074601281539720343e+00	1.202951478109719474e-01
3.413413413413413644e-01	-1.070555223669448885e+00	1.073250327755361777e-01
3.423423423423423428e-01	-1.057048191994894859e+00	8.584643972451877492e-02
3.433433433433433213e-01	-1.134867918016337240e+00	1.566549828831289570e-01
3.443443443443443552e-01	-1.159393909585659577e+00	1.751371031522910293e-01
3.453453453453453337e-01	-1.134192627519157170e+00	1.448652378656636319e-01
3.463463463463463676e-01	-1.151760085050093751e+00	1.583404143322830748e-01
3.473473473473473461e-01	-1.147702809118938294e+00	1.511732061686015260e-01
3.483483483483483245e-01	-1.091212901437313754e+00	9.255879036085734590e-02
3.493493493493493585e-01	-1.049053637873188283e+00	4.926254360926218823e-02
3.503503503503503369e-01	-1.050892608064412537e+00	5.095317986411884714e-02
3.513513513513513709e-01	-1.082084638548332922e+00	8.298567234365139544e-02
3.523523523523523493e-01	-1.020036388047960374e+00	2.276584867512765342e-02
3.533533533533533277e-01	-1.021780616517859119e+00	2.732466076258144305e-02
3.543543543543543617e-01	-1.010264914808514325e+00	1.960691623908261683e-02
3.553553553553553401e-01	-1.025178297360365143e+00	3.929787391296912791e-02
3.563563563563563741e-01	-1.156576018485287571e+00	1.764480637631111737e-01
3.573573573573573525e-01	-1.213408668329731377e+00	2.400023875737286039e-01
3.583583583583583310e-01	-1.174925615127720757e+00	2.092035668123656267e-01
3.593593593593593649e-01	-1.116700352863335688e+00	1.596174968650648784e-01
3.603603603603603434e-01	-1.060425316068218882e+00	1.129280693477886510e-01
3.613613613613613773e-01	-9.997011694004985793e-01	6.272647013306076325e-02
3.623623623623623557e-01	-9.444898169834001767e-01	1.896419806172189304e-02
3.633633633633633342e-01	-9.028599311315134157e-01	-1.030139604147017884e-02
3.643643643643643681e-01	-8.771449030622147092e-01	-2.274914746110368036e-02
3.653653653653653466e-01	-8.491545336009611589e-01	-3.658237479556913918e-02
3.663663663663663805e-01	-8.172849607662906468e-01	-5.341893939883679554e-02
3.673673673673673590e-01	-8.020611449655793423e-01	-5.274874634134740781e-02
3.683683683683683929e-01	-7.921447902647001937e-01	-4.592580844052596145e-02
3.693693693693693714e-01	-8.204300125361699836e-01	-7.256257091803330894e-05
3.703703703703703498e-01	-8.123372007142191098e-01	1.021400795917493109e-02
3.713713713713713838e-01	-8.325227549559107709e-01	4.957212874744743036e-02
3.723723723723723622e-01	-7.691972897049189628e-01	6.193455333391661988e-03
3.733733733733733962e-01	-7.934598145784306222e-01	5.115727283282145432e-02
3.743743743743743746e-01	-7.766915498346128599e-01	5.582433091002692027e-02
3.753753753753753530e-01	-7.380983892058528006e-01	3.937932685348466411e-02
3.763763763763763870e-01	-6.505626870982695875e-01	-2.531728626441009933e-02
3.773773773773773654e-01	-6.570224079882283075e-01	4.649871466437027756e-03
3.783783783783783994e-01	-6.654765118556087433e-01	3.725651455996625838e-02
3.793793793793793778e-01	-5.469102233663503121e-01	-5.653601569707589203e-02
3.803803803803803563e-01	-5.627955200806209479e-01	-1.528023941975098499e-02
3.813813813813813902e-01	-5.246929903561090569e-01	-2.744065599696066116e-02
3.823823823823823687e-01	-5.897747748431751980e-01	6.412922221185368699e-02
3.833833833833834026e-01	-6.482275230654090947e-01	1.495898518244170305e-01
3.843843843843843811e-01	-6.279262422480034189e-01	1.567895331649852286e-01
3.853853853853853595e-01	-6.121609576890842952e-01	1.689910970449564620e-01
3.863863863863863934e-01	-6.440472779367296674e-01	2.292824968313227907e-01
3.873873873873873719e-01	-6.515727240893588457e-01	2.656231650940288347e-01
3.883883883883884058e-01	-5.688328678180087916e-01	2.120801794037776578e-01
3.893893893893893843e-01	-4.619243175176905858e-01	1.347212766599181766e-01
3.903903903903903627e-01	-3.751954600470521761e-01	7.786562337987928961e-02
3.913913913913913967e-01	-3.496858341823647631e-01	8.252321804784312764e-02
3.923923923923923751e-01	-3.398357628708972289e-01	1.031045525792157191e-01
3.933933933933934091e-01	-3.835619267987671610e-01	1.774962153870748294e-01
3.943943943943943875e-01	-3.253117804907926791e-01	1.501153372389224527e-01
3.953953953953953659e-01	-3.115800790465354519e-01	1.674261479785761619e-01
3.963963963963963999e-01	-2.279549203274313929e-01	1.149860488983578122e-01
3.973973973973973783e-01	-1.269352430523340292e-01	4.526314118912691531e-02
3.983983983983984123e-01	-9.218735559194904394e-03	-4.107583480417149185e-02
3.993993993993993907e-01	9.116306447323606343e-02	-1.100303692577030978e-01
4.004004004004003692e-01	6.803513897602302130e-02	-5.545652113728340854e-02
4.014014014014014031e-01	2.195556769341294734e-02	2.205653432896753641e-02
4.024024024024023816e-01	1.374490663958860548e-01	-6.204700181348536681e-02
4.034034034034034155e-01	1.813101541568979957e-01	-7.459268878553973470e-02
4.044044044044043940e-01	1.306029348708087068e-01	7.324403101844512154e-03
4.054054054054054279e-01	1.585996478162182144e-01	1.040117250563074580e-02
4.064064064064064064e-01	1.834198135816659525e-01	1.648737164313879289e-02
4.074074074074073848e-01	2.196562299052673972e-01	1.095964083717146376e-02
4.084084084084084187e-01	2.186382357540413990e-01	4.245827465804752343e-02
4.094094094094093972e-01	2.326040424463299561e-01	5.871492082921644928e-02
4.104104104104104311e-01	2.103043558614920427e-01	1.109489878226511683e-01
4.114114114114114096e-01	3.061858488746337925e-01	4.468420197669642491e-02
4.124124124124123880e-01	3.758526929867309074e-01	4.287105136864144406e-03
4.134134134134134220e-01	4.219640287609328078e-01	-1.293038682018665675e-02
4.144144144144144004e-01	5.206099632760469165e-01	-8.308695281914374453e-02
4.154154154154154344e-01	5.626946910916326150e-01	-9.711495929767477442e-02
4.164164164164164128e-01	5.873219627313396307e-01	-9.414590083186585856e-02
4.174174174174173912e-01	6.275168124742932507e-01	-1.072321004927146992e-01
4.184184184184184252e-01	7.407074093121608360e-01	-1.938285338185335993e-01
4.194194194194194036e-01	8.379924280338099107e-01	-2.650601733917913316e-01
4.204204204204204376e-01	9.261542159339698488e-01	-3.277351295430427358e-01
4.214214214214214160e-01	9.238904742884078702e-01	-3.005763063501920573e-01
4.224224224224223945e-01	8.541718381617352529e-01	-2.065789565243418835e-01
4.234234234234234284e-01	8.755769373603968786e-01	-2.043457180194946377e-01
4.244244244244244069e-01	9.061605443494242795e-01	-2.119547382087019205e-01
4.254254254254254408e-01	9.604403421587437428e-01	-2.439464186759605635e-01
4.264264264264264193e-01	1.008147881630998555e+00	-2.700743499986606455e-01
4.274274274274273977e-01	8.457298398083333835e-01	-8.680654834024537081e-02
4.284284284284284317e-01	8.308493071256016771e-01	-5.182672154211120930e-02
4.294294294294294101e-01	9.148309424529398326e-01	-1.164794037785343850e-01
4.304304304304304440e-01	9.103696754846689609e-01	-9.347863829176383810e-02
4.314314314314314225e-01	8.795049201289210083e-01	-4.488217188110377176e-02
4.324324324324324564e-01	8.562826695684331302e-01	-4.753531835121838078e-03
4.334334334334334349e-01	8.385181051304808619e-01	2.907538253712060872e-02
4.344344344344344133e-01	8.293117313333184804e-01	5.348818139130051552e-02
4.354354354354354473e-01	8.512576521051091749e-01	4.587572383720450730e-02
4.364364364364364257e-01	9.003011025478003804e-01	1.027860104423494736e-02
4.374374374374374597e-01	8.870222110997346698e-01	3.610338809457747100e-02
4.384384384384384381e-01	9.370637813721317544e-01	-2.305124704980787698e-03
4.394394394394394165e-01	9.405458416068317451e-01	4.921530987031186299e-03
4.404404404404404505e-01	9.453921501654772852e-01	9.849007432809697704e-03
4.414414414414414289e-01	9.087550681366066696e-01	5.531527867954366684e-02
4.424424424424424629e-01	9.072434634221666627e-01	6.470274603006720415e-02
4.434434434434434413e-01	8.822122973434108895e-01	9.664866007045047613e-02
4.444444444444444198e-01	9.029006097640147610e-01	8.190714324819292624e-02
4.454454454454454537e-01	8.717315797488777163e-01	1.180491359749057390e-01
4.464464464464464322e-01	9.200355797670392022e-01	7.373934823838479424e-02
4.474474474474474661e-01	9.076284753484984424e-01	8.915796480853588335e-02
4.484484484484484446e-01	9.018462566627737376e-01	9.696601756449541032e-02
4.494494494494494230e-01	9.159568156848025833e-01	8.389361127349781455e-02
4.504504504504504570e-01	8.630388951795370245e-01	1.368609765872118578e-01
4.514514514514514354e-01	8.884305196258114323e-01	1.105300401330160387e-01
4.524524524524524693e-01	9.410355519479348674e-01	5.599786783075533236e-02
4.534534534534534478e-01	9.619727061503740018e-01	3.214765133956543064e-02
4.544544544544544262e-01	9.264806474735881592e-01	6.374360601761053235e-02
4.554554554554554602e-01	1.009250715347911775e+00	-2.390175488029511186e-02
4.564564564564564386e-01	9.685780623869681971e-01	1.092123699414837557e-02
4.574574574574574726e-01	8.694052737327642166e-01	1.032757809703959140e-01
4.584584584584584510e-01	8.857417635100479636e-01	7.915920518469110601e-02
4.594594594594594295e-01	8.639422988383526070e-01	9.222443590089879351e-02
4.604604604604604634e-01	8.141598504852590734e-01	1.323271392495932730e-01
4.614614614614614418e-01	7.596351543226104175e-01	1.762361512312020650e-01
4.624624624624624758e-01	6.849217759737278310e-01	2.394084036035808438e-01
4.634634634634634542e-01	6.602588846561238123e-01	2.516161396589101651e-01
4.644644644644644327e-01	6.908231196926435391e-01	2.076950364272246441e-01
4.654654654654654666e-01	8.260603996906984436e-01	5.821238331807931932e-02
4.664664664664664451e-01	7.829320304062725722e-01	8.622096119572708606e-02
4.674674674674674790e-01	7.162645316251692318e-01	1.369092015682232821e-01
4.684684684684684575e-01	6.223198832763671140e-01	2.140309256894096235e-01
4.694694694694694914e-01	6.597959323447628588e-01	1.589049220210656532e-01
4.704704704704704699e-01	6.164805286258489003e-01	1.837607940281834606e-01
4.714714714714714483e-01	6.168511594280382537e-01	1.641393082178804752e-01
4.724724724724724823e-01	5.526426921452166630e-01	2.083246335164509189e-01
4.734734734734734607e-01	4.962591894301582873e-01	2.439325072717862253e-01
4.744744744744744946e-01	5.367923151557913997e-01	1.818918097127465439e-01
4.754754754754754731e-01	5.872120095960197128e-01	1.092538684532027293e-01
4.764764764764764515e-01	6.709312848961204168e-01	2.627641990745943623e-03
4.774774774774774855e-01	5.805453234663376927e-01	6.944059958730930404e-02
4.784784784784784639e-01	5.828844659336477330e-01	4.288571091815962522e-02
4.794794794794794979e-01	5.780493771734684927e-01	2.288625698965429667e-02
4.804804804804804763e-01	5.909472843639081985e-01	-1.544043159401708998e-02
4.814814814814814548e-01	5.829241674960424779e-01	-3.341518942523546976e-02
4.824824824824824887e-01	5.380914829022181989e-01	-1.512376468641496441e-02
4.834834834834834671e-01	4.924012087620333600e-01	3.508109922356617005e-03
4.844844844844845011e-01	4.785561416244925037e-01	-1.019560529183166642e-02
4.854854854854854795e-01	3.446046396640790599e-01	9.574397327054029461e-02
4.864864864864864580e-01	4.018177551775931611e-01	1.008349306640093923e-02
4.874874874874874919e-01	4.291318874166702990e-01	-4.608531481350142123e-02
4.884884884884884704e-01	3.999771094630295565e-01	-4.616399033668988627e-02
4.894894894894895043e-01	3.669251886396264206e-01	-4.269539315525477940e-02
4.904904904904904828e-01	2.892130150652057474e-01	5.112840254076489455e-03
4.914914914914914612e-01	2.252389673744534249e-01	3.889190194215480512e-02
4.924924924924924952e-01	2.433217896922485191e-01	-9.647093727996131074e-03
4.934934934934934736e-01	2.739682714616492598e-01	-7.098081943488648848e-02
4.944944944944945076e-01	3.715080779615074769e-01	-1.994085951973390280e-01
4.954954954954954860e-01	3.282145863269592123e-01	-1.871732544020389688e-01
4.964964964964965199e-01	2.450137981284379596e-01	-1.351700865859372658e-01
4.974974974974974984e-01	1.930269344937280140e-01	-1.144894629280580056e-01
4.984984984984984768e-01	1.213808982010199378e-01	-7.422732884871235948e-02
4.994994994994995108e-01	9.750775145200263339e-02	-8.178471239496178102e-02
5.005005005005005447e-01	6.814031821236549158e-02	-8.386335726940689905e-02
5.015015015015015232e-01	3.242407784108250479e-02	-7.957764719338884796e-02
5.025025025025025016e-01	4.320935085472801807e-02	-1.217468224203968052e-01
5.035035035035034801e-01	-7.087248623679681669e-03	-1.027564629188197770e-01
5.045045045045044585e-01	-4.165671404194790095e-02	-9.938461788296937272e-02
5.055055055055055480e-01	-4.671542757958069281e-02	-1.253840551845883111e-01
5.065065065065065264e-01	-1.577662370430013561e-01	-4.522121498376019400e-02
5.075075075075075048e-01	-3.104855166377194498e-01	7.681082067346825526e-02
5.085085085085084833e-01	-3.566800884619368839e-01	9.254921914533154048e-02
5.095095095095094617e-01	-3.091134431744831379e-01	1.478758785520206676e-02
5.105105105105105512e-01	-3.002884521488183855e-01	-2.394134333555381078e-02
5.115115115115115296e-01	-3.137778294332164153e-01	-4.003528969312208918e-02
5.125125125125125081e-01	-4.150461029434444615e-01	3.199953034027835930e-02
5.135135135135134865e-01	-5.246862693093433672e-01	1.127850210653535967e-01
5.145145145145144649e-01	-5.654334605419130133e-01	1.250848476072947690e-01
5.155155155155155544e-01	-5.000046431056541785e-01	3.164410677299289709e-02
5.165165165165165329e-01	-5.238288630065321971e-01	2.791954432214327486e-02
5.175175175175175113e-01	-5.495234920538728529e-01	2.655577383807228298e-02
5.185185185185184897e-01	-6.185401033184123598e-01	6.903112524760646185e-02
5.195195195195194682e-01	-5.823546033122244392e-01	6.847750542335773183e-03
5.205205205205205576e-01	-6.419401465821271691e-01	4.100451241900393562e-02
5.215215215215215361e-01	-7.101845137834117416e-01	8.441433693160671492e-02
5.225225225225225145e-01	-8.043940495268935287e-01	1.544081264732488634e-01
5.235235235235234930e-01	-8.718613036496259960e-01	1.983023767627605238e-01
5.245245245245244714e-01	-8.700076405190958484e-01	1.735417624698756267e-01
5.255255255255255609e-01	-8.865906257750949537e-01	1.679065009065566771e-01
5.265265265265265393e-01	-8.344570923477457880e-01	9.426539564580327379e-02
5.275275275275275177e-01	-8.226745913592546922e-01	6.170726569758677726e-02
5.285285285285284962e-01	-9.168989961371771802e-01	1.359085284912603386e-01
5.295295295295294746e-01	-9.172346743648023271e-01	1.169933517107717424e-01
5.305305305305305641e-01	-9.820563637993902084e-01	1.633555094335623625e-01
5.315315315315315425e-01	-9.410228267990091711e-01	1.046720178332340989e-01
5.325325325325325210e-01	-9.236913766197171194e-01	7.051764342632427240e-02
5.335335335335334994e-01	-9.346177096824602737e-01	6.546471808046216978e-02
5.345345345345344779e-01	-1.008470916152490293e+00	1.241981331437138625e-01
5.355355355355355673e-01	-1.094033149513254255e+00	1.955149933933874040e-01
5.365365365365365458e-01	-1.073397443250085903e+00	1.615224189350517037e-01
5.375375375375375242e-01	-1.070621681467395669e+00	1.462915018900874387e-01
5.385385385385385026e-01	-1.074348301308984510e+00	1.384769957551731379e-01
5.395395395395394811e-01	-1.081292366885912459e+00	1.348053771510611121e-01
5.405405405405405705e-01	-1.094936571431209371e+00	1.387698366919588588e-01
5.415415415415415490e-01	-1.147602415500036610e+00	1.827014468052974294e-01
5.425425425425425274e-01	-1.138233260594430751e+00	1.655522058912708427e-01
5.435435435435435059e-01	-1.036396381083480867e+00	5.689708170236484897e-02
5.445445445445444843e-01	-9.895377508145640766e-01	4.188790346948190191e-03
5.455455455455455738e-01	-1.011384915640765714e+00	2.116066214956691116e-02
5.465465465465465522e-01	-9.774199331519740630e-01	-1.670042433796525838e-02
5.475475475475475307e-01	-1.073229561180154557e+00	7.619614140146446779e-02
5.485485485485485091e-01	-1.033343787400289759e+00	3.438322764146251043e-02
5.495495495495495986e-01	-1.032598630362401959e+00	3.269875859565307685e-02
5.505505505505505770e-01	-1.014592595095561434e+00	1.474216813726103581e-02
5.515515515515515554e-01	-9.962277492704425530e-01	-2.584524956826594888e-03
5.525525525525525339e-01	-9.344159468148721670e-01	-6.237049334216226981e-02
5.535535535535535123e-01	-9.430898520609851676e-01	-5.068507594443938391e-02
5.545545545545546018e-01	-9.664453585585003337e-01	-2.333535716528278847e-02
5.555555555555555802e-01	-9.086124575515761581e-01	-7.619529546063175118e-02
5.565565565565565587e-01	-1.008527070209159326e+00	2.966611279529773881e-02
5.575575575575575371e-01	-1.019649800962845632e+00	4.770359151061154268e-02
5.585585585585585155e-01	-1.064905503503617457e+00	1.008351566874657879e-01
5.595595595595596050e-01	-1.067582471844005676e+00	1.123413142457193592e-01
5.605605605605605835e-01	-9.820661036005087219e-01	3.659873100664545742e-02
5.615615615615615619e-01	-9.294455175126704605e-01	-5.313139154480950310e-03
5.625625625625625403e-01	-9.482814125080639700e-01	2.515581331375060792e-02
5.635635635635635188e-01	-1.007731804802703746e+00	9.715210121066797377e-02
5.645645645645646082e-01	-1.012675537627704792e+00	1.155421616853913314e-01
5.655655655655655867e-01	-9.620957504986089592e-01	7.929583777398929723e-02
5.665665665665665651e-01	-8.962116204358940852e-01	2.861813276829205943e-02
5.675675675675675436e-01	-8.620142204492786675e-01	1.048508271596582109e-02
5.685685685685685220e-01	-8.277559307845071546e-01	-6.866817463310748160e-03
5.695695695695696115e-01	-7.754402883553070946e-01	-4.145074883759769513e-02
5.705705705705705899e-01	-7.297106428126490796e-01	-6.864089586175703417e-02
5.715715715715715683e-01	-7.582453529072028520e-01	-2.077723267628950321e-02
5.725725725725725468e-01	-7.643411285863247473e-01	5.417837118235957483e-03
5.735735735735735252e-01	-7.095114378326004001e-01	-2.856209379973950746e-02
5.745745745745746147e-01	-6.516219255197644999e-01	-6.487199796301823529e-02
5.755755755755755931e-01	-6.713254329791125130e-01	-2.288037316161062318e-02
5.765765765765765716e-01	-6.511259464156378129e-01	-2.010527292526664844e-02
5.775775775775775500e-01	-6.434118381854226909e-01	-4.181043451971566682e-03
5.785785785785785285e-01	-6.512016495481131040e-01	2.788748160989495961e-02
5.795795795795796179e-01	-5.653699026626342050e-01	-3.304918372829246387e-02
5.805805805805805964e-01	-6.368585736245055973e-01	6.392631898248457567e-02
5.815815815815815748e-01	-6.321167058262487926e-01	8.523783033262199993e-02
5.825825825825825532e-01	-6.128166201499966048e-01	9.253190816841705413e-02
5.835835835835835317e-01	-5.542820972862254614e-01	6.110603538674908020e-02
5.845845845845846211e-01	-5.629515217004100736e-01	9.737178990645273258e-02
5.855855855855855996e-01	-5.457962903010312727e-01	1.082732798441253808e-01
5.865865865865865780e-01	-5.278599695213924692e-01	1.188263275806468178e-01
5.875875875875875565e-01	-4.648490886766315500e-01	8.470929055303372257e-02
5.885885885885885349e-01	-4.572382381538020457e-01	1.063681873024689972e-01
5.895895895895896244e-01	-5.251612164014201056e-01	2.039078727172757288e-01
5.905905905905906028e-01	-4.527542865590541421e-01	1.614353232835082363e-01
5.915915915915915813e-01	-4.159436818520622636e-01	1.548471714399738963e-01
5.925925925925925597e-01	-3.938467453703757837e-01	1.632308746279340084e-01
5.935935935935935381e-01	-3.702753112353018849e-01	1.703681260104941975e-01
5.945945945945946276e-01	-3.089659737014210372e-01	1.399651533795708558e-01
5.955955955955956060e-01	-2.649897706518636320e-01	1.270624326792109682e-01
5.965965965965965845e-01	-2.254254311952138545e-01	1.187079658238543722e-01
5.975975975975975629e-01	-2.368539940726843984e-01	1.614519294902807267e-01
5.985985985985985414e-01	-1.893562879263036569e-01	1.453441859039183992e-01
5.995995995995996308e-01	-1.402826610917201344e-01	1.277040432529810698e-01
6.006006006006006093e-01	-1.611779126523039396e-01	1.800452174367715152e-01
6.016016016016015877e-01	-1.015990967394546640e-01	1.518936671028198460e-01
6.026026026026025662e-01	-7.545383334151231636e-02	1.571259352047164604e-01
6.036036036036035446e-01	-5.408188229470897723e-02	1.670507537237778117e-01
6.046046046046046341e-01	-6.248670380221041376e-02	2.066406348701702589e-01
6.056056056056056125e-01	-1.218899726666987371e-02	1.873854405185388927e-01
6.066066066066065909e-01	3.503620909440452458e-03	2.025620905022506857e-01
6.076076076076075694e-01	2.924050802851706210e-03	2.338071594888251614e-01
6.086086086086086588e-01	1.548472534190387800e-02	2.516778907926165432e-01
6.096096096096096373e-01	3.130745050299577753e-02	2.660223861641776155e-01
6.106106106106106157e-01	3.348212231739255279e-02	2.937209185403787393e-01
6.116116116116115942e-01	3.831457264461234080e-02	3.184381157696176134e-01
6.126126126126125726e-01	1.192526804908850824e-01	2.666968785044404600e-01
6.136136136136136621e-01	1.712675713995565063e-01	2.434972097058524798e-01
6.146146146146146405e-01	1.949448934578368875e-01	2.482249671862898355e-01
6.156156156156156189e-01	2.567354202882846104e-01	2.144012887947325252e-01
6.166166166166165974e-01	3.217724319486220952e-01	1.768652392923673600e-01
6.176176176176175758e-01	3.987950189311167959e-01	1.268505337002036049e-01
6.186186186186186653e-01	4.926762102221767803e-01	5.945743613089493618e-02
6.196196196196196437e-01	5.066506011270052179e-01	7.142515837336571582e-02
6.206206206206206222e-01	5.797105796933921251e-01	2.373565937003307980e-02
6.216216216216216006e-01	5.650368748277802000e-01	6.318312246785995345e-02
6.226226226226225791e-01	5.947566354161802904e-01	5.761590110561010114e-02
6.236236236236236685e-01	6.394238933296128025e-01	3.645608003306721745e-02
6.246246246246246470e-01	6.777633931614909235e-01	2.095566919087632485e-02
6.256256256256256254e-01	6.561919793319317407e-01	6.467523959265220057e-02
6.266266266266266038e-01	6.913638671058333074e-01	5.093867463977386212e-02
6.276276276276275823e-01	7.610349199676995635e-01	1.968914403826960147e-03
6.286286286286286717e-01	7.932587487879649846e-01	-1.030812257950131094e-02
6.296296296296296502e-01	8.496826614354153762e-01	-4.755946868037197461e-02
6.306306306306306286e-01	8.198746372267530225e-01	6.279378803332180681e-04
6.316316316316316071e-01	8.297481180606643969e-01	8.322480644562091356e-03
6.326326326326325855e-01	8.556283022006757610e-01	-8.184108937506762160e-04
6.336336336336336750e-01	8.993836952996600020e-01	-2.867979513453222662e-02
6.346346346346346534e-01	8.994876285424002749e-01	-1.375072014587142011e-02
6.356356356356356319e-01	9.195691518584738766e-01	-1.967510133515681936e-02
6.366366366366366103e-01	8.854087497563664089e-01	2.775257741661663058e-02
6.376376376376375887e-01	9.377781886333581562e-01	-1.225256971168098286e-02
6.386386386386386782e-01	9.943673361542177958e-01	-5.739263688677975761e-02
6.396396396396396566e-01	9.995516464354977648e-01	-5.205439971506853336e-02
6.406406406406406351e-01	1.027065831171765309e+00	-6.998297517349438834e-02
6.416416416416416135e-01	1.098270958753429172e+00	-1.325489104380748184e-01
6.426426426426425920e-01	1.149095903713989841e+00	-1.756896229579877344e-01
6.436436436436436814e-01	1.108379671921466247e+00	-1.282517171992897387e-01
6.446446446446446599e-01	1.076191139781594641e+00	-9.031071633419918143e-02
6.456456456456456383e-01	1.084972055719184203e+00	-9.431405714975249488e-02
6.466466466466466168e-01	1.120962916360297212e+00	-1.265069606050197581e-01
6.476476476476475952e-01	1.124758985130006828e+00	-1.274884457571743290e-01
6.486486486486486847e-01	1.095112722761265367e+00	-9.601375655658395125e-02
6.496496496496496631e-01	1.141101679752456244e+00	-1.411622515521625543e-01
6.506506506506506415e-01	1.126568209253963726e+00	-1.267771149900375205e-01
6.516516516516516200e-01	1.039373353835709057e+00	-4.071924275925253855e-02
6.526526526526525984e-01	1.053429804752557875e+00	-5.690020180222088442e-02
6.536536536536536879e-01	1.087263895219725329e+00	-9.384422450191454157e-02
6.546546546546546663e-01	1.060154713459876996e+00	-7.082732380638356862e-02
6.556556556556556448e-01	1.051799316526290440e+00	-6.754251009292167041e-02
6.566566566566566232e-01	1.019482927566276675e+00	-4.126999243306772591e-02
6.576576576576576016e-01	9.289442881285033815e-01	4.225746414187381284e-02
6.586586586586586911e-01	9.089691484926178955e-01	5.426104240129425715e-02
6.596596596596596696e-01	8.679408474548963026e-01	8.636528627385242629e-02
6.606606606606606480e-01	8.032710790151772473e-01	1.411673263656519905e-01
6.616616616616616264e-01	7.220235742614372620e-01	2.116131893494098692e-01
6.626626626626626049e-01	7.343483256316579721e-01	1.875635640535687765e-01
6.636636636636636943e-01	7.393303631225558448e-01	1.699450146913320525e-01
6.646646646646646728e-01	7.010889367655058768e-01	1.946507869197495744e-01
6.656656656656656512e-01	6.776169786270154205e-01	2.037013334827924016e-01
6.666666666666666297e-01	6.733508266017391719e-01	1.926745771827010900e-01
6.676676676676676081e-01	7.143159818688568086e-01	1.355601393218301975e-01
6.686686686686686976e-01	6.563409295013366007e-01	1.765455041394363711e-01
6.696696696696696760e-01	6.278128672624535556e-01	1.872602742238089757e-01
6.706706706706706544e-01	6.100545219139590358e-01	1.863993375909712702e-01
6.716716716716716329e-01	5.254296196331994517e-01	2.516173798490912716e-01
6.726726726726726113e-01	4.338880631614260852e-01	3.229836888435667075e-01
6.736736736736737008e-01	3.960201378833622665e-01	3.399279296007408635e-01
6.746746746746746792e-01	3.951414149156166622e-01	3.191552215114050184e-01
6.756756756756756577e-01	3.650363501950678047e-01	3.269025187824802781e-01
6.766766766766766361e-01	3.077883920946583585e-01	3.611084816496815675e-01
6.776776776776777256e-01	3.597017684218744571e-01	2.854916675168178153e-01
6.786786786786787040e-01	4.068801532042604641e-01	2.139718416389831401e-01
6.796796796796796825e-01	4.023251608381440136e-01	1.935714597957549077e-01
6.806806806806806609e-01	3.616883915180063025e-01	2.086635990598975643e-01
6.816816816816816393e-01	3.901978738750073727e-01	1.540454907565724785e-01
6.826826826826827288e-01	3.989467248644560926e-01	1.186498355974214269e-01
6.836836836836837072e-01	3.964262596185055831e-01	9.401166829791529622e-02
6.846846846846846857e-01	3.473056689036425615e-01	1.154886540636581582e-01
6.856856856856856641e-01	2.391142101038669365e-01	1.955788710505285966e-01
6.866866866866866426e-01	2.793788541832684658e-01	1.267831363712052517e-01
6.876876876876877320e-01	2.080909019584752939e-01	1.691383623442940243e-01
6.886886886886887105e-01	2.106014682507497127e-01	1.373220444435349630e-01
6.896896896896896889e-01	3.012538044826930106e-01	1.701991040961781110e-02
6.906906906906906674e-01	2.625139362776998109e-01	2.579525399452231582e-02
6.916916916916916458e-01	2.816154682979494783e-01	-2.355589886909748021e-02
6.926926926926927353e-01	2.286910579725126014e-01	-1.136293096430429639e-03
6.936936936936937137e-01	1.220472089697266782e-01	7.477773249798000399e-02
6.946946946946946921e-01	7.614705400955344705e-02	8.975343255915917140e-02
6.956956956956956706e-01	8.930500905578686588e-02	4.550697095079811461e-02
6.966966966966966490e-01	7.320290756779083974e-02	3.038725626445072658e-02
6.976976976976977385e-01	2.195797750983738764e-02	5.030793441074984940e-02
6.986986986986987169e-01	-2.375684223846680904e-02	6.462704167918012499e-02
6.996996996996996954e-01	3.994293386853566691e-02	-3.050886164263921785e-02
7.007007007007006738e-01	-1.931004624309645007e-02	-2.701337683129911849e-03
7.017017017017016522e-01	-1.069857644458308832e-01	5.355069045277616874e-02
7.027027027027027417e-01	-1.377459874244227611e-01	5.294006294891423492e-02
7.037037037037037202e-01	-1.316951176395314282e-01	1.560220351429983388e-02
7.047047047047046986e-01	-1.443742536771355500e-01	-2.890850943005479623e-03
7.057057057057056770e-01	-8.231765091293155590e-02	-9.597402024504278484e-02
7.067067067067066555e-01	-7.914056546743708509e-02	-1.300013674701271937e-01
7.077077077077077449e-01	-1.347844427743405959e-01	-1.050009407233943037e-01
7.087087087087087234e-01	-1.152505709884228957e-01	-1.549411498953601196e-01
7.097097097097097018e-01	-1.119624965900944680e-01	-1.883683810216554566e-01
7.107107107107106803e-01	-1.729349957276013761e-01	-1.572380546732334017e-01
7.117117117117116587e-01	-1.916488625824279146e-01	-1.680398670621044421e-01
7.127127127127127482e-01	-2.349145801671748968e-01	-1.539341484242144620e-01
7.137137137137137266e-01	-2.695196203591582740e-01	-1.481045918473091194e-01
7.147147147147147050e-01	-2.514589616887397128e-01	-1.945277639963353677e-01
7.157157157157156835e-01	-3.011684932546183635e-01	-1.727397293358226005e-01
7.167167167167166619e-01	-3.618363431368568084e-01	-1.395247494507456110e-01
7.177177177177177514e-01	-3.904691419993689960e-01	-1.378490467466837455e-01
7.187187187187187298e-01	-4.319906310466842814e-01	-1.227622233374328631e-01
7.197197197197197083e-01	-4.845424973971709792e-01	-9.609645203143341030e-02
7.207207207207206867e-01	-5.226191092887008116e-01	-8.333176697484501183e-02
7.217217217217216652e-01	-5.910436576277426912e-01	-3.961994741481378313e-02
7.227227227227227546e-01	-6.588911413102112036e-01	4.138442870475378399e-03
7.237237237237237331e-01	-7.229880608259331431e-01	4.479372501126710482e-02
7.247247247247247115e-01	-8.007229934904335211e-01	9.975765672283742891e-02
7.257257257257256899e-01	-8.358178783150908009e-01	1.127746942535838848e-01
7.267267267267266684e-01	-9.069382041809338491e-01	1.625321582925157715e-01
7.277277277277277578e-01	-8.657733060646507495e-01	1.007405086067604261e-01
7.287287287287287363e-01	-8.160022826318632516e-01	3.109924074545933337e-02
7.297297297297297147e-01	-8.022714162397682758e-01	-1.725714127170929757e-03
7.307307307307306932e-01	-8.502998621150835712e-01	2.800368051627633026e-02
7.317317317317316716e-01	-8.944810770978026682e-01	5.469897663926392983e-02
7.327327327327327611e-01	-9.324283046858796720e-01	7.599070879253366773e-02
7.337337337337337395e-01	-9.367831992274034958e-01	6.453700120791783235e-02
7.347347347347347180e-01	-8.664403670422512471e-01	-2.075190736635146305e-02
7.357357357357356964e-01	-1.004086698013967549e+00	1.028256524680231099e-01
7.367367367367367859e-01	-9.675462965430206008e-01	5.310769709785434500e-02
7.377377377377377643e-01	-1.046948915262078117e+00	1.202370098567931977e-01
7.387387387387387427e-01	-1.054502210077739255e+00	1.164333831815740350e-01
7.397397397397397212e-01	-1.050942859574004462e+00	1.024447260142102856e-01
7.407407407407406996e-01	-1.076409598751534302e+00	1.184200864360457350e-01
7.417417417417417891e-01	-1.103829159640112856e+00	1.372955820820712658e-01
7.427427427427427675e-01	-1.068143613094522992e+00	9.402173265578683825e-02
7.437437437437437460e-01	-1.108106123679891031e+00	1.273592064598517704e-01
7.447447447447447244e-01	-1.149223658658239611e+00	1.628215219625250842e-01
7.457457457457457028e-01	-1.104157668805916259e+00	1.130757221368968723e-01
7.467467467467467923e-01	-1.110511007002889405e+00	1.157292875203040916e-01
7.477477477477477708e-01	-1.102457388653704795e+00	1.049595920592051312e-01
7.487487487487487492e-01	-1.147783487818723414e+00	1.485559956226440992e-01
7.497497497497497276e-01	-1.105728302522966278e+00	1.057592066552194288e-01
7.507507507507507061e-01	-1.084436396617557863e+00	8.471452234716914109e-02
7.517517517517517955e-01	-1.181428025526336523e+00	1.829419536558141157e-01
7.527527527527527740e-01	-1.167596403922845472e+00	1.713334932242909225e-01
7.537537537537537524e-01	-1.068420395126753686e+00	7.536580598638609185e-02
7.547547547547547309e-01	-1.052186819898351278e+00	6.332254013491545042e-02
7.557557557557557093e-01	-9.807082066786410035e-01	-2.987919500969549169e-03
7.567567567567567988e-01	-9.389326578276355750e-01	-3.862258112005068078e-02
7.577577577577577772e-01	-9.491799774418907543e-01	-2.126771307790664700e-02
7.587587587587587556e-01	-9.071363526593810844e-01	-5.524415657725234574e-02
7.597597597597597341e-01	-9.425280042427157667e-01	-1.083366813471398071e-02
7.607607607607607125e-01	-9.433055482335187536e-01	-9.455003806346784501e-05
7.617617617617618020e-01	-8.966707443702824909e-01	-3.583489310942522543e-02
7.627627627627627804e-01	-8.740253863579695581e-01	-4.666367669489313030e-02
7.637637637637637589e-01	-8.641879170122982456e-01	-4.377414286724812253e-02
7.647647647647647373e-01	-7.970888388044123918e-01	-9.724837432661570524e-02
7.657657657657657158e-01	-8.059564820364679694e-01	-7.387151377996303836e-02
7.667667667667668052e-01	-7.927314915397571937e-01	-7.171726392010846496e-02
7.677677677677677837e-01	-7.771702605907321315e-01	-7.104443932206983003e-02
7.687687687687687621e-01	-6.483353923549425302e-01	-1.828064899607515503e-01
7.697697697697697405e-01	-6.561253219107919810e-01	-1.571218633129423115e-01
7.707707707707707190e-01	-6.791160757453417185e-01	-1.154322281671043005e-01
7.717717717717718084e-01	-6.783631222780062142e-01	-9.670060660159429666e-02
7.727727727727727869e-01	-6.791041306297737057e-01	-7.570859693102494070e-02
7.737737737737737653e-01	-6.406631424870490310e-01	-9.315218278967951626e-02
7.747747747747747438e-01	-6.368911594489335970e-01	-7.520112598209383048e-02
7.757757757757757222e-01	-7.028067678601882529e-01	1.314167888192330214e-02
7.767767767767768117e-01	-6.926952336248997089e-01	2.613932044252864628e-02
7.777777777777777901e-01	-6.657700340514066673e-01	2.298242436486719331e-02
7.787787787787787686e-01	-6.791236445264239308e-01	6.073996261020719878e-02
7.797797797797797470e-01	-6.405519275548577918e-01	4.718366571723486835e-02
7.807807807807807254e-01	-5.646183547967214000e-01	-3.147731297987399479e-03
7.817817817817818149e-01	-5.171001993210866399e-01	-2.450227222710266162e-02
7.827827827827827933e-01	-4.823720602066753349e-01	-3.253123003413782577e-02
7.837837837837837718e-01	-5.147110273615609355e-01	2.701608354792456312e-02
7.847847847847847502e-01	-4.106762462399682900e-01	-4.932809115864594807e-02
7.857857857857857287e-01	-4.038946655863219215e-01	-2.796418742697687199e-02
7.867867867867868181e-01	-3.399038419596411287e-01	-6.338248052433970159e-02
7.877877877877877966e-01	-3.063146723372953684e-01	-6.800032758672447386e-02
7.887887887887887750e-01	-3.189618322345335044e-01	-2.601170156005938594e-02
7.897897897897897534e-01	-3.090681738064941508e-01	-6.222764769008792829e-03
7.907907907907907319e-01	-3.403190818989454969e-01	5.502251582489375847e-02
7.917917917917918214e-01	-3.334793455950260110e-01	7.845926919471557515e-02
7.927927927927927998e-01	-2.929426210132207165e-01	6.845121237564666394e-02
7.937937937937937782e-01	-2.296548914202928282e-01	3.591414018339225689e-02
7.947947947947947567e-01	-2.396483978630532807e-01	7.684988569795800362e-02
7.957957957957957351e-01	-2.412837045699840199e-01	1.095884157343579579e-01
7.967967967967968246e-01	-2.070940330214941227e-01	1.066321951693257608e-01
7.977977977977978030e-01	-1.939372474235281918e-01	1.248082028287417350e-01
7.987987987987987815e-01	-2.109228280851300485e-01	1.731949354064129809e-01
7.997997997997997599e-01	-1.855524309464419153e-01	1.792629976303727890e-01
8.008008008008007383e-01	-7.011572389203214739e-02	9.527096928140510457e-02
8.018018018018018278e-01	-3.310367879787264045e-02	8.967872798166413861e-02
8.028028028028028062e-01	1.900022665628020926e-02	6.893868175477869953e-02
8.038038038038037847e-01	6.733624147214890832e-02	5.187956726402412344e-02
8.048048048048047631e-01	1.259991726324573291e-01	2.437564918147758219e-02
8.058058058058058526e-01	1.973857172755274780e-01	-1.600058140287619057e-02
8.068068068068068310e-01	2.649891352475719497e-01	-5.277304906506530280e-02
8.078078078078078095e-01	2.904449917648392887e-01	-4.760780638625139449e-02
8.088088088088087879e-01	2.612453074903925976e-01	1.197284611807253318e-02
8.098098098098097664e-01	2.439680584008109276e-01	5.936089007381356586e-02
8.108108108108108558e-01	2.436444570783008745e-01	8.949533766375647459e-02
8.118118118118118343e-01	3.086371920091138810e-01	5.398402177255140488e-02
8.128128128128128127e-01	3.968911636335685222e-01	-5.147110913170882540e-03
8.138138138138137911e-01	4.093244203686455807e-01	1.115509290056765357e-02
8.148148148148147696e-01	4.665149648169197305e-01	-1.771578461646000635e-02
8.158158158158158590e-01	5.451390372499993475e-01	-6.846398780357249025e-02
8.168168168168168375e-01	5.588038530856227482e-01	-5.472429729429695300e-02
8.178178178178178159e-01	6.437844490205300030e-01	-1.127988488912098353e-01
8.188188188188187944e-01	6.882806410343034198e-01	-1.309140647726626527e-01
8.198198198198197728e-01	7.107284467904836367e-01	-1.275320495842128254e-01
8.208208208208208623e-01	7.277350516570658678e-01	-1.192855306628496370e-01
8.218218218218218407e-01	7.548806214455457964e-01	-1.217796455187237781e-01
8.228228228228228192e-01	7.270690292900783280e-01	-6.994264402089023225e-02
8.238238238238237976e-01	7.329491539617509765e-01	-5.244716260650006401e-02
8.248248248248247760e-01	7.141832077105526588e-01	-1.097852862987125366e-02
8.258258258258258655e-01	7.209259751863937860e-01	4.286023574004871328e-03
8.268268268268268439e-01	7.546037727587914246e-01	-8.101584430739050546e-03
8.278278278278278224e-01	8.471986026244432422e-01	-8.014440776884512729e-02
8.288288288288288008e-01	8.696411480252959070e-01	-8.279345265370741114e-02
8.298298298298297793e-01	8.531268681808285015e-01	-4.726375122316173183e-02
8.308308308308308687e-01	9.024242448315769050e-01	-7.834258872821164843e-02
8.318318318318318472e-01	9.764125194814229358e-01	-1.349272221813727635e-01
8.328328328328328256e-01	1.018855152055538449e+00	-1.607983211998517126e-01
8.338338338338338041e-01	1.013842712679802194e+00	-1.400628427670751464e-01
8.348348348348347825e-01	1.026421451484635483e+00	-1.377825848322800084e-01
8.358358358358358720e-01	1.071279714452007648e+00	-1.686605867829731320e-01
8.368368368368368504e-01	1.061349323895709906e+00	-1.456424953955409718e-01
8.378378378378378288e-01	1.061210328184907681e+00	-1.333213008883991080e-01
8.388388388388388073e-01	1.069438224108490321e+00	-1.302845464887236737e-01
8.398398398398397857e-01	1.080499354177950844e+00	-1.310097138231378633e-01
8.408408408408408752e-01	1.070811629468887194e+00	-1.119249347442372589e-01
8.418418418418418536e-01	1.043112414966947288e+00	-7.577686656965731959e-02
8.428428428428428321e-01	1.049621850547347135e+00	-7.479400387281343043e-02
8.438438438438438105e-01	1.146548626442903451e+00	-1.651924456893446580e-01
8.448448448448447889e-01	1.138247290446614102e+00	-1.513331953934543561e-01
8.458458458458458784e-01	1.111061468719914069e+00	-1.195653751225292938e-01
8.468468468468468568e-01	1.143301268606514265e+00	-1.482036231562483541e-01
8.478478478478478353e-01	1.106404540791616986e+00	-1.086893515953556433e-01
8.488488488488488137e-01	1.065706090098379244e+00	-6.635995363639834999e-02
8.498498498498497922e-01	1.055119107721960159e+00	-5.513023324624610755e-02
8.508508508508508816e-01	9.827109755182169559e-01	1.693179214401296928e-02
8.518518518518518601e-01	9.452408140467990494e-01	5.306734422446923727e-02
8.528528528528528385e-01	9.087483267641359719e-01	8.723803927496864841e-02
8.538538538538538170e-01	8.434659338980876608e-01	1.492137529854327127e-01
8.548548548548547954e-01	8.037395394234659873e-01	1.846518512100072673e-01
8.558558558558558849e-01	7.737318276530341654e-01	2.093938901426701804e-01
8.568568568568568633e-01	7.160101112833199277e-01	2.608777640781730911e-01
8.578578578578578417e-01	6.889358568796836169e-01	2.807481747780040671e-01
8.588588588588588202e-01	6.373037569477516540e-01	3.242175532993742948e-01
8.598598598598597986e-01	6.385627752515956601e-01	3.138450076328567206e-01
8.608608608608608881e-01	6.582973952697347420e-01	2.840550662645842106e-01
8.618618618618618665e-01	6.773087191268698515e-01	2.540565703329852321e-01
8.628628628628628450e-01	6.866963611156869929e-01	2.327607702745185803e-01
8.638638638638638234e-01	6.698327001936933422e-01	2.368070625831968368e-01
8.648648648648649129e-01	6.905101572644125607e-01	2.024157008851559247e-01
8.658658658658658913e-01	6.795178687974343656e-01	1.988111097853350051e-01
8.668668668668668698e-01	6.576748388314190841e-01	2.051887194545117810e-01
8.678678678678678482e-01	6.875260171910774210e-01	1.590188731389836629e-01
8.688688688688688266e-01	5.937596196986144603e-01	2.356294918264696392e-01
8.698698698698699161e-01	5.989666987715362989e-01	2.124464876913296774e-01
8.708708708708708945e-01	6.177158250470016210e-01	1.749190656946842948e-01
8.718718718718718730e-01	5.696157039045257608e-01	2.034570894841919442e-01
8.728728728728728514e-01	5.287869137305790668e-01	2.239593247673766774e-01
8.738738738738738299e-01	4.729474147452557009e-01	2.587279113564247002e-01
8.748748748748749193e-01	4.717912316022896402e-01	2.380896606921395486e-01
8.758758758758758978e-01	4.295081869587967782e-01	2.578763016703126132e-01
8.768768768768768762e-01	4.052577548726093992e-01	2.589506059330048959e-01
8.778778778778778547e-01	4.078410841470180848e-01	2.325343425260092967e-01
8.788788788788788331e-01	4.231905304062635320e-01	1.927187231609187590e-01
8.798798798798799226e-01	3.300243688589659108e-01	2.608096661469931909e-01
8.808808808808809010e-01	3.684219629535062102e-01	1.967526038118860288e-01
8.818818818818818794e-01	3.465097890710275297e-01	1.924464332891895890e-01
8.828828828828828579e-01	3.298375560122503991e-01	1.823673719408658300e-01
8.838838838838838363e-01	2.939095895239371425e-01	1.910375471935539249e-01
8.848848848848849258e-01	2.520528459955790335e-01	2.051569566834984815e-01
8.858858858858859042e-01	2.182909494686141316e-01	2.107294045937120608e-01
8.868868868868868827e-01	2.141690943045158613e-01	1.862375718632891530e-01
8.878878878878878611e-01	1.755886554508591380e-01	1.958083783567115266e-01
8.888888888888888395e-01	1.752985513624444602e-01	1.667215919632282495e-01
8.898898898898899290e-01	1.380137892004257294e-01	1.742912550310624642e-01
8.908908908908909074e-01	1.117086511132227705e-01	1.705724693607491016e-01
8.918918918918918859e-01	1.104768817918456991e-01	1.415011795932810956e-01
8.928928928928928643e-01	1.581775755226382807e-01	6.324825679892395747e-02
8.938938938938938428e-01	1.849447268592571691e-01	5.709918173808503639e-03
8.948948948948949322e-01	1.233419028981329602e-01	3.635302488941558052e-02
8.958958958958959107e-01	1.666927388404273458e-01	-3.811544355855808752e-02
8.968968968968968891e-01	1.455375977398150333e-01	-4.820507937151030653e-02
8.978978978978978676e-01	5.427300097844212079e-02	1.171849264818199121e-02
8.988988988988988460e-01	1.190714511079484783e-01	-8.448623829612958436e-02
8.998998998998999355e-01	9.934008295736210248e-02	-9.619535074962620724e-02
9.009009009009009139e-01	-2.828135463166353558e-02	-1.750345145351897558e-05
9.019019019019018923e-01	-8.893691316702823091e-02	2.922244828382088849e-02
9.029029029029028708e-01	-1.006276958402246846e-01	9.556673153584369085e-03
9.039039039039038492e-01	-1.352251169036064182e-01	1.288759252515120357e-02
9.049049049049049387e-01	-1.996766915602052050e-01	4.619363966398890020e-02
9.059059059059059171e-01	-1.751950648327496585e-01	-9.281741970741247405e-03
9.069069069069068956e-01	-2.352350247381104487e-01	1.994688399302305126e-02
9.079079079079078740e-01	-3.117183957555140772e-01	6.583181000166471453e-02
9.089089089089088525e-01	-3.122951712548199255e-01	3.605328687574788082e-02
9.099099099099099419e-01	-2.831432998153736169e-01	-2.318071979140945427e-02
9.109109109109109204e-01	-3.099704645521028090e-01	-2.613277999011143216e-02
9.119119119119118988e-01	-3.816881413424211833e-01	1.613802951720205714e-02
9.129129129129128772e-01	-3.757656004010982431e-01	-1.886990234834129421e-02
9.139139139139138557e-01	-4.549218261859978019e-01	3.159117012946599523e-02
9.149149149149149451e-01	-5.074978050464188373e-01	5.589060866952455520e-02
9.159159159159159236e-01	-5.207860714301885130e-01	4.134890914138084073e-02
9.169169169169169020e-01	-5.322666795096677728e-01	2.547364554139552872e-02
9.179179179179178805e-01	-5.601704399631421971e-01	2.652267956102138946e-02
9.189189189189188589e-01	-5.893125773678213886e-01	2.933779123022872692e-02
9.199199199199199484e-01	-5.998342078205518568e-01	1.408613027871352674e-02
9.209209209209209268e-01	-6.361118166174648536e-01	2.516966807204135126e-02
9.219219219219219053e-01	-6.175015915128072574e-01	-1.803049433157621895e-02
9.229229229229228837e-01	-5.934550343008548889e-01	-6.603853923503932855e-02
9.239239239239238621e-01	-6.158102628165085246e-01	-6.699265434667778241e-02
9.249249249249249516e-01	-6.145647328388578190e-01	-9.087233430709407145e-02
9.259259259259259300e-01	-5.688061185646587914e-01	-1.585675230083901655e-01
9.269269269269269085e-01	-5.990647519563746526e-01	-1.495261963786151949e-01
9.279279279279278869e-01	-6.257728057789008203e-01	-1.432952007954142459e-01
9.289289289289288654e-01	-6.333090962223517639e-01	-1.554754712102770497e-01
9.299299299299299548e-01	-6.327032025120005176e-01	-1.750179315618071163e-01
9.309309309309309333e-01	-5.602951185867220962e-01	-2.655638623768209472e-01
9.319319319319319117e-01	-6.100001657470784933e-01	-2.331800066391429560e-01
9.329329329329328901e-01	-6.283538590120243406e-01	-2.313137211687192885e-01
9.339339339339339796e-01	-6.984871278036487441e-01	-1.768177728741636701e-01
9.349349349349349581e-01	-7.449689542532004216e-01	-1.451077165687059134e-01
9.359359359359359365e-01	-8.004317334519508442e-01	-1.035365500100650094e-01
9.369369369369369149e-01	-8.326383436535287341e-01	-8.432765814248377456e-02
9.379379379379378934e-01	-7.899467143203389163e-01	-1.391102586340224878e-01
9.389389389389389828e-01	-8.288440304840974937e-01	-1.113852102256609466e-01
9.399399399399399613e-01	-8.814506919286806408e-01	-6.902106537143104514e-02
9.409409409409409397e-01	-8.916236729886306556e-01	-6.815072136455813112e-02
9.419419419419419182e-01	-8.464500458174701869e-01	-1.216779070846479849e-01
9.429429429429428966e-01	-8.068527356371362202e-01	-1.686714368447015389e-01
9.439439439439439861e-01	-7.291782352583160431e-01	-2.527775040391908590e-01
9.449449449449449645e-01	-7.704226565074147048e-01	-2.169936369493742356e-01
9.459459459459459429e-01	-7.360912847560991956e-01	-2.558091505027775270e-01
9.469469469469469214e-01	-7.652094548887879988e-01	-2.301942756452243222e-01
9.479479479479478998e-01	-7.518277386000582485e-01	-2.460949764281848973e-01
9.489489489489489893e-01	-6.877533170807734741e-01	-3.117015807482959033e-01
9.499499499499499677e-01	-7.026436231223132101e-01	-2.973551407062842156e-01
9.509509509509509462e-01	-7.768262454419484486e-01	-2.227275297798154696e-01
9.519519519519519246e-01	-7.917063189110238319e-01	-2.064140531271226875e-01
9.529529529529529031e-01	-7.415211527974455707e-01	-2.541788189093922012e-01
9.539539539539539925e-01	-7.577154706005946316e-01	-2.345794970542189883e-01
9.549549549549549710e-01	-7.668719209148188165e-01	-2.210368060253593558e-01
9.559559559559559494e-01	-7.273702477133291433e-01	-2.551753392092990236e-01
9.569569569569569278e-01	-7.143469683275004423e-01	-2.618638826469299463e-01
9.579579579579579063e-01	-7.658438639403288839e-01	-2.030669192958211022e-01
9.589589589589589957e-01	-6.795534035707397891e-01	-2.810991988515811890e-01
9.599599599599599742e-01	-6.970773358291038058e-01	-2.543671388540732492e-01
9.609609609609609526e-01	-7.338802987115089493e-01	-2.074152068179951902e-01
9.619619619619619311e-01	-7.225799585407287617e-01	-2.076357722878757750e-01
9.629629629629629095e-01	-6.815972637369320797e-01	-2.366188431433428052e-01
9.639639639639639990e-01	-6.877022809075612475e-01	-2.176062186750354899e-01
9.649649649649649774e-01	-7.290331207712590356e-01	-1.624725519270255880e-01
9.659659659659659559e-01	-7.395489389702085692e-01	-1.372723362629465482e-01
9.669669669669669343e-01	-7.387965030429423097e-01	-1.224733248962890375e-01
9.679679679679679127e-01	-6.878222934506172948e-01	-1.570444155052019841e-01
9.689689689689690022e-01	-6.552692191473913352e-01	-1.723589194553402093e-01
9.699699699699699806e-01	-6.319410562440469503e-01	-1.776301070966982421e-01
9.709709709709709591e-01	-6.859416722019305857e-01	-1.047719667131632448e-01
9.719719719719719375e-01	-6.371767726060468817e-01	-1.338974400926787878e-01
9.729729729729729160e-01	-5.977116921527665383e-01	-1.529606130999598967e-01
9.739739739739740054e-01	-5.404276401471684865e-01	-1.891004509750207063e-01
9.749749749749749839e-01	-4.630109231099446832e-01	-2.446515557765615578e-01
9.759759759759759623e-01	-4.233065797821775056e-01	-2.617905107016036959e-01
9.769769769769769407e-01	-4.351616880503172968e-01	-2.266925517795522760e-01
9.779779779779779192e-01	-4.591139763913647531e-01	-1.788429343617499168e-01
9.789789789789790087e-01	-4.536426651642319618e-01	-1.597860691024310387e-01
9.799799799799799871e-01	-4.223411221800235094e-01	-1.659528430207811711e-01
9.809809809809809655e-01	-3.920904776819482684e-01	-1.704869805364895852e-01
9.819819819819819440e-01	-3.876742213489999811e-01	-1.486304218883846007e-01
9.829829829829829224e-01	-3.838639011815518365e-01	-1.256375991023248040e-01
9.839839839839840119e-01	-3.632210335473242679e-01	-1.189735002547251952e-01
9.849849849849849903e-01	-3.889940081178586695e-01	-6.541673832701866420e-02
9.859859859859859688e-01	-3.853252805255591995e-01	-4.085233184687736552e-02
9.869869869869869472e-01	-4.049932511564796056e-01	7.470201072563964484e-03
9.879879879879879256e-01	-3.319406347965462301e-01	-3.653476001370781212e-02
9.889889889889890151e-01	-2.781732360195875997e-01	-6.089013447508656585e-02
9.899899899899899935e-01	-2.926293951580638542e-01	-1.668666623080539146e-02
9.909909909909909720e-01	-2.621323123555600598e-01	-1.713057093727177183e-02
9.919919919919919504e-01	-2.284109628570925865e-01	-2.052259160980232644e-02
9.929929929929930399e-01	-2.248767007099902182e-01	6.518634465343481343e-03
9.939939939939940183e-01	-1.438597949752912497e-01	-4.370685840054516769e-02
9.949949949949949968e-01	-1.126439355995023095e-01	-4.394582852905615233e-02
9.959959959959959752e-01	-8.724676990836952029e-02	-3.821126027192880970e-02
9.969969969969969537e-01	-7.498308702385897417e-02	-1.921914930377106867e-02
9.979979979979980431e-01	-3.198683189495547807e-02	-3.086645814952468370e-02
9.989989989989990216e-01	-4.497119694847813431e-02	1.352900602935781793e-02
1.000000000000000000e+00	-3.590107817955355551e-02	3.590107817955233427e-02
