# Time	FTRLS_Output	FTRLS_Error
0.000000000000000000e+00	0.000000000000000000e+00	0.000000000000000000e+00
1.001001001001000992e-03	0.000000000000000000e+00	0.000000000000000000e+00
2.002002002002001985e-03	0.000000000000000000e+00	0.000000000000000000e+00
3.003003003003002977e-03	0.000000000000000000e+00	0.000000000000000000e+00
4.004004004004003969e-03	0.000000000000000000e+00	0.000000000000000000e+00
5.005005005005004962e-03	0.000000000000000000e+00	0.000000000000000000e+00
6.006006006006005954e-03	0.000000000000000000e+00	0.000000000000000000e+00
7.007007007007006946e-03	0.000000000000000000e+00	0.000000000000000000e+00
8.008008008008007939e-03	0.000000000000000000e+00	0.000000000000000000e+00
9.009009009009008931e-03	0.000000000000000000e+00	0.000000000000000000e+00
1.001001001001000992e-02	0.000000000000000000e+00	0.000000000000000000e+00
1.101101101101101092e-02	0.000000000000000000e+00	0.000000000000000000e+00
1.201201201201201191e-02	0.000000000000000000e+00	0.000000000000000000e+00
1.301301301301301290e-02	0.000000000000000000e+00	0.000000000000000000e+00
1.401401401401401389e-02	0.000000000000000000e+00	0.000000000000000000e+00
1.501501501501501488e-02	0.000000000000000000e+00	0.000000000000000000e+00
1.601601601601601588e-02	0.000000000000000000e+00	0.000000000000000000e+00
1.701701701701701513e-02	0.000000000000000000e+00	0.000000000000000000e+00
1.801801801801801786e-02	0.000000000000000000e+00	0.000000000000000000e+00
1.901901901901902059e-02	0.000000000000000000e+00	0.000000000000000000e+00
2.002002002002001985e-02	0.000000000000000000e+00	0.000000000000000000e+00
2.102102102102101910e-02	0.000000000000000000e+00	0.000000000000000000e+00
2.202202202202202183e-02	0.000000000000000000e+00	0.000000000000000000e+00
2.302302302302302456e-02	0.000000000000000000e+00	0.000000000000000000e+00
2.402402402402402382e-02	0.000000000000000000e+00	0.000000000000000000e+00
2.502502502502502307e-02	0.000000000000000000e+00	7.076624788865043536e-01
2.602602602602602580e-02	2.128685991639931441e+00	-1.399157900517743025e+00
2.702702702702702853e-02	1.197502020955003799e+00	-4.468297157022794730e-01
2.802802802802802778e-02	3.418137889212005565e+00	-2.647063676513281116e+00
2.902902902902902704e-02	3.542393551974719834e+00	-2.751679913059626337e+00
3.003003003003002977e-02	2.175658568956674088e+00	-1.366087405615930006e+00
3.103103103103103250e-02	2.530648662282597883e+00	-1.703020523679866560e+00
3.203203203203203175e-02	1.191153877630797941e+00	-3.462871686749802169e-01
3.303303303303303101e-02	8.971018177437339869e-03	8.522988097617933967e-01
3.403403403403403027e-02	1.865395445201790459e+00	-9.885741699686370065e-01
3.503503503503503647e-02	2.472097842884804386e+00	-1.580592170186520429e+00
3.603603603603603572e-02	3.685697718511743659e+00	-2.780389218929147255e+00
3.703703703703703498e-02	3.661568555796232971e+00	-2.743352448915958863e+00
3.803803803803804118e-02	2.012265916963113632e+00	-1.082050186134509318e+00
3.903903903903904044e-02	2.139335413273970143e+00	-1.198039907744466781e+00
4.004004004004003969e-02	1.399823225228742585e+00	-4.483787505455658629e-01
4.104104104104103895e-02	1.018302816034644120e+00	-5.765021361232314234e-02
4.204204204204203821e-02	7.365527864325490670e-01	2.323579968036004750e-01
4.304304304304304440e-02	4.509779012456133884e+00	-3.533568161481704273e+00
4.404404404404404366e-02	2.012252652166572009e+00	-1.029707065243944175e+00
4.504504504504504292e-02	2.142204564241509512e+00	-1.154295837301331451e+00
4.604604604604604912e-02	1.351523462673129838e+00	-3.592284950183161074e-01
4.704704704704704837e-02	3.322181410225609088e+00	-2.326481438518771316e+00
4.804804804804804763e-02	1.046857112548498003e+00	-4.873674051035170596e-02
4.904904904904904689e-02	2.334799136454312141e+00	-1.335245361232548333e+00
5.005005005005004615e-02	1.715899199965430943e+00	-7.159004361368335179e-01
5.105105105105105234e-02	2.911861851791881062e+00	-1.912406953962811684e+00
5.205205205205205160e-02	2.084497848933677400e+00	-1.086575133905434143e+00
5.305305305305305086e-02	1.444408874515255015e+00	-4.490051439812424716e-01
5.405405405405405705e-02	2.444557090967557134e+00	-1.452656655708680411e+00
5.505505505505505631e-02	2.838371922236642142e+00	-1.850955628779853201e+00
5.605605605605605557e-02	2.503914387629098570e+00	-1.521958648331591890e+00
5.705705705705705483e-02	2.718795007601028768e+00	-1.743270835119190121e+00
5.805805805805805409e-02	1.959273291370280168e+00	-9.911453384681613299e-01
5.905905905905906028e-02	2.179036556203374886e+00	-1.219262161850185766e+00
6.006006006006005954e-02	1.901411026038033247e+00	-9.509392687379216724e-01
6.106106106106105880e-02	2.105525064498972032e+00	-1.165295823789213037e+00
6.206206206206206499e-02	1.684705892417486028e+00	-7.556489194631232920e-01
6.306306306306305731e-02	9.234479244314929280e-01	-6.481922635479420158e-03
6.406406406406406351e-02	2.400423223750180579e+00	-1.496454940288164392e+00
6.506506506506506970e-02	1.930964190870081421e+00	-1.040887520048175530e+00
6.606606606606606202e-02	9.663820269667654506e-01	-9.107712628895237028e-02
6.706706706706706822e-02	2.575811647384945946e+00	-1.716144067204200763e+00
6.806806806806806054e-02	1.440350277003090040e+00	-5.971701046168673699e-01
6.906906906906906674e-02	2.130852998196882009e+00	-1.304994017233338743e+00
7.007007007007007293e-02	2.608941864985635739e+00	-1.801220730911829104e+00
7.107107107107106525e-02	2.164236302237557474e+00	-1.375451734804925996e+00
7.207207207207207145e-02	2.840005598730987124e+00	-2.070937592156670171e+00
7.307307307307307764e-02	1.177457471724856708e+00	-4.288665233898660833e-01
7.407407407407406996e-02	2.264239989710378431e+00	-1.536866348137329474e+00
7.507507507507507616e-02	1.498717829515268329e+00	-7.932807623693152177e-01
7.607607607607608236e-02	1.301325897293628353e+00	-6.185229801304392705e-01
7.707707707707707467e-02	1.444393309193897856e+00	-7.848997356580017515e-01
7.807807807807808087e-02	1.591251821274166867e+00	-9.557197354297827241e-01
7.907907907907907319e-02	1.774390964312436925e+00	-1.163448815767013755e+00
8.008008008008007939e-02	9.076944875793752088e-01	-3.219464100375358795e-01
8.108108108108108558e-02	2.164897993223340755e+00	-1.604923207085745318e+00
8.208208208208207790e-02	1.828798515439167716e+00	-1.295150755037045132e+00
8.308308308308308410e-02	5.410529898515682445e-01	-3.425995588329566743e-02
8.408408408408407642e-02	2.343060294731785564e+00	-1.863623132442975727e+00
8.508508508508508261e-02	2.566762656385335184e+00	-2.115155460008439903e+00
8.608608608608608881e-02	2.117280357483056097e+00	-1.693949701426521681e+00
8.708708708708708113e-02	1.318897321669052269e+00	-9.242618189196112333e-01
8.808808808808808732e-02	7.979311878864954188e-01	-4.323810760612764037e-01
8.908908908908909352e-02	1.912104466612341902e+00	-1.576001222070126051e+00
9.009009009009008584e-02	1.065065941749068656e+00	-7.587419221422848636e-01
9.109109109109109204e-02	1.939021616050744967e+00	-1.662779731671670369e+00
9.209209209209209823e-02	1.334091271964889192e+00	-1.088204686211039052e+00
9.309309309309309055e-02	1.710970416425551921e+00	-1.495682275680461526e+00
9.409409409409409675e-02	1.341967282168886832e+00	-1.157490475365394289e+00
9.509509509509508907e-02	1.439015864080902096e+00	-1.285532812184685403e+00
9.609609609609609526e-02	1.035126930971806747e+00	-9.127894065933493950e-01
9.709709709709710146e-02	1.804645644718476216e+00	-1.713574622031835526e+00
9.809809809809809378e-02	1.018176056349373582e+00	-9.584615914661632763e-01
9.909909909909909997e-02	1.069230299451558341e+00	-1.040931441368440069e+00
1.001001001001000923e-01	1.723048667823563918e+00	-1.726193400031299952e+00
1.011011011011010985e-01	2.663996375433122510e-01	-3.009848503551294518e-01
1.021021021021021047e-01	2.026890069522079840e-01	-2.686805005788286405e-01
1.031031031031030970e-01	1.098938664829077094e+00	-1.196271183197379351e+00
1.041041041041041032e-01	1.069951178884091664e-01	-2.355724131702776614e-01
1.051051051051051094e-01	1.394720900293734855e+00	-1.554415828081284312e+00
1.061061061061061017e-01	3.315688919359605080e-01	-5.222235369690249041e-01
1.071071071071071079e-01	8.678088692332676379e-02	-3.082067192448856296e-01
1.081081081081081141e-01	1.160335034273220600e+00	-1.412313095658345841e+00
1.091091091091091064e-01	9.023926566639020042e-01	-1.184673777137873474e+00
1.101101101101101126e-01	9.597659196037557905e-01	-1.272070963835245205e+00
1.111111111111111049e-01	5.229313676249165432e-01	-8.649515109505847565e-01
1.121121121121121111e-01	-1.932715534008968006e-01	-1.781254804066710884e-01
1.131131131131131173e-01	8.049950075009006945e-01	-1.205401673668704543e+00
1.141141141141141097e-01	-6.400557177768145811e-02	-3.650147822846448453e-01
1.151151151151151159e-01	2.694499576949592190e-01	-7.266597603740383438e-01
1.161161161161161082e-01	2.360151972980975010e-01	-7.209623340155848492e-01
1.171171171171171144e-01	-2.081635740978460269e-01	-3.040413538552680928e-01
1.181181181181181206e-01	-3.997942437049883946e-02	-4.989767979897176131e-01
1.191191191191191129e-01	1.046915462428789356e-02	-5.756437213896805627e-01
1.201201201201201191e-01	-2.423056780636036744e-01	-3.485283569423540673e-01
1.211211211211211253e-01	-8.113093867985338159e-01	1.954001332313543005e-01
1.221221221221221176e-01	-4.936159102110178054e-01	-1.467595164620080217e-01
1.231231231231231238e-01	-1.928676248100623658e-01	-4.713407359955515963e-01
1.241241241241241300e-01	-9.245485888685200937e-01	2.371641002394099251e-01
1.251251251251251362e-01	-8.939059986492101650e-01	1.840251063547815313e-01
1.261261261261261146e-01	-1.017191357359549464e+00	2.855160312578715054e-01
1.271271271271271208e-01	-2.520566096054210892e-01	-5.006896288925335448e-01
1.281281281281281270e-01	-6.885181915410898412e-01	-8.455460184762764175e-02
1.291291291291291332e-01	-7.733268912508481918e-01	-1.930799949083650269e-02
1.301301301301301394e-01	-1.293291573032493869e+00	4.818783865696280033e-01
1.311311311311311179e-01	-9.172186094703238535e-01	8.782949794524141929e-02
1.321321321321321240e-01	-1.354689956657680883e+00	5.081450663276204649e-01
1.331331331331331302e-01	-1.268568712591653824e+00	4.057051543057227372e-01
1.341341341341341364e-01	-1.625836025054816281e+00	7.475070464720474650e-01
1.351351351351351426e-01	-1.326217824641915177e+00	4.332919664923468028e-01
1.361361361361361211e-01	-1.436990786615540472e+00	5.303510238386515141e-01
1.371371371371371273e-01	-1.735676551189642147e+00	8.162194197994370182e-01
1.381381381381381335e-01	-1.672011650070720945e+00	7.406463606108669717e-01
1.391391391391391397e-01	-2.265765106761877146e+00	1.323412645227558526e+00
1.401401401401401459e-01	-2.575895728952701358e+00	1.623487946068249865e+00
1.411411411411411521e-01	-2.039265717528883304e+00	1.077744407281757688e+00
1.421421421421421305e-01	-2.183354534706607897e+00	1.213670503048920324e+00
1.431431431431431367e-01	-2.089460643775629123e+00	1.112572768414136437e+00
1.441441441441441429e-01	-1.495166326738138318e+00	5.120406089424341944e-01
1.451451451451451491e-01	-2.000477733378109857e+00	1.012086342744637157e+00
1.461461461461461553e-01	-2.668315454495618244e+00	1.675635767612098093e+00
1.471471471471471337e-01	-1.998728144661800155e+00	1.002741778622695978e+00
1.481481481481481399e-01	-2.982780143016197538e+00	1.984471984744929252e+00
1.491491491491491461e-01	-2.731935142498515212e+00	1.732292374836285287e+00
1.501501501501501523e-01	-2.636941723369382373e+00	1.636952848893668211e+00
1.511511511511511585e-01	-1.969436071951231604e+00	9.700899354892507098e-01
1.521521521521521647e-01	-2.954619186021267385e+00	1.956903996825005931e+00
1.531531531531531432e-01	-3.084814071453442441e+00	2.089716426003176419e+00
1.541541541541541493e-01	-2.890038648531695564e+00	1.898542554934310678e+00
1.551551551551551555e-01	-3.103788307690540371e+00	2.116874212637380293e+00
1.561561561561561617e-01	-2.486055715400861121e+00	1.504699534647301551e+00
1.571571571571571679e-01	-3.277126321508121443e+00	2.302298474833587072e+00
1.581581581581581464e-01	-3.372901244825726064e+00	2.405565696428435984e+00
1.591591591591591526e-01	-3.133588428873151255e+00	2.174701734148501320e+00
1.601601601601601588e-01	-3.219190330425380164e+00	2.269700690070566740e+00
1.611611611611611650e-01	-2.325187428963729541e+00	1.386033751343961562e+00
1.621621621621621712e-01	-2.605205407044493437e+00	1.677316379747983977e+00
1.631631631631631496e-01	-2.912965334508774262e+00	1.997258506008604773e+00
1.641641641641641558e-01	-3.365878770834817235e+00	2.463259643165782720e+00
1.651651651651651620e-01	-2.531885483459324959e+00	1.643246616806969040e+00
1.661661661661661682e-01	-3.224062522793121666e+00	2.350282652880393286e+00
1.671671671671671744e-01	-3.480791967308398238e+00	2.622735136452710947e+00
1.681681681681681528e-01	-2.493525827153376895e+00	1.652040529853326500e+00
1.691691691691691590e-01	-2.872345942250354334e+00	2.048264286146989743e+00
1.701701701701701652e-01	-2.639907186704897324e+00	1.834044069747227779e+00
1.711711711711711714e-01	-2.758861196378484593e+00	1.972013501006894209e+00
1.721721721721721776e-01	-2.554145417343416380e+00	1.787091222487817488e+00
1.731731731731731838e-01	-3.008005909556980662e+00	2.261503721228928843e+00
1.741741741741741623e-01	-3.132172988955219228e+00	2.406960990194821459e+00
1.751751751751751685e-01	-2.461693832798750314e+00	1.758489153718066245e+00
1.761761761761761746e-01	-3.056934374156139889e+00	2.376432382800887311e+00
1.771771771771771808e-01	-2.969649110686078952e+00	2.312522725416890523e+00
1.781781781781781870e-01	-2.821965645926103328e+00	2.188864669999282420e+00
1.791791791791791655e-01	-2.601001148280779773e+00	1.992551627286561988e+00
1.801801801801801717e-01	-2.660019596228182515e+00	2.076823199021908373e+00
1.811811811811811779e-01	-3.082530938446185420e+00	2.525164362184542988e+00
1.821821821821821841e-01	-2.748537368250342450e+00	2.217551768121022171e+00
1.831831831831831903e-01	-3.289335792748292242e+00	2.785256236956967779e+00
1.841841841841841965e-01	-2.183863125224005497e+00	1.707188075777578362e+00
1.851851851851851749e-01	-2.945665035567556878e+00	2.496865855367094600e+00
1.861861861861861811e-01	-2.857637342183705798e+00	2.437157828914491287e+00
1.871871871871871873e-01	-2.430635161476101924e+00	2.038891108755704007e+00
1.881881881881881935e-01	-2.674400874508338521e+00	2.311779660726671182e+00
1.891891891891891997e-01	-1.665549939593165885e+00	1.332410144851108313e+00
1.901901901901901781e-01	-2.681581930989783480e+00	2.378252982515156155e+00
1.911911911911911843e-01	-1.995782931772083879e+00	1.722564778163617527e+00
1.921921921921921905e-01	-1.944076890757431730e+00	1.701239705378844391e+00
1.931931931931931967e-01	-2.373251790658277738e+00	2.161035704475769759e+00
1.941941941941942029e-01	-1.689535223624181404e+00	1.508150087751530588e+00
1.951951951951951814e-01	-1.900188162396616365e+00	1.749813340582679455e+00
1.961961961961961876e-01	-1.460511319258104068e+00	1.341295510521929746e+00
1.971971971971971938e-01	-1.354244219728418130e+00	1.266305311317356352e+00
1.981981981981981999e-01	-6.524242845822820769e-01	5.958492353984893297e-01
1.991991991991992061e-01	-7.259503566312280887e-01	7.007951112418521200e-01
2.002002002002001846e-01	-1.279732881937378330e+00	1.286022315253445347e+00
2.012012012012011908e-01	-1.110996695895231756e+00	1.148724588573948546e+00
2.022022022022021970e-01	-4.571469499012296156e-01	5.262759944960139213e-01
2.032032032032032032e-01	-4.582188768328561146e-01	5.586807146850241157e-01
2.042042042042042094e-01	-3.340987563133435145e-01	4.657940451489674949e-01
2.052052052052052156e-01	-1.087294958233051556e+00	1.250093470398145667e+00
2.062062062062061940e-01	-3.647743015889043372e-01	5.585150528258011615e-01
2.072072072072072002e-01	-5.194802589356026790e-01	7.439716675731746776e-01
2.082082082082082064e-01	6.299198141256154293e-02	1.920280949877485599e-01
2.092092092092092126e-01	-6.566047567965929699e-03	2.918626136420156003e-01
2.102102102102102188e-01	5.733795475537445396e-01	-2.580886089782419290e-01
2.112112112112111972e-01	5.390660752782915344e-01	-1.940925414837014751e-01
2.122122122122122034e-01	8.394106462184270923e-01	-4.650956462944083603e-01
2.132132132132132096e-01	5.155933246931672098e-01	-1.123070022091867126e-01
2.142142142142142158e-01	3.197153750420705931e-01	1.121434779712263130e-01
2.152152152152152220e-01	6.493434685550938390e-01	-1.893391311564830426e-01
2.162162162162162282e-01	8.691269433575062875e-01	-3.814319995438717470e-01
2.172172172172172067e-01	1.125318954171880437e+00	-6.104156639310682753e-01
2.182182182182182129e-01	2.052156780740807651e+00	-1.510554309192617906e+00
2.192192192192192191e-01	1.315394008848973284e+00	-7.476279227542654837e-01
2.202202202202202252e-01	1.050538152560277272e+00	-4.571698907226567909e-01
2.212212212212212314e-01	1.298541737160078702e+00	-6.801580552438629690e-01
2.222222222222222099e-01	1.283120821200526729e+00	-6.403332115139882541e-01
2.232232232232232161e-01	1.616464800789340295e+00	-9.499088876069688991e-01
2.242242242242242223e-01	8.535349972120683804e-01	-1.638699082338068713e-01
2.252252252252252285e-01	1.522151217998824801e+00	-8.100589325677994834e-01
2.262262262262262347e-01	1.660758750744599999e+00	-9.269434254678722285e-01
2.272272272272272131e-01	1.726915294562904934e+00	-9.721025670021065102e-01
2.282282282282282193e-01	1.456490576164114703e+00	-6.814268472845133040e-01
2.292292292292292255e-01	1.617643572784009054e+00	-8.230952688715654775e-01
2.302302302302302317e-01	1.293456227171029260e+00	-4.802090419472961891e-01
2.312312312312312379e-01	1.670780651086483104e+00	-8.396387687707898007e-01
2.322322322322322163e-01	1.738465198365894970e+00	-8.902504984530932308e-01
2.332332332332332225e-01	2.152028376889910000e+00	-1.287579621430045451e+00
2.342342342342342287e-01	1.621203050643204691e+00	-7.413750548267755702e-01
2.352352352352352349e-01	2.357453051173520997e+00	-1.463115838042493788e+00
2.362362362362362411e-01	2.731239529659130749e+00	-1.823277469779584603e+00
2.372372372372372473e-01	1.408629745624318863e+00	-4.879406825714556195e-01
2.382382382382382258e-01	2.384187103905838878e+00	-1.451681466426131717e+00
2.392392392392392320e-01	2.612148852428385570e+00	-1.668748754156804681e+00
2.402402402402402382e-01	2.199002691924856645e+00	-1.245641019547427675e+00
2.412412412412412444e-01	2.316601201908286001e+00	-1.354220692671652682e+00
2.422422422422422505e-01	2.433197383444732687e+00	-1.462749692924935729e+00
2.432432432432432290e-01	2.294082510315606616e+00	-1.316527271367920582e+00
2.442442442442442352e-01	2.321980435236616014e+00	-1.338284309057006016e+00
2.452452452452452414e-01	1.852868985776323640e+00	-8.640047060128879242e-01
2.462462462462462476e-01	2.951924700807118995e+00	-1.958870111666751290e+00
2.472472472472472538e-01	3.040876329288739743e+00	-2.044613418590185194e+00
2.482482482482482600e-01	2.350855259922904672e+00	-1.352369188052382265e+00
2.492492492492492384e-01	2.158709753051725411e+00	-1.158987878781336800e+00
2.502502502502502724e-01	2.900496382225010716e+00	-1.900527286357263979e+00
2.512512512512512508e-01	2.507083942165156287e+00	-1.507856449969076973e+00
2.522522522522522292e-01	2.773749832484395217e+00	-1.776252035889895442e+00
2.532532532532532632e-01	2.646223840555775642e+00	-1.651442121073190439e+00
2.542542542542542416e-01	3.059739427681956059e+00	-2.068657481012936117e+00
2.552552552552552756e-01	3.179647358214382269e+00	-2.193245221518667964e+00
2.562562562562562540e-01	2.683977673893210625e+00	-1.703230756673170809e+00
2.572572572572572325e-01	2.419992423017288896e+00	-1.445870542578552520e+00
2.582582582582582664e-01	2.254155303076129435e+00	-1.287621725518087956e+00
2.592592592592592449e-01	3.104677723544208678e+00	-2.146688211228720000e+00
2.602602602602602788e-01	2.378644616221472941e+00	-1.430146482661677876e+00
2.612612612612612573e-01	2.509640534510074517e+00	-1.571571707613908186e+00
2.622622622622622357e-01	2.543866974166468786e+00	-1.617155068761183312e+00
2.632632632632632697e-01	2.696898271997771879e+00	-1.782459672552605845e+00
2.642642642642642481e-01	1.898244437043291821e+00	-9.969833914973469380e-01
2.652652652652652820e-01	2.659379947926490573e+00	-1.772187673517886530e+00
2.662662662662662605e-01	2.800902148602335551e+00	-1.928655950582849332e+00
2.672672672672672389e-01	2.637187394932480888e+00	-1.780749799039134107e+00
2.682682682682682729e-01	2.471520209727678719e+00	-1.631738109269139425e+00
2.692692692692692513e-01	2.603921325407686727e+00	-1.781625143808876821e+00
2.702702702702702853e-01	2.779474532583403157e+00	-1.975477402216462064e+00
2.712712712712712637e-01	1.449576191404135850e+00	-6.646731495177311544e-01
2.722722722722722422e-01	3.094477156668124618e+00	-2.329444359210233628e+00
2.732732732732732761e-01	2.570662306983068746e+00	-1.826256261094649780e+00
2.742742742742742545e-01	2.206462435640340836e+00	-1.483419251578830700e+00
2.752752752752752885e-01	2.205748463131703030e+00	-1.504783126364106050e+00
2.762762762762762669e-01	2.516696532118682939e+00	-1.838502196304016012e+00
2.772772772772773009e-01	2.241257570315521086e+00	-1.586504871875787037e+00
2.782782782782782793e-01	1.439598329511045938e+00	-8.089347244684884641e-01
2.792792792792792578e-01	2.869980960544209037e+00	-2.264030084280659327e+00
2.802802802802802917e-01	2.017899917210515870e+00	-1.437260967781910370e+00
2.812812812812812702e-01	2.434932317813187197e+00	-1.880179463429068942e+00
2.822822822822823041e-01	1.812960039494903697e+00	-1.284641850748852843e+00
2.832832832832832826e-01	2.673285942274812310e+00	-2.171924849687205672e+00
2.842842842842842610e-01	2.156459764968148285e+00	-1.682551542377704656e+00
2.852852852852852950e-01	2.287003797458992072e+00	-1.841017071773915825e+00
2.862862862862862734e-01	1.615972987108005743e+00	-1.198348774901538905e+00
2.872872872872873073e-01	2.412293593882962828e+00	-2.023444865291575745e+00
2.882882882882882858e-01	2.192530321760987277e+00	-1.832841592116450480e+00
2.892892892892892642e-01	2.486252441275571989e+00	-2.156079390874734436e+00
2.902902902902902982e-01	1.698732276626975679e+00	-1.398401399015224644e+00
2.912912912912912766e-01	1.619181036542435281e+00	-1.348989315658652766e+00
2.922922922922923106e-01	2.608998761123899168e+00	-2.369213377626163020e+00
2.932932932932932890e-01	1.324423055733751964e+00	-1.115281122796184743e+00
2.942942942942942675e-01	1.547232928032093113e+00	-1.368941256874115719e+00
2.952952952952953014e-01	1.936935402881356794e+00	-1.789670298261216264e+00
2.962962962962962798e-01	1.630732704287793045e+00	-1.514639790162561894e+00
2.972972972972973138e-01	1.641821984961887360e+00	-1.557016060486377640e+00
2.982982982982982922e-01	1.173272560121881858e+00	-1.119837486128824056e+00
2.992992992992992707e-01	1.398464654011797759e+00	-1.376453270085568503e+00
3.003003003003003046e-01	6.821252509136718212e-01	-6.915593231395688045e-01
3.013013013013012831e-01	1.671271441284880144e+00	-1.712141640725590497e+00
3.023023023023023170e-01	9.637601763829323209e-01	-1.036026088303520165e+00
3.033033033033032955e-01	7.418367150519945552e-01	-8.454268788842331794e-01
3.043043043043043294e-01	1.044074524440794294e+00	-1.178886504447377970e+00
3.053053053053053079e-01	5.425329214736438477e-01	-7.084334080423569935e-01
3.063063063063062863e-01	3.017218984628817699e-02	-2.269971313139919067e-01
3.073073073073073203e-01	-1.015649145454495944e-01	-1.259898503306331463e-01
3.083083083083082987e-01	4.665455650980749325e-01	-7.246051345269239885e-01
3.093093093093093326e-01	5.423283948275452182e-02	-3.425420297549772175e-01
3.103103103103103111e-01	-6.881680904507431196e-02	-2.494569058472336232e-01
3.113113113113112895e-01	3.581694415892072159e-01	-7.060929542834908368e-01
3.123123123123123235e-01	-6.131990632367940730e-01	2.359697989340242552e-01
3.133133133133133019e-01	-6.409503280152282212e-01	2.347883374607572793e-01
3.143143143143143359e-01	-6.987773122183741359e-01	2.640842310639781032e-01
3.153153153153153143e-01	-5.920466344048085361e-01	1.292523114375104809e-01
3.163163163163162928e-01	-7.113454892410120411e-01	2.209075613245922165e-01
3.173173173173173267e-01	-1.015812442448568387e+00	4.982158819866904231e-01
3.183183183183183051e-01	-9.814040480015515655e-01	4.371606833699728245e-01
3.193193193193193391e-01	-1.087274226832957824e+00	5.169222362550563998e-01
3.203203203203203175e-01	-1.480402410111812062e+00	8.845057894779141394e-01
3.213213213213212960e-01	-1.647044915810560228e+00	1.026192920967317512e+00
3.223223223223223299e-01	-1.375141447606186951e+00	7.299480116674943453e-01
3.233233233233233084e-01	-1.889389393409375506e+00	1.220492519665036468e+00
3.243243243243243423e-01	-2.142805289630879795e+00	1.450866420653333932e+00
3.253253253253253208e-01	-1.887189404846511875e+00	1.172892768419490972e+00
3.263263263263262992e-01	-2.006575224912582556e+00	1.270627157428480203e+00
3.273273273273273332e-01	-1.137722749956205925e+00	3.808509979512139099e-01
3.283283283283283116e-01	-2.242717505083461127e+00	1.465670505601173401e+00
3.293293293293293456e-01	-1.738573947171300649e+00	9.421200876663710089e-01
3.303303303303303240e-01	-1.824063440217197352e+00	1.008990298730935375e+00
3.313313313313313024e-01	-2.561503652385345386e+00	1.728617218744572970e+00
3.323323323323323364e-01	-1.852645632361464623e+00	1.002769511170778394e+00
3.333333333333333148e-01	-2.693100419592280748e+00	1.827075015807842817e+00
3.343343343343343488e-01	-3.396124521617585934e+00	2.514806209507778778e+00
3.353353353353353272e-01	-2.298728138525240272e+00	1.402988414839985376e+00
3.363363363363363057e-01	-3.320708361896198113e+00	2.411432984082309883e+00
3.373373373373373396e-01	-2.543537505593653325e+00	1.621625615908428575e+00
3.383383383383383181e-01	-2.994874610257440839e+00	2.061237846646594818e+00
3.393393393393393520e-01	-2.142241095599449530e+00	1.197802690218620736e+00
3.403403403403403304e-01	-2.354620380512962186e+00	1.400314246784213790e+00
3.413413413413413644e-01	-2.955110955064288003e+00	1.991880764170375295e+00
3.423423423423423428e-01	-3.107544073114020922e+00	2.136342320843644949e+00
3.433433433433433213e-01	-3.395660534475715142e+00	2.417447599342506859e+00
3.443443443443443552e-01	-3.191225129492550661e+00	2.206968323059181891e+00
3.453453453453453337e-01	-3.157735186602656619e+00	2.168407796949162858e+00
3.463463463463463676e-01	-3.205803990151397720e+00	2.212384319433587265e+00
3.473473473473473461e-01	-3.069473550552095809e+00	2.072943947601759263e+00
3.483483483483483245e-01	-2.886024046934655196e+00	1.887369935858198788e+00
3.493493493493493585e-01	-2.922977174493034624e+00	1.923186080229108530e+00
3.503503503503503369e-01	-3.360667510815407155e+00	2.360728082615113355e+00
3.513513513513513709e-01	-3.684506965193110606e+00	2.685407998988428968e+00
3.523523523523523493e-01	-2.782516986544112836e+00	1.785246447171280115e+00
3.533533533533533277e-01	-3.513984280031418272e+00	2.519528324276140374e+00
3.543543543543543617e-01	-3.598733130215411524e+00	2.608075131645979816e+00
3.553553553553553401e-01	-3.631799821376585857e+00	2.645919397929189731e+00
3.563563563563563741e-01	-4.134830417040834760e+00	3.154702462318658363e+00
3.573573573573573525e-01	-3.733886619230895043e+00	2.760480338474892381e+00
3.583583583583583310e-01	-3.705831275986539719e+00	2.740109227671184478e+00
3.593593593593593649e-01	-3.164319342517243339e+00	2.207236486518972640e+00
3.603603603603603434e-01	-3.132501782535868529e+00	2.185004535815438409e+00
3.613613613613613773e-01	-3.282268864346684190e+00	2.345294165079246262e+00
3.623623623623623557e-01	-2.930248652440258450e+00	2.004723033518580166e+00
3.633633633633633342e-01	-3.074823484239438187e+00	2.161662157066454704e+00
3.643643643643643681e-01	-3.269457348008131259e+00	2.369563297484813091e+00
3.653653653653653466e-01	-3.238279883969958917e+00	2.352542975573428841e+00
3.663663663663663805e-01	-3.328735791359537011e+00	2.458031891194409457e+00
3.673673673673673590e-01	-3.363612249167826640e+00	2.508802357860899779e+00
3.683683683683683929e-01	-3.247858038641854961e+00	2.409787439936629028e+00
3.693693693693693714e-01	-3.553467405548214053e+00	2.732964830441126036e+00
3.703703703703703498e-01	-3.006618037763012286e+00	2.204494845007967996e+00
3.713713713713713838e-01	-3.446810598751934407e+00	2.663859972543471066e+00
3.723723723723723622e-01	-2.739827478504315739e+00	1.976823644132788438e+00
3.733733733733733962e-01	-3.120955630669170588e+00	2.378653088923561310e+00
3.743743743743743746e-01	-2.990576797063212222e+00	2.269709578138626505e+00
3.753753753753753530e-01	-2.728588337638285122e+00	2.029869275285916874e+00
3.763763763763763870e-01	-2.524661647095084227e+00	1.848781673732404540e+00
3.773773773773773654e-01	-3.390716669449072906e+00	2.738344132927281738e+00
3.783783783783783994e-01	-2.840642582424236728e+00	2.212422585128594132e+00
3.793793793793793778e-01	-2.330836452711242845e+00	1.727390213647816530e+00
3.803803803803803563e-01	-3.227461566269750559e+00	2.649385806769378515e+00
3.813813813813813902e-01	-2.330901774211346922e+00	1.778768127858277204e+00
3.823823823823823687e-01	-3.275547413025147847e+00	2.749901860393826336e+00
3.833833833833834026e-01	-2.809947392134999777e+00	2.311309720894007658e+00
3.843843843843843811e-01	-2.403501813919233232e+00	1.932365104836215153e+00
3.853853853853853595e-01	-3.041734202256340058e+00	2.598564341612212392e+00
3.863863863863863934e-01	-2.787119771119570988e+00	2.372354990014164056e+00
3.873873873873873719e-01	-3.003951635595611958e+00	2.618002076600281836e+00
3.883883883883884058e-01	-1.778301884646800612e+00	1.421549196232569479e+00
3.893893893893893843e-01	-2.206947722271228596e+00	1.879744681413456187e+00
3.903903903903903627e-01	-1.966753399483534670e+00	1.669423562816361839e+00
3.913913913913913967e-01	-2.161474983039710640e+00	1.894312366905189116e+00
3.923923923923923751e-01	-2.121779749214158795e+00	1.885048538922477368e+00
3.933933933933934091e-01	-2.544390695164064020e+00	2.338324983752371633e+00
3.943943943943943875e-01	-1.955597548912646255e+00	1.780401105660776029e+00
3.953953953953953659e-01	-2.083957161692937099e+00	1.939803230624977726e+00
3.963963963963963999e-01	-1.338208046048694699e+00	1.225239174619621174e+00
3.973973973973973783e-01	-1.134085007096987674e+00	1.052412905233780505e+00
3.983983983983984123e-01	-8.422270483954015230e-01	7.919324780320351476e-01
3.993993993993993907e-01	-9.221415372032115698e-01	9.032742324187444938e-01
4.004004004004003692e-01	-1.388294280784071910e+00	1.400872898622811613e+00
4.014014014014014031e-01	-1.562784915605935909e+00	1.606797017628316393e+00
4.024024024024023816e-01	-6.942784193184932118e-01	7.696804839008939414e-01
4.034034034034034155e-01	-7.121748073516046551e-01	8.188922727229629439e-01
4.044044044044043940e-01	-1.488660338844947084e+00	1.626587676817600414e+00
4.054054054054054279e-01	-5.486118692341733771e-01	7.176126895560223096e-01
4.064064064064064064e-01	-2.695232828002728231e-01	4.694304680250775963e-01
4.074074074074073848e-01	-3.166960060893155293e-01	5.473118768317544180e-01
4.084084084084084187e-01	-2.607193020471743616e-01	5.218158124592633396e-01
4.094094094094093972e-01	-4.218006574361813366e-01	7.131196207117277419e-01
4.104104104104104311e-01	-5.349082456073059877e-01	8.561615892914491432e-01
4.114114114114114096e-01	4.355938970294265244e-01	-8.472384617809630702e-02
4.124124124124123880e-01	2.069743526342177620e-01	1.731654454893772899e-01
4.134134134134134220e-01	2.356072869689793681e-01	1.734263549717667829e-01
4.144144144144144004e-01	1.096645613290071042e+00	-6.591226028331678144e-01
4.154154154154154344e-01	8.349968783388925786e-01	-3.694171465449347380e-01
4.164164164164164128e-01	8.524436483606772086e-01	-3.592675864612034364e-01
4.174174174174173912e-01	8.937581743693221448e-01	-3.734734623877435933e-01
4.184184184184184252e-01	1.627188226772548152e+00	-1.080309351278920804e+00
4.194194194194194036e-01	1.892644084880015232e+00	-1.319711830237996653e+00
4.204204204204204376e-01	1.796578780090596128e+00	-1.198159693699669015e+00
4.214214214214214160e-01	1.753618208330231631e+00	-1.130304040392015708e+00
4.224224224224223945e-01	7.492599830348734002e-01	-1.016671013974800308e-01
4.234234234234234284e-01	1.542157510940401322e+00	-8.709262915994990806e-01
4.244244244244244069e-01	1.492201415472582449e+00	-7.979956093318600896e-01
4.254254254254254408e-01	1.691995145724259908e+00	-9.755012222414767287e-01
4.264264264264264193e-01	2.176841678466610475e+00	-1.438768146834272565e+00
4.274274274274273977e-01	8.020574869453190869e-01	-4.313419547723107428e-02
4.284284284284284317e-01	1.591885031814096685e+00	-8.128624462306062171e-01
4.294294294294294101e-01	2.067220746542113297e+00	-1.268869207867707960e+00
4.304304304304304440e-01	1.847631770932700146e+00	-1.030740733739794912e+00
4.314314314314314225e-01	1.480652090582457170e+00	-6.460293423346399333e-01
4.324324324324324564e-01	2.390899701668497634e+00	-1.539370563935186453e+00
4.334334334334334349e-01	2.280650204694928185e+00	-1.413056717027326714e+00
4.344344344344344133e-01	1.908628174498424812e+00	-1.025828261773805927e+00
4.354354354354354473e-01	2.512802423060200407e+00	-1.615669047117886725e+00
4.364364364364364257e-01	2.755522809665420958e+00	-1.844943106073385630e+00
4.374374374374374597e-01	2.550775120404422669e+00	-1.627649521210110528e+00
4.384384384384384381e-01	2.940219829914637373e+00	-2.005461173247486517e+00
4.394394394394394165e-01	2.663619677926788221e+00	-1.718152305332925289e+00
4.404404404404404505e-01	2.500196597828632683e+00	-1.544955440230345811e+00
4.414414414414414289e-01	2.210509085728936896e+00	-1.246438738912786448e+00
4.424424424424424629e-01	2.622724824972491930e+00	-1.650778615520258175e+00
4.434434434434434413e-01	2.701005387783480760e+00	-1.722144430369619394e+00
4.444444444444444198e-01	2.940341875692244589e+00	-1.955534122680036901e+00
4.454454454454454537e-01	2.585619977670992942e+00	-1.595839261947209486e+00
4.464464464464464322e-01	2.817869007138683379e+00	-1.824094079133259383e+00
4.474474474474474661e-01	2.417611655599978704e+00	-1.420825215442944378e+00
4.484484484484484446e-01	2.469079670216434597e+00	-1.470267395989165449e+00
4.494494494494494230e-01	2.734644222619130538e+00	-1.734793795660830140e+00
4.504504504504504570e-01	2.376760727536306739e+00	-1.376860855769557856e+00
4.514514514514514354e-01	3.046965822885233433e+00	-2.048005263126405850e+00
4.524524524524524693e-01	3.106304678698168953e+00	-2.109271258919478864e+00
4.534534534534534478e-01	3.103997034455804993e+00	-2.109876676965865450e+00
4.544544544544544262e-01	3.144057250476487209e+00	-2.153832996985288517e+00
4.554554554554554602e-01	3.866191779122162941e+00	-2.880842818654546278e+00
4.564564564564564386e-01	3.058680624655536473e+00	-2.079181325274420011e+00
4.574574574574574726e-01	2.309273047444699412e+00	-1.336591992741539281e+00
4.584584584584584510e-01	3.142768830556623705e+00	-2.177867861861884524e+00
4.594594594594594295e-01	3.102779156722428766e+00	-2.146612421983177477e+00
4.604604604604604634e-01	2.896261747061498859e+00	-1.949774757326646402e+00
4.614614614614614418e-01	2.640089749439090472e+00	-1.704218443885277878e+00
4.624624624624624758e-01	2.796571886207970703e+00	-1.872241706630662028e+00
4.634634634634634542e-01	2.969234464494496795e+00	-2.057359440179462595e+00
4.644644644644644327e-01	2.687892950233008449e+00	-1.789374794113140155e+00
4.654654654654654666e-01	3.822960532635585551e+00	-2.938687749626807566e+00
4.664664664664664451e-01	2.641299663991306446e+00	-1.772146672389306676e+00
4.674674674674674790e-01	2.640275812216181350e+00	-1.787102079022788725e+00
4.684684684684684575e-01	1.970241825128882462e+00	-1.133891016163105725e+00
4.694694694694694914e-01	2.791033061912608026e+00	-1.972332207546779514e+00
4.704704704704704699e-01	1.876401763052842453e+00	-1.076160440398810092e+00
4.714714714714714483e-01	2.303864637689866601e+00	-1.522874170043947872e+00
4.724724724724724823e-01	2.391938512562613806e+00	-1.630971186900946224e+00
4.734734734734734607e-01	2.204205509794733064e+00	-1.464013813092788663e+00
4.744744744744744946e-01	3.102766609228892136e+00	-2.384082484360354304e+00
4.754754754754754731e-01	2.900575697687625798e+00	-2.204109819638403245e+00
4.764764764764764515e-01	2.989029824712412520e+00	-2.315470897825546270e+00
4.774774774774774855e-01	2.106291465469782853e+00	-1.456305542416135967e+00
4.784784784784784639e-01	2.792209069841602442e+00	-2.166438892989795306e+00
4.794794794794794979e-01	2.523869606971228752e+00	-1.922933972808106073e+00
4.804804804804804763e-01	2.497721067383856575e+00	-1.922214214613965577e+00
4.814814814814814548e-01	2.600558226190222477e+00	-2.051049248119415580e+00
4.824824824824824887e-01	1.929156314749163714e+00	-1.406188596533360480e+00
4.834834834834834671e-01	1.999976124862223426e+00	-1.504066806177833504e+00
4.844844844844845011e-01	2.423584262717294546e+00	-1.955223726384633709e+00
4.854854854854854795e-01	1.026503759292814344e+00	-5.861551463581949895e-01
4.864864864864864580e-01	2.524177097230020816e+00	-2.112275848986026716e+00
4.874874874874874919e-01	2.166239163567624804e+00	-1.783192590964455926e+00
4.884884884884884704e-01	1.870895413851795475e+00	-1.517082294725455860e+00
4.894894894894895043e-01	1.921101296867432584e+00	-1.596871501383060998e+00
4.904904904904904828e-01	1.235938334147115292e+00	-9.416124788278330549e-01
4.914914914914914612e-01	1.420635877277727666e+00	-1.156505007961119436e+00
4.924924924924924952e-01	1.934632545742781762e+00	-1.700957849778529374e+00
4.934934934934934736e-01	2.097238167785556495e+00	-1.894250715758793779e+00
4.944944944944945076e-01	2.617428596984287648e+00	-2.445329114220119227e+00
4.954954954954954860e-01	1.666369541293948098e+00	-1.525328209369027910e+00
4.964964964964965199e-01	1.368994140550046978e+00	-1.259150429007546368e+00
4.974974974974974984e-01	1.317178885974837232e+00	-1.238641414409167307e+00
4.984984984984984768e-01	1.036208728015898028e+00	-9.890551586635905057e-01
4.994994994994995108e-01	1.179557657195274611e+00	-1.163834618138233745e+00
5.005005005005005447e-01	1.215795690358280945e+00	-1.231518729415322255e+00
5.015015015015015232e-01	9.102013738053593706e-01	-9.573549431576656721e-01
5.025025025025025016e-01	1.306050062421664215e+00	-1.384587533987333030e+00
5.035035035035034801e-01	6.820885532554873398e-01	-7.919322647979868401e-01
5.045045045045044585e-01	5.053249155940329196e-01	-6.463662475189502210e-01
5.055055055055055480e-01	2.610165285421396919e-01	-4.331160113063087236e-01
5.065065065065065264e-01	-3.320326253924061888e-01	1.290451733656446387e-01
5.075075075075075048e-01	-4.389116878226944074e-01	2.052369918584432129e-01
5.085085085085084833e-01	-4.385732235020975978e-01	1.744423541854922544e-01
5.095095095095094617e-01	3.458929800451983061e-01	-6.402188353644793217e-01
5.105105105105105512e-01	2.850323408738965059e-01	-6.092621363582686467e-01
5.115115115115115296e-01	3.476360241731710210e-01	-7.014491432995095810e-01
5.125125125125125081e-01	-7.805750067255622371e-01	3.975284341223961349e-01
5.135135135135134865e-01	-1.192932561482003662e+00	7.810313132380138912e-01
5.145145145145144649e-01	-8.792129910600229303e-01	4.388643781254046861e-01
5.155155155155155544e-01	-6.249476181819942910e-01	1.565870818493330097e-01
5.165165165165165329e-01	-5.655921209488663504e-01	6.968280226447742809e-02
5.175175175175175113e-01	-4.719418102617718991e-01	-5.102590795402867085e-02
5.185185185185184897e-01	-8.802645240220392520e-01	3.307555459512333540e-01
5.195195195195194682e-01	-5.148723614462770160e-01	-6.063449132361165006e-02
5.205205205205205576e-01	-1.294650818296684269e+00	6.937151841335610358e-01
5.215215215215215361e-01	-1.637065393122202561e+00	1.011295216270397646e+00
5.225225225225225145e-01	-2.050746490134074396e+00	1.400760567080429730e+00
5.235235235235234930e-01	-1.858126967400720142e+00	1.184568040513854559e+00
5.245245245245244714e-01	-1.537248913460012467e+00	8.407830354107922455e-01
5.255255255255255609e-01	-2.077965022140034534e+00	1.359280897271496258e+00
5.265265265265265393e-01	-1.481221264587233577e+00	7.410295678852910628e-01
5.275275275275275177e-01	-1.383187749076724149e+00	6.222204234150562341e-01
5.285285285285284962e-01	-2.881012905774031019e+00	2.100022438128114288e+00
5.295295295295294746e-01	-1.779520043838981547e+00	9.792787211849509621e-01
5.305305305305305641e-01	-3.015241743096537252e+00	2.196540888730709185e+00
5.315315315315315425e-01	-2.074400428898129700e+00	1.238049619932354517e+00
5.325325325325325210e-01	-1.723499865798422626e+00	8.703261326050297786e-01
5.335335335335334994e-01	-2.135133100758629165e+00	1.265980109156631173e+00
5.345345345345344779e-01	-2.799501342340203092e+00	1.915228559331426661e+00
5.355355355355355673e-01	-2.700368056464798272e+00	1.801849900344931310e+00
5.365365365365365458e-01	-2.735214602141611717e+00	1.823339577826577518e+00
5.375375375375375242e-01	-2.713470123732307115e+00	1.789139944154998885e+00
5.385385385385385026e-01	-2.693297520307550208e+00	1.757426214753738947e+00
5.395395395395394811e-01	-2.691963504655861428e+00	1.745476514921010081e+00
5.405405405405405705e-01	-2.633884975385897498e+00	1.677718240646647097e+00
5.415415415415415490e-01	-3.265604701957239620e+00	2.300703733262500439e+00
5.425425425425425274e-01	-3.045956978042238195e+00	2.073275923339078286e+00
5.435435435435435059e-01	-2.422241137295656710e+00	1.442741837914540692e+00
5.445445445445444843e-01	-3.233917625671189455e+00	2.248568665203573680e+00
5.455455455455455738e-01	-3.308555760186170591e+00	2.318331506694971900e+00
5.465465465465465522e-01	-2.721419897551176525e+00	1.727299540061237204e+00
5.475475475475475307e-01	-4.064163761541759179e+00	3.067130341763069090e+00
5.485485485485485091e-01	-2.698112286754279054e+00	1.699151726995451916e+00
5.495495495495495986e-01	-3.402385804925170731e+00	2.402485933158422071e+00
5.505505505505505770e-01	-3.102537094103299253e+00	2.102686667144999078e+00
5.515515515515515554e-01	-3.193949641328719391e+00	2.195137367101450465e+00
5.525525525525525339e-01	-2.946894944193306554e+00	1.950108504036272006e+00
5.535535535535535123e-01	-3.281245910088915085e+00	2.287470982083490423e+00
5.545545545545546018e-01	-3.517924023445111459e+00	2.528143307721328448e+00
5.555555555555555802e-01	-2.669037796317829780e+00	1.684230043305621871e+00
5.565565565565565587e-01	-4.089096931355186371e+00	3.110235973941324783e+00
5.575575575575575371e-01	-3.330289221811299605e+00	2.358343012359065405e+00
5.585585585585585155e-01	-3.880879161455086823e+00	2.916808814638935043e+00
5.595595595595596050e-01	-3.653413199051644078e+00	2.698172041453357650e+00
5.605605605605605835e-01	-2.559501888647436552e+00	1.614034516053573398e+00
5.615615615615615619e-01	-3.257525597518211136e+00	2.322766940851059836e+00
5.625625625625625403e-01	-3.147937271545250937e+00	2.224811672350937464e+00
5.635635635635635188e-01	-3.902869568540492384e+00	2.992289864948456390e+00
5.645645645645646082e-01	-3.555349949070645721e+00	2.658216573128332261e+00
5.655655655655655867e-01	-3.218426837217982506e+00	2.335626924493362733e+00
5.665665665665665651e-01	-3.065273218408558265e+00	2.197679730740956128e+00
5.675675675675675436e-01	-2.908386597049305689e+00	2.056857459315992731e+00
5.685685685685685220e-01	-3.169867251093617000e+00	2.335244502845799097e+00
5.695695695695696115e-01	-2.915433763186586535e+00	2.098542725993681746e+00
5.705705705705705899e-01	-2.864094812988073002e+00	2.065743274313666777e+00
5.715715715715715683e-01	-3.769065966663642797e+00	2.990043381080150553e+00
5.725725725725725468e-01	-2.952974350889973731e+00	2.194051059421885164e+00
5.735735735735735252e-01	-2.679832275723950552e+00	1.941758744091610644e+00
5.745745745745746147e-01	-2.637062615911013985e+00	1.920568692428231250e+00
5.755755755755755931e-01	-2.949161311709406430e+00	2.254955505568683183e+00
5.765765765765765716e-01	-3.099727283350109275e+00	2.428496064009205035e+00
5.775775775775775500e-01	-3.261341764303959945e+00	2.613748882666565798e+00
5.785785785785785285e-01	-2.858001411715066720e+00	2.234687243776848575e+00
5.795795795795796179e-01	-2.271241230605603345e+00	1.672822144214676676e+00
5.805805805805805964e-01	-3.448162715937792111e+00	2.875230461295771089e+00
5.815815815815815748e-01	-2.852336338053119924e+00	2.305457462559493020e+00
5.825825825825825532e-01	-3.014185685498194545e+00	2.493900973516614883e+00
5.835835835835835317e-01	-2.171861856402330648e+00	1.678685794502854378e+00
5.845845845845846211e-01	-2.558483000753817294e+00	2.092903268959859897e+00
5.855855855855855996e-01	-2.584515660248402291e+00	2.146992649791496177e+00
5.865865865865865780e-01	-2.432633582514985182e+00	2.023599940574239753e+00
5.875875875875875565e-01	-2.115269427509786748e+00	1.735129629386188865e+00
5.885885885885885349e-01	-2.259583075060432211e+00	1.908713024209099274e+00
5.895895895895896244e-01	-3.220687634054818727e+00	2.899434290370674461e+00
5.905905905905906028e-01	-1.875559687808353360e+00	1.584240724532807398e+00
5.915915915915915813e-01	-1.825451070487499772e+00	1.564354560075411404e+00
5.925925925925925597e-01	-2.012968571505668436e+00	1.782352700763226716e+00
5.935935935935935381e-01	-2.283531586498891208e+00	2.083624401274083660e+00
5.945945945945946276e-01	-1.706592973398803670e+00	1.537592153076953405e+00
5.955955955955956060e-01	-1.612597681936447369e+00	1.474670343963794705e+00
5.965965965965965845e-01	-1.749388004398970242e+00	1.642670539027610843e+00
5.975975975975975629e-01	-1.583415266949672384e+00	1.508013202367268768e+00
5.985985985985985414e-01	-1.825576083962079599e+00	1.781563981939694230e+00
5.995995995995996308e-01	-1.510302817273072140e+00	1.497724199434333103e+00
6.006006006006006093e-01	-1.953501097968452616e+00	1.972368402752920247e+00
6.016016016016015877e-01	-1.112581704525510640e+00	1.162876274888875905e+00
6.026026026026025662e-01	-1.481596214184765170e+00	1.563268316047969231e+00
6.036036036036035446e-01	-9.554469654152182301e-01	1.068415836844287092e+00
6.046046046046046341e-01	-1.559045044830912774e+00	1.703198975898872591e+00
6.056056056056056125e-01	-1.108936208073326490e+00	1.284132651325195607e+00
6.066066066066065909e-01	-8.165343811510781258e-01	1.022600092562769181e+00
6.076076076076075694e-01	-1.283995894670969307e+00	1.520727104962646070e+00
6.086086086086086588e-01	-6.022092003154790874e-01	8.693718164499995016e-01
6.096096096096096373e-01	-6.668456220866791906e-01	9.641754587538525767e-01
6.106106106106106157e-01	-1.107154995067207492e+00	1.434358035924978791e+00
6.116116116116115942e-01	-9.113932344544405373e-01	1.268145922868670450e+00
6.126126126126125726e-01	-1.415263748184297232e-01	5.274759338137553488e-01
6.136136136136136621e-01	1.226982727986158372e-01	2.920665083067931489e-01
6.146146146146146405e-01	1.077250848604432119e-02	4.323973521580823931e-01
6.156156156156156189e-01	2.872987992634841725e-01	1.838379098195329631e-01
6.166166166166165974e-01	3.097563404132798737e-01	1.888813308277095815e-01
6.176176176176175758e-01	4.700660398090582004e-01	5.557951282226220036e-02
6.186186186186186653e-01	1.017927861082917662e+00	-4.657942147298459457e-01
6.196196196196196437e-01	4.601221690212926874e-02	5.320635425982416233e-01
6.206206206206206222e-01	9.135244510118366579e-01	-3.100782119484114530e-01
6.216216216216216006e-01	6.417369209113874540e-01	-1.351692361574730050e-02
6.226226226226225791e-01	7.869609471930130162e-01	-1.345884106712226247e-01
6.236236236236236685e-01	8.812132807198986839e-01	-2.053333073572186640e-01
6.246246246246246470e-01	9.340111678995113298e-01	-2.352921055471440814e-01
6.256256256256256254e-01	7.411867875349219537e-01	-2.031956861033801243e-02
6.266266266266266038e-01	1.304755969827255946e+00	-5.624534280816487763e-01
6.276276276276275823e-01	2.038543881079120990e+00	-1.275540046707594577e+00
6.286286286286286717e-01	1.504704043437434802e+00	-7.217534172289711281e-01
6.296296296296296502e-01	1.675145807110992369e+00	-8.730226143559489671e-01
6.306306306306306286e-01	1.509860284297577904e+00	-6.893577091904916632e-01
6.316316316316316071e-01	1.783980648644428957e+00	-9.459100499392024686e-01
6.326326326326325855e-01	2.169189061621673797e+00	-1.314379170314748713e+00
6.336336336336336750e-01	1.925785374380471371e+00	-1.055081474215343595e+00
6.346346346346346534e-01	1.962945683040471900e+00	-1.077208774643942935e+00
6.356356356356356319e-01	2.437661371489698414e+00	-1.537767320966381357e+00
6.366366366366366103e-01	2.063146214965595249e+00	-1.149984887792612209e+00
6.376376376376375887e-01	2.515397113882650970e+00	-1.589871494960973797e+00
6.386386386386386782e-01	2.769636050049224085e+00	-1.832661350781786158e+00
6.396396396396396566e-01	3.091003358270484114e+00	-2.143506111550054882e+00
6.406406406406406351e-01	2.617080510637939561e+00	-1.659997654639668641e+00
6.416416416416416135e-01	3.234962703196746947e+00	-2.269240654881392594e+00
6.426426426426425920e-01	3.205021165742070188e+00	-2.231614884986067970e+00
6.436436436436436814e-01	2.430929960212827812e+00	-1.450802005490651414e+00
6.446446446446446599e-01	2.413483349778568599e+00	-1.427602926331173139e+00
6.456456456456456383e-01	2.723364193392337818e+00	-1.732706194822906109e+00
6.466466466466466168e-01	3.297834200261711590e+00	-2.303378244506434136e+00
6.476476476476475952e-01	2.959036580600816979e+00	-1.961766041227984481e+00
6.486486486486486847e-01	2.793775814226938881e+00	-1.794676848022257465e+00
6.496496496496496631e-01	3.670250160956472385e+00	-2.670310732756178584e+00
6.506506506506506415e-01	3.334418315608548955e+00	-2.334627221344622860e+00
6.516516516516516200e-01	2.326033019727858253e+00	-1.327378908651401623e+00
6.526526526526525984e-01	3.196082003054308895e+00	-2.199552400103971905e+00
6.536536536536536879e-01	3.314272511960276724e+00	-2.320852841242465825e+00
6.546546546546546663e-01	3.238897379091110640e+00	-2.249569989437617323e+00
6.556556556556556448e-01	3.386669758352351955e+00	-2.402412951918983186e+00
6.566566566566566232e-01	3.218869649140596145e+00	-2.240656714007386974e+00
6.576576576576576016e-01	2.700277956791945932e+00	-1.729076204521568627e+00
6.586586586586586911e-01	3.032893615049119695e+00	-2.069663424155207654e+00
6.596596596596596696e-01	2.808496489567431365e+00	-1.854190355838682525e+00
6.606606606606606480e-01	2.742680614547943208e+00	-1.798242209167113970e+00
6.616616616616616264e-01	2.604618420424177128e+00	-1.670981656813329996e+00
6.626626626626626049e-01	3.201777535412564379e+00	-2.279865645727337409e+00
6.636636636636636943e-01	3.029986795376876429e+00	-2.120711417562988643e+00
6.646646646646646728e-01	2.733926522078790278e+00	-1.838186798393534716e+00
6.656656656656656512e-01	2.617760615785008405e+00	-1.736442303675200582e+00
6.666666666666666297e-01	2.743938999717697946e+00	-1.877913595933257795e+00
6.676676676676676081e-01	3.105080033725039712e+00	-2.255203912534352817e+00
6.686686686686686976e-01	1.956167192749231010e+00	-1.123280759108458149e+00
6.696696696696696760e-01	2.833725436189008740e+00	-2.018652294702746097e+00
6.706706706706706544e-01	2.468219942797984512e+00	-1.671766083293054095e+00
6.716716716716716329e-01	1.820683142019055900e+00	-1.043636142536765288e+00
6.726726726726726113e-01	1.666632257982427534e+00	-9.097605059774347414e-01
6.736736736736737008e-01	1.968410416310042654e+00	-1.232462348825939635e+00
6.746746746746746792e-01	2.250452308984598471e+00	-1.536155672557576679e+00
6.756756756756756577e-01	2.269261882706526734e+00	-1.577323013728978651e+00
6.766766766766766361e-01	1.826800737187401991e+00	-1.157903863443062065e+00
6.776776776776777256e-01	2.489213587866806243e+00	-1.844020151928114082e+00
6.786786786786787040e-01	2.620889608855818675e+00	-2.000037614012574849e+00
6.796796796796796825e-01	2.215615171340295841e+00	-1.619718550706396920e+00
6.806806806806806609e-01	1.760677582761576154e+00	-1.190325592183672399e+00
6.816816816816816393e-01	2.354391169443787568e+00	-1.810147804812207717e+00
6.826826826826827288e-01	2.266160270204875982e+00	-1.748563709742998462e+00
6.836836836836837072e-01	2.300610575241806011e+00	-1.810172647325385187e+00
6.846846846846846857e-01	1.717170582977435078e+00	-1.254376260010134470e+00
6.856856856856856641e-01	7.944050621557194880e-01	-3.597119810013239549e-01
6.866866866866866426e-01	2.610361196686224794e+00	-2.204199206131751243e+00
6.876876876876877320e-01	1.137349371715821622e+00	-7.601201074130523594e-01
6.886886886886887105e-01	1.600522930004061539e+00	-1.252599417309776975e+00
6.896896896896896889e-01	2.502764066682984900e+00	-2.184490351790674190e+00
6.906906906906906674e-01	1.759610272915946849e+00	-1.471301082643724722e+00
6.916916916916916458e-01	1.940921700118827031e+00	-1.682862130689974922e+00
6.926926926926927353e-01	8.763016649469506092e-01	-6.487469000708684375e-01
6.936936936936937137e-01	7.068237077833768867e-01	-5.099987663156702045e-01
6.946946946946946921e-01	1.006500040531661755e+00	-8.405995539629491642e-01
6.956956956956956706e-01	1.564043563146979787e+00	-1.429231583140394779e+00
6.966966966966966490e-01	1.053076355630166772e+00	-9.494861917979251498e-01
6.976976976976977385e-01	8.646571389115654815e-01	-7.923912269909783035e-01
6.986986986986987169e-01	1.173253767537376868e+00	-1.132383568096663629e+00
6.996996996996996954e-01	1.430624092473560038e+00	-1.421190020247663499e+00
7.007007007007006738e-01	3.677278235483641411e-01	-3.897392074745905099e-01
7.017017017017016522e-01	3.410738080598401112e-01	-3.945088820528948048e-01
7.027027027027027417e-01	3.017384833771972197e-01	-3.865444078527057181e-01
7.037037037037037202e-01	8.431181018769113855e-01	-9.592110160021429799e-01
7.047047047047046986e-01	4.403380117169384822e-01	-5.876031163370795118e-01
7.057057057057056770e-01	1.138765615094610828e+00	-1.317057286252585113e+00
7.067067067067066555e-01	6.172804414766693837e-01	-8.264223744142336070e-01
7.077077077077077449e-01	1.431478268590224701e-01	-3.829332103567573697e-01
7.087087087087087234e-01	5.168349312383331284e-01	-7.870266521221160883e-01
7.097097097097097018e-01	9.725708596865260958e-02	-3.975879635804025480e-01
7.107107107107106803e-01	-2.113683944720723407e-01	-1.188046559287624371e-01
7.117117117117116587e-01	9.977333780894273585e-02	-4.594620674534750648e-01
7.127127127127127482e-01	-4.290418131204423724e-01	4.019308452905301365e-02
7.137137137137137266e-01	-3.977465870841978557e-01	-1.987762512226953771e-02
7.147147147147147050e-01	1.456967319844395398e-02	-4.605563988835190137e-01
7.157157157157156835e-01	-5.988427086472202232e-01	1.249344860567792592e-01
7.167167167167166619e-01	-1.025568583214296448e+00	5.242074906266940282e-01
7.177177177177177514e-01	-9.505016718174043033e-01	4.221834830713515618e-01
7.187187187187187298e-01	-3.881235127793559170e-01	-1.666293416047612275e-01
7.197197197197197083e-01	-1.028301768924104298e+00	4.476628194954999085e-01
7.207207207207206867e-01	-1.136882923663260492e+00	5.309320473997146683e-01
7.217217217217216652e-01	-1.278818355793010397e+00	6.481547507504539229e-01
7.227227227227227546e-01	-1.078537783467979683e+00	4.237850850282438575e-01
7.237237237237237331e-01	-1.393889701307284623e+00	7.156953654926185848e-01
7.247247247247247115e-01	-2.037859021222663714e+00	1.336893684455067621e+00
7.257257257257256899e-01	-1.847701396252643402e+00	1.124658212191136375e+00
7.267267267267266684e-01	-1.933912636050282741e+00	1.189506590161864663e+00
7.277277277277277578e-01	-1.159438309569092995e+00	3.944055121112026718e-01
7.287287287287287363e-01	-1.404040915553882440e+00	6.191378736674785221e-01
7.297297297297297147e-01	-1.543848081440615472e+00	7.398509510736762662e-01
7.307307307307306932e-01	-2.132954740385354597e+00	1.310658558786547356e+00
7.317317317317316716e-01	-2.404359383944516537e+00	1.564577283485977688e+00
7.327327327327327611e-01	-2.394849210506255321e+00	1.538411614612909428e+00
7.337337337337337395e-01	-2.771897621038274195e+00	1.899651423018788421e+00
7.347347347347347180e-01	-1.494875189383110481e+00	6.076829149745077707e-01
7.357357357357356964e-01	-3.285668909263118831e+00	2.384407863717174614e+00
7.367367367367367859e-01	-2.381717359444159854e+00	1.467278759998993598e+00
7.377377377377377643e-01	-3.115836575217949544e+00	2.189124669812664514e+00
7.387387387387387427e-01	-2.757456517658114059e+00	1.819387690761948839e+00
7.397397397397397212e-01	-3.238812603850956595e+00	2.290314470291162419e+00
7.407407407407406996e-01	-3.414577010820213587e+00	2.456587498504724909e+00
7.417417417417417891e-01	-3.471850379427777078e+00	2.505316801869735599e+00
7.427427427427427675e-01	-2.405727033260852910e+00	1.431605152822116755e+00
7.437437437437437460e-01	-3.167136834248008626e+00	2.186389917027969254e+00
7.447447447447447244e-01	-3.442848965939733663e+00	2.456446829244018915e+00
7.457457457457457028e-01	-2.979162435422163302e+00	1.988080488753143804e+00
7.467467467467467923e-01	-3.182055781611805578e+00	2.187274062129220376e+00
7.477477477477477708e-01	-2.945550539629162135e+00	1.948052743034662360e+00
7.487487487487487492e-01	-3.935581308767106989e+00	2.936353816571027675e+00
7.497497497497497276e-01	-3.132012252380903305e+00	2.132043156513156568e+00
7.507507507507507061e-01	-2.913677937619377989e+00	1.913956063348989378e+00
7.517517517517517955e-01	-3.821068751760512860e+00	2.822582679889990231e+00
7.527527527527527740e-01	-3.150859888909894657e+00	2.154596978211340108e+00
7.537537537537537524e-01	-2.692128202448385466e+00	1.699073613308017983e+00
7.547547547547547309e-01	-3.332961423820319347e+00	2.344097144056883408e+00
7.557557557557557093e-01	-2.988825013127120123e+00	2.005128886947509681e+00
7.567567567567567988e-01	-2.976344278543523902e+00	1.998789039595837647e+00
7.577577577577577772e-01	-3.472199101181643766e+00	2.501751410661846364e+00
7.587587587587587556e-01	-3.161601036385397467e+00	2.199220527148764148e+00
7.597597597597597341e-01	-3.925928682460159358e+00	2.972567010082729499e+00
7.607607607607607125e-01	-3.445823997500496727e+00	2.502423899228914728e+00
7.617617617617618020e-01	-3.206654816160042110e+00	2.274149178680334504e+00
7.627627627627627804e-01	-2.938032709009414045e+00	2.017343645956551246e+00
7.637637637637637589e-01	-3.162802714106366153e+00	2.254840654226820007e+00
7.647647647647647373e-01	-2.820439951207487805e+00	1.926102738076459708e+00
7.657657657657657158e-01	-3.432547929003506582e+00	2.552719933187075796e+00
7.667667667667668052e-01	-3.011694136321823478e+00	2.147245380861957820e+00
7.677677677677677837e-01	-3.033882070302295730e+00	2.185667370389493769e+00
7.687687687687687621e-01	-2.271004613000696448e+00	1.439862730685002479e+00
7.697697697697697405e-01	-2.930681130588812078e+00	2.117433945365077896e+00
7.707707707707707190e-01	-3.050612935579644969e+00	2.256064631667198839e+00
7.717717717717718084e-01	-2.833899388123816809e+00	2.058835659244216298e+00
7.727727727727727869e-01	-3.205536260359283407e+00	2.450723532798484872e+00
7.737737737737737653e-01	-2.676019682780413245e+00	1.942204357503684697e+00
7.747747747747747438e-01	-2.859909789959982795e+00	2.147817504528955368e+00
7.757757757757757222e-01	-3.438996041304245299e+00	2.749330952325980348e+00
7.767767767767768117e-01	-2.706357574767744190e+00	2.039801661585372905e+00
7.777777777777777901e-01	-2.783244214892329094e+00	2.140456605205789842e+00
7.787787787787787686e-01	-3.354531196202901189e+00	2.736147514286684235e+00
7.797797797797797470e-01	-2.756097987308491870e+00	2.162729725470868836e+00
7.807807807807807254e-01	-2.121552139312227858e+00	1.553786053217518948e+00
7.817817817817818149e-01	-2.403597496711055825e+00	1.861995025162866524e+00
7.827827827827827933e-01	-2.240771466394764655e+00	1.725868176153951605e+00
7.837837837837837718e-01	-2.923291317226650143e+00	2.435596373413013715e+00
7.847847847847847502e-01	-2.118476850000163836e+00	1.658472512601549598e+00
7.857857857857857287e-01	-2.131062772739680256e+00	1.699203919726381518e+00
7.867867867867868181e-01	-1.912052518179163219e+00	1.508766195695182333e+00
7.877877877877877966e-01	-1.888939013500777753e+00	1.514624013576757910e+00
7.887887887887887750e-01	-2.501725320379391437e+00	2.156751786584798491e+00
7.897897897897897534e-01	-2.002805927467815383e+00	1.687514988892312440e+00
7.907907907907907319e-01	-2.153486136159331821e+00	1.868189570085279971e+00
7.917917917917918214e-01	-1.822035366319451510e+00	1.567015289919141185e+00
7.927927927927927998e-01	-2.078917374368216109e+00	1.854425965730642112e+00
7.937937937937937782e-01	-1.251717974280739609e+00	1.057977223043839121e+00
7.947947947947947567e-01	-1.952254379213745672e+00	1.789455867048650450e+00
7.957957957957957351e-01	-1.897729533168951876e+00	1.766034244333325898e+00
7.967967967967968246e-01	-1.466347703823450921e+00	1.365885865971282476e+00
7.977977977977978030e-01	-1.783651057352162450e+00	1.714522012757375924e+00
7.987987987987987815e-01	-1.495686764573114669e+00	1.457958871894397657e+00
7.997997997997997599e-01	-1.566843290014307888e+00	1.560553856698238651e+00
8.008008008008007383e-01	-5.300203227200341871e-01	5.551755681094071582e-01
8.018018018018018278e-01	-6.092818394578752850e-01	6.658568886416668109e-01
8.028028028028028062e-01	-7.933238903130555020e-01	8.812627987241143934e-01
8.038038038038037847e-01	-7.495934266881424390e-01	8.688092354243154292e-01
8.048048048048047631e-01	-1.376304228243583339e-01	2.880052446382932452e-01
8.058058058058058526e-01	-2.813693694869209838e-01	4.627545053595722990e-01
8.068068068068068310e-01	-1.521430694301509623e-01	3.643591556126576370e-01
8.078078078078078095e-01	-2.686052698361108826e-01	5.114424552146987768e-01
8.088088088088087879e-01	-7.659212382966174015e-01	1.039139391905082643e+00
8.098098098098097664e-01	-1.491309943626216716e-01	4.524599428372461651e-01
8.108108108108108558e-01	-2.313343384632461086e-01	5.644741332053034855e-01
8.118118118118118343e-01	2.826622050329190561e-01	7.995900874874622977e-02
8.128128128128128127e-01	5.384472530133360690e-01	-1.467032002929384293e-01
8.138138138138137911e-01	9.110176459005031591e-02	3.293777486791629183e-01
8.148148148148147696e-01	6.063395516391925089e-01	-1.575403714387327847e-01
8.158158158158158590e-01	1.271083846104628989e+00	-7.944087966582020766e-01
8.168168168168168375e-01	4.997261427596939587e-01	4.353413031631836461e-03
8.178178178178178159e-01	1.543944903494455900e+00	-1.012959303365135622e+00
8.188188188188187944e-01	6.467859620824371047e-01	-8.941938582079633768e-02
8.198198198198197728e-01	1.090094819231524959e+00	-5.068984220252541473e-01
8.208208208208208623e-01	1.216212901036692218e+00	-6.077633800424759869e-01
8.218218218218218407e-01	1.312605167253545924e+00	-6.795041913267239053e-01
8.228228228228228192e-01	1.119898631153229740e+00	-4.627722458840416442e-01
8.238238238238237976e-01	1.286455622888151407e+00	-6.059536315329004941e-01
8.248248248248247760e-01	1.355978650437522193e+00	-6.527739713568407875e-01
8.258258258258258655e-01	1.733311972541749846e+00	-1.008099973781351189e+00
8.268268268268268439e-01	1.796072385083726575e+00	-1.049570196755674090e+00
8.278278278278278224e-01	2.654909716430674749e+00	-1.887855521575076523e+00
8.288288288288288008e-01	2.528478886786852176e+00	-1.741631191415263569e+00
8.298298298298297793e-01	1.880122794897191252e+00	-1.074259677939524593e+00
8.308308308308308687e-01	2.244237465024672584e+00	-1.420155808921307328e+00
8.318318318318318472e-01	2.579278619704841624e+00	-1.737793322404791452e+00
8.328328328328328256e-01	2.319766799129260093e+00	-1.461709968273573246e+00
8.338338338338338041e-01	2.438854106618800532e+00	-1.565074236706073485e+00
8.348348348348347825e-01	2.558882209999716828e+00	-1.670243343347361353e+00
8.358358358358358720e-01	2.980946904327597125e+00	-2.078327776658562609e+00
8.368368368368368504e-01	2.373348064612097463e+00	-1.457641236111928418e+00
8.378378378378378288e-01	2.549864439762925539e+00	-1.621975412466416966e+00
8.388388388388388073e-01	2.944210217688245201e+00	-2.005056540068478554e+00
8.398398398398397857e-01	2.938589558232421517e+00	-1.989099917877608537e+00
8.408408408408408752e-01	2.892760573697225279e+00	-1.933873878972575344e+00
8.418418418418418536e-01	2.748492157791440071e+00	-1.781156609394149992e+00
8.428428428428428321e-01	3.229170124569090028e+00	-2.254342277894556545e+00
8.438438438438438105e-01	3.831560788941827500e+00	-2.850204608188268818e+00
8.448448448448447889e-01	3.294556542476004157e+00	-2.307642447422844523e+00
8.458458458458458784e-01	3.118387219836538993e+00	-2.126891126239154328e+00
8.468468468468468568e-01	3.524774940485821517e+00	-2.529677295035555495e+00
8.478478478478478353e-01	3.125502258006235490e+00	-2.127787068809974258e+00
8.488488488488488137e-01	3.077244686402152762e+00	-2.077898549940171868e+00
8.498498498498497922e-01	3.414819541863379992e+00	-2.414830667387665830e+00
8.508508508508508816e-01	2.385181872738965758e+00	-1.385539105076735833e+00
8.518518518518518601e-01	2.831006192253125331e+00	-1.832698033981857044e+00
8.528528528528528385e-01	3.002018633420771465e+00	-2.006032267381666845e+00
8.538538538538538170e-01	2.532726246569707573e+00	-1.540046559686187200e+00
8.548548548548547954e-01	2.632954746221646047e+00	-1.644563355588172904e+00
8.558558558558558849e-01	2.813651889576061826e+00	-1.830526171780357370e+00
8.568568568568568633e-01	2.269804888096115469e+00	-1.292917012734622340e+00
8.578578578578578417e-01	2.683671987157686623e+00	-1.713987955499999050e+00
8.588588588588588202e-01	2.618104093008853273e+00	-1.656582782761727213e+00
8.598598598598597986e-01	2.811464598177975560e+00	-1.859056815293523179e+00
8.608608608608608881e-01	3.214966326174722333e+00	-2.272613864640403492e+00
8.618618618618618665e-01	2.918956347677443830e+00	-1.987591058217588635e+00
8.628628628628628450e-01	2.874361353019043275e+00	-1.954904221628837702e+00
8.638638638638638234e-01	2.870285949576616868e+00	-1.963646186799726578e+00
8.648648648648649129e-01	2.894882505132293726e+00	-2.001956646982725019e+00
8.658658658658658913e-01	2.380407926783996153e+00	-1.502078948201226893e+00
8.668668668668668698e-01	2.685144320456868350e+00	-1.822280762170937596e+00
8.678678678678678482e-01	2.774139645626394923e+00	-1.927594755296333950e+00
8.688688688688688266e-01	1.985899322954026269e+00	-1.156510211428942281e+00
8.698698698698699161e-01	2.755751926520722872e+00	-1.944338740057856896e+00
8.708708708708708945e-01	2.861631144402646321e+00	-2.068996253660960516e+00
8.718718718718718730e-01	2.160150402375770717e+00	-1.387077608987052901e+00
8.728728728728728514e-01	2.271626652316648620e+00	-1.518880413818692876e+00
8.738738738738738299e-01	2.001985949479389681e+00	-1.270310623377709280e+00
8.748748748748749193e-01	2.539087057580670326e+00	-1.829206165286241248e+00
8.758758758758758978e-01	1.956824464988605961e+00	-1.269439976359496569e+00
8.768768768768768762e-01	2.245202562212670561e+00	-1.580994201407056376e+00
8.778778778778778547e-01	1.945632572599751864e+00	-1.305257145926724593e+00
8.788788788788788331e-01	2.277364024776033169e+00	-1.661454771208850989e+00
8.798798798798799226e-01	1.540183418103179935e+00	-9.493493830972208336e-01
8.808808808808809010e-01	2.653045288411007618e+00	-2.087870721645615379e+00
8.818818818818818794e-01	1.828730743564972006e+00	-1.289774521204754887e+00
8.828828828828828579e-01	2.143182289513087202e+00	-1.630977361559970973e+00
8.838838838838838363e-01	1.997599691499467367e+00	-1.512652554781976244e+00
8.848848848848849258e-01	1.697575115862398176e+00	-1.240365313183320772e+00
8.858858858858859042e-01	1.479459824104708332e+00	-1.050439470042382251e+00
8.868868868868868827e-01	2.078018316441086810e+00	-1.677611650273281851e+00
8.878878878878878611e-01	1.467055569704383888e+00	-1.095658535896813168e+00
8.888888888888888395e-01	1.675005363364320710e+00	-1.332985220038648055e+00
8.898898898898899290e-01	1.171292167695570541e+00	-8.589871234640823472e-01
8.908908908908909074e-01	1.162495474265842210e+00	-8.802143537918702965e-01
8.918918918918918859e-01	1.498150254736642317e+00	-1.246172193351515523e+00
8.928928928928928643e-01	1.604251924672247975e+00	-1.382826092350685654e+00
8.938938938938938428e-01	1.194619606826140323e+00	-1.003964961793074595e+00
8.948948948948949322e-01	5.591917945291391412e-01	-3.994968667415905728e-01
8.958958958958959107e-01	1.704455177334132765e+00	-1.575877882052263423e+00
8.968968968968968891e-01	6.119286652956871242e-01	-5.145961469273824251e-01
8.978978978978978676e-01	2.175580682715615721e-01	-1.515665746449374462e-01
8.988988988988988460e-01	1.736717656848534519e+00	-1.702132444036715597e+00
8.998998998998999355e-01	5.467621959694993761e-01	-5.436174637617634531e-01
9.009009009009009139e-01	6.534986822566120346e-02	-9.364872630877825455e-02
9.019019019019018923e-01	2.176592810052908888e-01	-2.773737458884982243e-01
9.029029029029028708e-01	5.489205760697288827e-01	-6.399915987563692399e-01
9.039039039039038492e-01	3.983013516403586807e-01	-5.206388760188138676e-01
9.049049049049049387e-01	-1.268985926645910256e-02	-1.407931926297572023e-01
9.059059059059059171e-01	8.439595217187417786e-01	-1.028436328522232657e+00
9.069069069069068956e-01	-4.515362879367675053e-02	-1.701345119514106607e-01
9.079079079079078740e-01	-4.356715887178000957e-01	1.897850029639507330e-01
9.089089089089088525e-01	2.706257170448116423e-01	-5.468676014238836869e-01
9.099099099099099419e-01	4.060423049322375300e-01	-7.123663245390206011e-01
9.109109109109109204e-01	-4.335088662606719767e-01	9.740562171845773554e-02
9.119119119119118988e-01	-8.515220062603336970e-01	4.859718944351145709e-01
9.129129129129128772e-01	-2.611926719925130452e-02	-3.685162355501882536e-01
9.139139139139138557e-01	-1.308547714815835983e+00	8.852170587593042317e-01
9.149149149149149451e-01	-1.141574295529486971e+00	6.899670991525926889e-01
9.159159159159159236e-01	-3.944672530475600847e-01	-8.496990924124758759e-02
9.169169169169169020e-01	-8.716019761809559174e-01	3.648089422126836734e-01
9.179179179179178805e-01	-1.098884121607782705e+00	5.652363612056618969e-01
9.189189189189188589e-01	-9.520386514322056737e-01	3.920638652946130120e-01
9.199199199199199484e-01	-1.156692068105217963e+00	5.709439905633796331e-01
9.209209209209209268e-01	-1.812652619056168035e+00	1.201710470510744422e+00
9.219219219219219053e-01	-9.021402483515816861e-01	2.666081625071982097e-01
9.229229229229228837e-01	-8.305045939188570037e-01	1.710110203829627862e-01
9.239239239239238621e-01	-1.428123135442623592e+00	7.453202182794372854e-01
9.249249249249249516e-01	-1.548295395796631890e+00	8.428583286506799999e-01
9.259259259259259300e-01	-6.457471060325096213e-01	-8.162653554053933558e-02
9.269269269269269085e-01	-1.617845765031542982e+00	8.692548166965531342e-01
9.279279279279278869e-01	-1.726191924996931748e+00	9.571239184226166818e-01
9.289289289289288654e-01	-1.581632505857436977e+00	7.928479384248081629e-01
9.299299299299299548e-01	-1.159359344119131885e+00	3.516382100453242510e-01
9.309309309309309333e-01	-1.206028708157692142e+00	3.801697271941490985e-01
9.319319319319319117e-01	-1.911056210076465867e+00	1.067876037690244306e+00
9.329329329329328901e-01	-1.712363552022171387e+00	8.526959718414277578e-01
9.339339339339339796e-01	-2.487227762341459147e+00	1.611922861663646733e+00
9.349349349349349581e-01	-2.268976951476434412e+00	1.378900280654528077e+00
9.359359359359359365e-01	-2.520686162065565838e+00	1.616717878603549874e+00
9.369369369369369149e-01	-2.623483013698818755e+00	1.706517011902806136e+00
9.379379379379378934e-01	-1.719430723137628458e+00	7.903737501832670542e-01
9.389389389389389828e-01	-2.575378016759646282e+00	1.635148776049887953e+00
9.399399399399399613e-01	-2.507441199850590330e+00	1.556969442550478533e+00
9.409409409409409397e-01	-2.281185079514524094e+00	1.321410685161335419e+00
9.419419419419419182e-01	-1.941737296838114801e+00	9.736093439359966295e-01
9.429429429429428966e-01	-2.237690432007421126e+00	1.262166259525583367e+00
9.439439439439439861e-01	-1.372134240050941978e+00	3.901785007534350758e-01
9.449449449449449645e-01	-2.396996559051865816e+00	1.409580265595076876e+00
9.459459459459459429e-01	-2.244363338202867375e+00	1.252462902943990652e+00
9.469469469469469214e-01	-2.327899241841232314e+00	1.332495511307219882e+00
9.479479479479478998e-01	-1.955667489611303322e+00	9.577447745830601766e-01
9.489489489489489893e-01	-2.295896984629171467e+00	1.296442086800102089e+00
9.499499499499499677e-01	-2.550927146412246938e+00	1.550928382583649512e+00
9.509509509509509462e-01	-3.033034720369121029e+00	2.033480945147357222e+00
9.519519519519519246e-01	-2.617185416551168320e+00	1.619065044513021689e+00
9.529529529529529031e-01	-2.152856293721721936e+00	1.157156322014884164e+00
9.539539539539539925e-01	-2.839784445522150147e+00	1.847489477867336527e+00
9.549549549549549710e-01	-2.576479140050918826e+00	1.588570413110740542e+00
9.559559559559559494e-01	-2.755113772032745878e+00	1.772568185110117600e+00
9.569569569569569278e-01	-2.493265391980895807e+00	1.517054541006465307e+00
9.579579579579579063e-01	-3.135371260331631937e+00	2.166460477095482062e+00
9.589589589589589957e-01	-1.855417827229510985e+00	8.947652248071900072e-01
9.599599599599599742e-01	-3.164099127367736131e+00	2.212654652684558965e+00
9.609609609609609526e-01	-2.819737314729625410e+00	1.878441809200121160e+00
9.619619619619619311e-01	-2.262363393835676639e+00	1.332147663007072103e+00
9.629629629629629095e-01	-2.546010082312097467e+00	1.627793975431822471e+00
9.639639639639639990e-01	-2.266433256198119306e+00	1.361124756615522458e+00
9.649649649649649774e-01	-2.710118104941095840e+00	1.818612432242811217e+00
9.659659659659659559e-01	-2.567678199970000907e+00	1.690856924736845901e+00
9.669669669669669343e-01	-2.581095852607184771e+00	1.719826024667953313e+00
9.679679679679679127e-01	-1.960573705414427881e+00	1.115706996458608602e+00
9.689689689689690022e-01	-2.343237114017663547e+00	1.515608975414932003e+00
9.699699699699699806e-01	-2.231912939761246051e+00	1.422341776420500858e+00
9.709709709709709591e-01	-2.750597747577157470e+00	1.959884108662063529e+00
9.719719719719719375e-01	-2.114037664080909096e+00	1.342963451382183315e+00
9.729729729729729160e-01	-2.394590555618423711e+00	1.643918250365697276e+00
9.739739739739740054e-01	-1.903738331935168837e+00	1.174210240812979755e+00
9.749749749749749839e-01	-1.534047041788344501e+00	8.263845629018382599e-01
9.759759759759759623e-01	-2.260886043284320301e+00	1.575788952800539100e+00
9.769769769769769407e-01	-2.278433645643051619e+00	1.616579405813181936e+00
9.779779779779779192e-01	-2.499636233397342533e+00	1.861679322644227863e+00
9.789789789789790087e-01	-2.180511854844002784e+00	1.567083120577339894e+00
9.799799799799799871e-01	-2.251795534446085156e+00	1.663501569245280365e+00
9.809809809809809655e-01	-1.928068524800762074e+00	1.365491066582324109e+00
9.819819819819819440e-01	-2.091708710408248795e+00	1.555404067170864213e+00
9.829829829829829224e-01	-2.079714307885558444e+00	1.570212807601681693e+00
9.839839839839840119e-01	-1.581585213623631248e+00	1.099390679821581784e+00
9.849849849849849903e-01	-2.190895835317394180e+00	1.736485088872516958e+00
9.859859859859859688e-01	-1.602133446945141149e+00	1.175955834572704584e+00
9.869869869869869472e-01	-1.888177169234330988e+00	1.490654119150415458e+00
9.879879879879879256e-01	-1.397745800869993671e+00	1.029270406059739518e+00
9.889889889889890151e-01	-1.062048229198257143e+00	7.229848587035829777e-01
9.899899899899899935e-01	-1.559627938854702522e+00	1.250311877465833277e+00
9.909909909909909720e-01	-1.193361992128010751e+00	9.140991088351788640e-01
9.919919919919919504e-01	-1.192978903681413794e+00	9.440453492145188807e-01
9.929929929929930399e-01	-1.568501931817054995e+00	1.350143865572408286e+00
9.939939939939940183e-01	-1.143399700762415705e+00	9.558330473865792598e-01
9.949949949949949968e-01	-1.064631848205450426e+00	9.080420840768919089e-01
9.959959959959959752e-01	-8.782120378704869612e-01	7.527540076901886312e-01
9.969969969969969537e-01	-1.059619069970548111e+00	9.654168336429180819e-01
9.979979979979980431e-01	-8.730192294348443349e-01	8.101659393903641870e-01
9.989989989989990216e-01	-1.340906454632215361e+00	1.309464263713095100e+00
1.000000000000000000e+00	-1.093152283902496302e+00	1.093152283902494970e+00
