# Weights_0	Weights_1	Weights_2	Weights_3
0.000000000000000000e+00	0.000000000000000000e+00	0.000000000000000000e+00	0.000000000000000000e+00
0.000000000000000000e+00	0.000000000000000000e+00	0.000000000000000000e+00	0.000000000000000000e+00
0.000000000000000000e+00	0.000000000000000000e+00	0.000000000000000000e+00	0.000000000000000000e+00
0.000000000000000000e+00	0.000000000000000000e+00	0.000000000000000000e+00	0.000000000000000000e+00
8.261382962553084908e-02	9.136034030703603370e-02	4.294624287117119327e-02	1.836669676303046353e-02
-5.999842946032385438e-02	1.426613559638225115e-01	1.808991504434765696e-01	8.576158014418143460e-02
2.585385993834066198e-02	3.069436721430368609e-03	2.528559860016890148e-01	2.270948811821251745e-01
-3.329168737916311099e-02	1.130645306949593643e-01	2.227574013721916879e-02	4.892409174305428765e-01
5.288422604827982404e-02	1.069841332894122532e-01	1.584873563252397755e-01	3.480817486354809143e-01
1.692524137820120289e-01	9.838036415704939919e-02	1.091638330461747047e-01	4.262706026648205859e-01
2.780992298078111546e-01	1.699417051027997672e-01	9.167923434618090173e-02	3.843856562785546438e-01
5.053420735552039966e-01	1.433286226097770788e-01	1.009688079054068682e-01	3.028312093171124930e-01
5.522180511589922514e-01	2.796157334570928965e-01	4.615451675424318140e-02	3.078715483749809301e-01
5.102028078764729857e-01	3.115855734988886017e-01	2.072320831485165438e-01	2.818258572139413776e-01
5.126653204405456909e-01	2.592768819406422454e-01	2.360853964892043189e-01	4.436850900629689676e-01
5.382219755989749999e-01	2.973113741235068330e-01	1.980056920766268269e-01	5.287872135800947282e-01
7.427618549269510151e-01	2.544943040643128929e-01	1.956912886209001279e-01	4.605258776435890988e-01
6.299321250046749920e-01	4.368106394596473763e-01	1.808491759496235751e-01	5.009403335180493411e-01
6.275222152241975992e-01	3.376344894353613402e-01	3.776079340232142423e-01	4.974422194154377030e-01
4.897055260065559246e-01	3.804041968603151247e-01	3.267682099174559207e-01	7.252855822954202836e-01
2.686149398323612880e-01	3.908087143787887241e-01	4.989767304452727981e-01	7.873255873377725811e-01
4.278118642338005762e-01	1.778007579901836888e-01	4.821690467950344727e-01	9.074958095220257981e-01
5.528755131116654953e-01	3.103859323909696766e-01	2.767855242285153228e-01	9.012929511996867760e-01
5.664886749623528894e-01	4.100946968710518226e-01	4.111616923972610804e-01	6.944823961509352106e-01
7.182714368976719221e-01	2.925853377868737337e-01	4.699638516236896990e-01	6.794805919347270962e-01
6.068707549494394282e-01	4.449615091387335575e-01	3.886739225114621554e-01	7.871365811165009774e-01
6.061346447325021147e-01	3.686313103670770808e-01	5.664824218253468047e-01	7.388039555542189607e-01
5.840871399891237603e-01	3.582582780056021710e-01	4.854230056047761366e-01	9.109903591221467645e-01
7.027840608303279613e-01	3.741519085269647826e-01	4.852798927596970735e-01	8.221147335465733841e-01
7.638524854875642367e-01	4.406272604995793429e-01	4.440570687546248063e-01	7.930856227465492569e-01
7.273921832517160624e-01	4.947848823058452750e-01	5.138346082610122378e-01	7.633706271423709167e-01
6.959606832275642141e-01	4.590591926776764198e-01	5.685719124090705678e-01	8.360016503662319742e-01
6.337307820358230037e-01	4.664422533977549690e-01	5.800673644312067667e-01	9.202683359700044585e-01
5.595916883485027027e-01	4.512130268004250211e-01	6.419176505225000495e-01	9.675210558060203248e-01
5.821946861791890138e-01	3.870673638036999376e-01	6.360097931066766019e-01	1.033327833439784627e+00
6.285412108945485077e-01	4.090278004795340761e-01	5.806064255485118286e-01	1.037083007575195559e+00
6.884614727453094440e-01	4.291703258887543115e-01	5.828518689230846039e-01	9.756333568494588437e-01
7.130404438429396308e-01	4.617608610449654982e-01	5.751880208163889785e-01	9.549636823091386395e-01
6.768679577488739829e-01	4.923901313763981991e-01	6.112130685614378667e-01	9.493670824755562343e-01
6.575875065452972956e-01	4.662249433960857226e-01	6.437186022413545761e-01	9.839725988225738185e-01
6.336588133471485751e-01	4.644959491132588103e-01	6.360774804288071849e-01	1.029545177219503227e+00
6.147170798378697176e-01	4.574061403367123968e-01	6.529054963901120834e-01	1.042011880666303902e+00
5.992456951083570127e-01	4.493682979518682230e-01	6.545569841956315749e-01	1.063289761408881651e+00
6.466526747648057016e-01	4.208153291963702136e-01	6.390925533175675355e-01	1.065219549477339100e+00
6.406530473564185924e-01	4.625345031363796156e-01	6.168353724725498255e-01	1.054474736853184158e+00
6.347157268274661313e-01	4.580602474567987414e-01	6.511360589919843456e-01	1.032898366048837335e+00
6.239696197733545224e-01	4.546319367916826781e-01	6.458041566757010132e-01	1.055021231748137112e+00
6.322828107697406885e-01	4.461316050693380220e-01	6.457329797864893584e-01	1.056341016277434708e+00
6.263166008227668557e-01	4.534759736327484414e-01	6.424931733123625532e-01	1.057537870379424039e+00
6.264040014978196069e-01	4.507592023215958310e-01	6.461273603080456285e-01	1.056176191228212602e+00
6.265130230115527610e-01	4.507297360828655952e-01	6.464404377685685210e-01	1.055818283025778070e+00
6.248129454178422693e-01	4.519518038819233530e-01	6.453428465519281954e-01	1.058095066736524315e+00
6.270344226460270454e-01	4.485745638335287833e-01	6.484452975359179527e-01	1.057224219078285898e+00
6.354608920485638190e-01	4.489097623039927654e-01	6.399270982426505938e-01	1.060357314184317667e+00
6.336572096439315738e-01	4.605836782205197655e-01	6.425901356407950349e-01	1.051006457521945325e+00
6.270037312347488401e-01	4.589046643099560785e-01	6.552029817465520045e-01	1.051334020685424697e+00
6.298478625610670623e-01	4.504232474329341596e-01	6.523461118621668442e-01	1.065921367529076180e+00
6.328448821810349623e-01	4.549100416072615061e-01	6.474832012304140294e-01	1.067986655061086587e+00
6.521068739206943299e-01	4.521081581664414539e-01	6.464815575854638841e-01	1.060971821709965068e+00
6.636184397951238045e-01	4.678054609880764048e-01	6.364962853769269291e-01	1.056215535050506027e+00
6.780817053004517536e-01	4.740094121618390055e-01	6.465898360120267974e-01	1.042211055206780257e+00
6.843936660626310786e-01	4.849205363053507023e-01	6.456525142786690985e-01	1.047676469577697000e+00
7.023251617255362733e-01	4.854999865664864078e-01	6.527913066636483741e-01	1.046847210945579532e+00
7.399957023853009908e-01	4.896320290649488483e-01	6.390797240688006475e-01	1.049836581949486369e+00
7.199726706499076645e-01	5.350940432450288498e-01	6.520382966973153893e-01	1.040061056186244226e+00
7.218426927148297034e-01	5.120601985047815718e-01	6.954936700664858806e-01	1.050005295196093646e+00
7.647094214688426872e-01	5.002057139223947679e-01	6.599520900204264295e-01	1.091110021426715981e+00
7.426652039112254799e-01	5.576289075435046927e-01	6.701080733993758365e-01	1.073387897500490462e+00
7.628142446747000482e-01	5.250516768915154397e-01	7.159383104008949505e-01	1.074045073740346412e+00
7.577227734246462232e-01	5.468959380109857937e-01	6.846283416922251952e-01	1.122647376531210606e+00
7.378568151412404630e-01	5.567524533666784459e-01	7.320280888580651402e-01	1.110261621436660739e+00
7.455975845725861806e-01	5.320627978421915705e-01	7.347226305744847252e-01	1.152936995669512577e+00
7.285808645216715895e-01	5.536216925130429400e-01	7.311164351541289408e-01	1.172755042910956558e+00
7.923505585706527299e-01	5.219085613801269785e-01	7.349085233297331099e-01	1.162526637397311102e+00
7.912621217700566145e-01	5.826791698648324802e-01	6.996995314894141060e-01	1.164420670800322855e+00
8.141554812742708425e-01	5.745432274917017246e-01	7.516794604479658526e-01	1.125930965770322034e+00
8.383403161162872319e-01	5.826026477340784382e-01	7.189476419981249977e-01	1.162305737109351478e+00
8.469061611285590985e-01	6.101426577405610896e-01	7.378244747354288924e-01	1.138583762751576911e+00
8.401190539605253305e-01	6.153688800015836291e-01	7.587547287962247422e-01	1.152767446385465133e+00
8.270152285357635913e-01	6.152473763375296834e-01	7.747587434154411534e-01	1.179833650696896274e+00
8.588327070004644348e-01	5.981461514476350549e-01	7.719886679503221716e-01	1.196427280080077260e+00
8.245690521541303442e-01	6.410300064047608215e-01	7.761734105179115550e-01	1.205994403815632499e+00
8.082002370476603081e-01	6.145778260280361227e-01	8.282558284920384928e-01	1.215821708719606375e+00
8.555570399683017913e-01	5.882618488087597575e-01	7.882945827499792113e-01	1.256361314990244393e+00
8.214605344917135232e-01	6.499788661541519019e-01	7.915303031287019841e-01	1.238898638033847144e+00
7.796429203543525643e-01	6.244907432139749082e-01	8.581239519087526801e-01	1.249256626637354817e+00
7.686870256936199075e-01	5.913232398735248641e-01	8.410083002737486213e-01	1.317728443127233584e+00
8.008770067830944805e-01	5.893036847428352321e-01	8.210538614122769863e-01	1.312084772027832802e+00
8.350609462243949732e-01	6.061086497202805567e-01	8.065383725483734612e-01	1.284081993291722235e+00
8.156437301318358868e-01	6.370483570214044988e-01	8.196918792130947207e-01	1.267481340310378402e+00
8.205289866664386977e-01	6.140332738092544318e-01	8.419036329940706720e-01	1.273300226441086425e+00
8.026009130494314858e-01	6.250846452760819849e-01	8.287028789370370907e-01	1.299397744491357587e+00
8.051456964019049201e-01	6.138846534490947082e-01	8.456011661006731517e-01	1.294382217560902548e+00
7.978297453732788869e-01	6.172476207061986520e-01	8.368268458383785191e-01	1.309468144721047000e+00
7.995612433811305486e-01	6.134432595574009772e-01	8.437339083600969847e-01	1.305489353305621547e+00
7.968900987082356835e-01	6.149112367020002079e-01	8.403286005562126126e-01	1.310818038320813894e+00
7.995423331691607904e-01	6.129879244984597353e-01	8.420822637346105921e-01	1.308803632583989129e+00
7.918459334914551562e-01	6.167568503658080736e-01	8.429678828867431806e-01	1.311294528092013634e+00
7.929171017798394283e-01	6.119195789832263532e-01	8.455937661272698858e-01	1.312076407456837845e+00
7.930688344317204930e-01	6.124336080543685279e-01	8.435114899014219958e-01	1.313316808045314588e+00
7.935907222492715185e-01	6.121906374625569747e-01	8.430790308868263416e-01	1.313620491599747808e+00
7.901668334349680745e-01	6.164703407416098901e-01	8.435588831691651635e-01	1.312476616372580285e+00
7.851905594612297312e-01	6.110590113642214716e-01	8.522785774865794250e-01	1.314042635450988428e+00
7.921979776261340866e-01	6.029004239578705793e-01	8.431075025300037717e-01	1.325049467223522015e+00
7.902968685872702181e-01	6.167299607871051803e-01	8.376682656245318936e-01	1.317438479908115134e+00
8.096181317597653804e-01	6.073800695979557629e-01	8.448812908625328300e-01	1.302776455017165436e+00
8.067296766915288408e-01	6.259159318102471836e-01	8.289679150598613377e-01	1.307724880006867485e+00
7.996746916399024574e-01	6.254382892064744848e-01	8.548097214686550815e-01	1.292965145920154324e+00
8.214418603986162193e-01	6.090480481395803558e-01	8.408192695843386133e-01	1.310949423822385329e+00
8.433183622755527908e-01	6.343836725980597224e-01	8.225977950505088954e-01	1.292458190174421873e+00
8.618265408962263452e-01	6.469786699423506482e-01	8.374160017368901254e-01	1.262702099068477635e+00
8.574199144186004373e-01	6.584642764543655602e-01	8.424181843594312769e-01	1.273394407561758257e+00
8.306271302766462528e-01	6.636694228258808170e-01	8.671240149410344156e-01	1.288831490751535913e+00
8.556582244237502799e-01	6.342890639996289215e-01	8.696811454274988584e-01	1.310948741490359115e+00
8.502810674457240703e-01	6.686030573908212649e-01	8.477276296831630642e-01	1.321247663663363880e+00
8.641730837313637004e-01	6.630577551277677673e-01	8.821912149059880637e-01	1.296670096762085223e+00
8.753559369615940833e-01	6.673563137377341858e-01	8.637885733819434808e-01	1.323751496259977678e+00
8.707861688666552746e-01	6.884096646886345150e-01	8.796717139307710376e-01	1.311917748149459939e+00
8.782504697537480975e-01	6.781737474193252346e-01	8.945248842387192312e-01	1.323573593155550343e+00
8.955296005538432302e-01	6.857248537992852722e-01	8.819631972766512895e-01	1.335658268023407480e+00
9.014734675624549443e-01	7.057371918615413797e-01	8.918234250927575824e-01	1.323536508747888307e+00
8.708444802952457486e-01	7.143119098865963190e-01	9.185580959659831457e-01	1.341088084508257561e+00
8.793019602851589456e-01	6.872962209111530552e-01	9.304596219428052928e-01	1.368982917616266004e+00
9.172031021503510573e-01	6.961441264872127999e-01	9.000434575071780685e-01	1.374276516398313941e+00
9.066930677096485258e-01	7.377795849695267805e-01	9.141972035797449880e-01	1.348864658411361495e+00
8.998141769133269907e-01	7.200256162448765984e-01	9.500632644867571530e-01	1.360079247832422178e+00
8.905177140347655396e-01	7.191471986163933128e-01	9.388908886271676302e-01	1.401444543722245362e+00
9.413865226071400638e-01	7.123933309797890745e-01	9.339406980801268077e-01	1.382194770072011636e+00
9.529737829892309664e-01	7.531281933068696421e-01	9.170549641356727788e-01	1.369483151016317679e+00
9.505437934065948946e-01	7.607727454531829636e-01	9.540140339405576153e-01	1.350972285348285284e+00
9.195880285135611398e-01	7.601680535230398439e-01	9.660909940278660235e-01	1.392907488441950559e+00
9.294167055148727652e-01	7.403168506749128186e-01	9.758171627497328471e-01	1.411292040539031678e+00
9.184210723783572394e-01	7.580548524344963290e-01	9.661181099246758386e-01	1.428633053827929489e+00
9.245991813119498470e-01	7.511705764943004127e-01	9.868039189543154066e-01	1.421443780028434967e+00
9.152960136264212121e-01	7.571195297742550068e-01	9.810808608750839488e-01	1.442547043396309681e+00
9.338860985740670140e-01	7.500781024757656734e-01	9.871777258274619937e-01	1.436261837252752027e+00
9.445707901104837267e-01	7.631357652829484639e-01	9.746004121730066361e-01	1.437486958750273214e+00
9.382308008730385618e-01	7.749274850011483862e-01	9.895679491485800394e-01	1.427952080310775695e+00
9.383502709123411334e-01	7.661934704782421557e-01	9.974546577236821365e-01	1.439858420188375954e+00
9.199890517582506311e-01	7.741034173988817768e-01	9.996976096794292221e-01	1.455296281021982496e+00
9.030858877231712212e-01	7.658585975239188270e-01	1.017812382140563132e+00	1.465675937045724853e+00
9.142863497736386513e-01	7.507147783271215236e-01	1.009897018307444050e+00	1.481011772699180051e+00
9.224546376203865972e-01	7.628711989151216732e-01	9.983551051483077199e-01	1.474964468168318277e+00
9.294868004643942472e-01	7.664989709361642589e-01	1.004883523626157515e+00	1.461415197713580083e+00
9.437793334176657334e-01	7.651829022709623063e-01	9.992847171576577647e-01	1.459745832600665150e+00
9.431274705963026417e-01	7.766923403750125576e-01	9.979468848345771637e-01	1.455007089667639253e+00
9.323890432290045105e-01	7.779275327262343831e-01	1.009018858325422263e+00	1.456347286515315975e+00
9.329008466894340712e-01	7.702708351019263988e-01	1.010089728453608338e+00	1.464527971710333887e+00
9.290058439138247914e-01	7.732036745978877468e-01	1.008010198005087066e+00	1.467882641802474186e+00
9.286254982072149611e-01	7.721107361524093271e-01	1.009780056280460636e+00	1.467529033434420649e+00
9.286626690065056255e-01	7.723062518698109447e-01	1.010285870118057705e+00	1.466803028912323725e+00
9.253370911255777154e-01	7.723912264241521441e-01	1.011175580499592552e+00	1.469108234164895332e+00
9.290208530368446738e-01	7.668119205366198399e-01	1.011473287995603876e+00	1.470688731358766210e+00
9.347684995123277663e-01	7.711807152233747242e-01	1.002493230789509360e+00	1.470041121631890046e+00
9.370505474737570450e-01	7.776936242471891303e-01	1.007190383087132268e+00	1.457548713700069110e+00
9.401361975727581255e-01	7.751054521123602603e-01	1.009480363772602640e+00	1.458232431692631392e+00
9.304012970057832232e-01	7.815316182646548926e-01	1.009727329159885389e+00	1.463937165326461010e+00
9.430965406372033843e-01	7.691268251350614760e-01	1.015007123146570267e+00	1.462349568163966440e+00
9.562534186652210666e-01	7.792859600851705926e-01	9.964176689819677080e-01	1.463962106980108979e+00
9.610613899106350555e-01	7.928934102172930931e-01	1.006737164337135892e+00	1.442570949926122559e+00
9.615935453446167180e-01	7.911458025930352411e-01	1.014221067980100255e+00	1.447574508018432349e+00
9.343994203200662874e-01	8.006440263862661944e-01	1.022549777367264934e+00	1.464490231910745788e+00
9.300237956988925969e-01	7.777243917339472512e-01	1.039963583691329463e+00	1.479575208903179728e+00
9.441805640083184015e-01	7.735005745342310446e-01	1.016371588348913502e+00	1.498807208968953031e+00
9.790192922169602685e-01	7.833207018250619713e-01	1.007781046706272665e+00	1.470871699626334239e+00
9.702060335645751321e-01	8.148792650367109314e-01	1.011643717572249468e+00	1.455432443400564768e+00
9.897575669659834929e-01	7.958861262046850182e-01	1.033540458501553516e+00	1.449513653617666264e+00
1.013912934246022024e+00	8.071066907518158473e-01	1.004747756441295437e+00	1.463724219082453759e+00
9.917749342929045309e-01	8.419663101421563933e-01	1.027205157416232639e+00	1.444947080110886795e+00
9.854961495738766564e-01	8.156156693371593436e-01	1.059224270418586134e+00	1.464494659572272539e+00
9.752453990181191301e-01	8.179109510986969367e-01	1.040744099604981487e+00	1.506025684700775136e+00
9.880659709739879615e-01	8.159195451424964274e-01	1.051617636445058901e+00	1.495943990682441216e+00
9.865155344116186553e-01	8.263580020488087152e-01	1.047067045618389036e+00	1.504489046882775627e+00
1.015210510987722525e+00	8.188965249113369094e-01	1.051377120357511519e+00	1.494456726288629023e+00
1.041691540799654980e+00	8.365710899657823330e-01	1.032976902427358512e+00	1.488622247971020274e+00
1.029011562780067557e+00	8.650542581025225664e-01	1.052645042000281084e+00	1.472250508676038239e+00
1.042565997174881076e+00	8.438507374620222157e-01	1.072282930713494231e+00	1.483272034821789154e+00
1.052656462216414290e+00	8.573533357851307324e-01	1.051315018477515517e+00	1.502994635205824769e+00
1.059725866386170834e+00	8.708275511230092469e-01	1.068223240759392567e+00	1.485767918961337752e+00
1.051829663492422240e+00	8.750862311386810033e-01	1.078983239109709391e+00	1.500073181983420767e+00
1.054861430357075580e+00	8.705372132397843910e-01	1.086323737137047774e+00	1.513702255036655675e+00
1.076822268746904454e+00	8.706819208654646980e-01	1.079190156363406539e+00	1.518116221559160595e+00
1.080322941847258411e+00	8.920690636408864505e-01	1.079538209504875335e+00	1.511453665987635642e+00
1.105473479651329916e+00	8.856764872814804068e-01	1.090434138479722925e+00	1.502478917363015309e+00
1.077276234926559662e+00	9.152171949204976897e-01	1.090985852063783401e+00	1.518745706573781051e+00
1.089797933243664252e+00	8.892160092688085049e-01	1.119752641813606120e+00	1.520051867246248634e+00
1.092908906313752038e+00	9.005633008330958811e-01	1.094376636586523954e+00	1.546844341591476990e+00
1.083382804044566550e+00	9.133290012648854761e-01	1.116730588825482817e+00	1.532578417157244743e+00
1.081736556989829845e+00	9.008524472644660053e-01	1.124817656387137710e+00	1.550630542928002509e+00
1.057943058425936167e+00	9.107081672424571783e-01	1.126747761404239156e+00	1.569318447100369829e+00
1.072243706360717086e+00	8.902914520298487178e-01	1.136571334729483018e+00	1.571599688872051148e+00
1.069345571419965335e+00	9.044941576086681367e-01	1.119817551934520372e+00	1.581945213255725236e+00
1.069183507365075281e+00	9.045437291045654860e-01	1.135894281605570599e+00	1.569459314358310875e+00
1.074905508255811881e+00	8.998914454638260452e-01	1.129852278042994485e+00	1.579200810815149625e+00
1.069275090337327594e+00	9.085585990495271824e-01	1.130957321739192167e+00	1.577715538301947440e+00
1.067662777684722730e+00	9.039035221975578738e-01	1.138256729107663512e+00	1.578824154725222861e+00
1.062826160614943838e+00	9.040267304059549369e-01	1.136682499178825356e+00	1.586161225975481148e+00
1.060509134817953170e+00	9.026463043072920911e-01	1.139592636899169786e+00	1.586944265195368242e+00
1.056886836383992501e+00	9.022626575796278692e-01	1.140255020591959934e+00	1.589826340048196229e+00
1.056534540764690222e+00	9.012918071163581457e-01	1.140648273804515833e+00	1.590436722655817592e+00
1.055845231423818031e+00	9.015879641621150631e-01	1.141388356590450348e+00	1.590261640243019192e+00
1.054305756221918910e+00	8.994275614230713423e-01	1.142734008120349420e+00	1.593093910172434402e+00
1.057609907695578944e+00	8.972432391062243884e-01	1.139636330395231711e+00	1.595794845048562838e+00
1.060829154511471639e+00	9.020820103489457509e-01	1.136809322636537445e+00	1.591576042033633342e+00
1.063068178909430728e+00	9.040952934154115050e-01	1.140420493726410855e+00	1.585854864578831291e+00
1.050799903730091245e+00	9.082209089093007393e-01	1.144656290533505594e+00	1.591552581932766941e+00
1.053140252751147976e+00	8.949538781678791910e-01	1.151055341582699176e+00	1.597766636500664861e+00
1.052921142880343996e+00	8.995665768090526093e-01	1.138339687154288793e+00	1.607212533121626929e+00
1.064340348838417327e+00	8.990607430648770437e-01	1.143176735040844827e+00	1.593038076165120165e+00
1.068775692059843241e+00	9.064627042635978738e-01	1.135462229181091631e+00	1.593004969753996303e+00
1.084061287995164991e+00	9.070262570787465117e-01	1.138018859942374839e+00	1.580941186583221691e+00
1.088548353527099000e+00	9.190449910050350057e-01	1.132319609566373675e+00	1.579084030312167153e+00
1.098074416846601897e+00	9.206237567168958913e-01	1.140984663732645510e+00	1.570222201525029559e+00
1.088431153113379235e+00	9.311321048461675964e-01	1.142810489115446693e+00	1.579123589158109242e+00
1.076035971041464645e+00	9.266944052524861419e-01	1.161766280710314847e+00	1.586473675077340273e+00
1.078946941489305589e+00	9.147226163491135598e-01	1.158885840842872827e+00	1.607789608058773911e+00
1.093569688861763201e+00	9.188378211193386491e-01	1.149241293067386094e+00	1.607689434979925558e+00
1.111901100205804349e+00	9.284592790392683925e-01	1.146890121441954236e+00	1.593537550567795780e+00
1.154231131309607639e+00	9.304594464840096890e-01	1.136097595163817919e+00	1.577710995123548621e+00
1.144175429196273575e+00	9.733263713395802208e-01	1.135973716747480378e+00	1.564209561185791575e+00
1.118295482612902125e+00	9.681987633606459198e-01	1.183638599673804803e+00	1.565892945212897347e+00
1.114267509993933203e+00	9.436283828568352572e-01	1.180361947489122709e+00	1.615700576885348738e+00
1.119182436953045867e+00	9.493519967346139010e-01	1.170651897902272420e+00	1.627335741061664454e+00
1.141823285284159661e+00	9.496051542651027244e-01	1.172672956939920130e+00	1.616313742287402766e+00
1.119963976098699687e+00	9.766043449133159360e-01	1.176674891203385531e+00	1.619708903755292528e+00
1.133269342474949148e+00	9.514792740234307988e-01	1.200142030325379361e+00	1.621811923261796906e+00
1.147762587028221537e+00	9.606811474038046139e-01	1.170855757692584431e+00	1.642514931630473241e+00
1.160873981519638942e+00	9.755834857962294437e-01	1.182573932401536521e+00	1.616849962389946382e+00
1.150854659376639111e+00	9.858832646095440078e-01	1.192058874160231596e+00	1.623025445825594160e+00
1.151099096242502062e+00	9.773186337977206595e-01	1.204213544441638639e+00	1.634152763004835585e+00
1.132860422686497337e+00	9.857155604084798517e-01	1.205955432742586542e+00	1.653351994781724787e+00
1.138454203319272606e+00	9.702958654421290907e-01	1.218795283194343604e+00	1.659709195047207153e+00
1.143562419198904001e+00	9.754741425522128750e-01	1.204200933403564600e+00	1.673028663521691328e+00
1.163099654387218962e+00	9.770430247465339280e-01	1.206808991741071146e+00	1.658850480209309586e+00
1.148798500716798454e+00	9.972384402858578412e-01	1.208582836467221311e+00	1.660159970732323131e+00
1.166428265320825997e+00	9.785998297972435811e-01	1.221746222310872598e+00	1.658472172217810403e+00
1.189167440503705819e+00	9.877602925611310702e-01	1.195446003982576944e+00	1.665341641458267796e+00
1.158251933349905727e+00	1.019037859622166753e+00	1.216746008595562367e+00	1.650854032488153988e+00
1.161525035056734323e+00	9.859394141617641161e-01	1.240260478426524315e+00	1.665911910514790151e+00
1.170240095554802906e+00	9.901734573132943140e-01	1.211171630500005980e+00	1.689616998804540637e+00
1.166244613762658755e+00	1.005334130367888212e+00	1.223621692131602323e+00	1.670201195802272442e+00
1.160356670370129573e+00	9.980620452281911970e-01	1.233552360272351933e+00	1.678522645642732014e+00
1.159488185287973927e+00	9.952629422889438526e-01	1.229685408470208907e+00	1.689677320780827330e+00
1.159100483848313878e+00	9.975338515179014154e-01	1.230456179279189488e+00	1.689097534027528047e+00
1.157858447983166394e+00	9.973921417500979381e-01	1.232623550883342523e+00	1.689981739640286973e+00
1.149384965865667629e+00	9.989247716353554241e-01	1.235376814079664154e+00	1.694386794562896315e+00
1.155959834480930537e+00	9.916373667488381782e-01	1.235578686218308908e+00	1.695546741385399514e+00
1.159416250562968154e+00	9.956397099640980075e-01	1.229577878805471203e+00	1.694899298106052443e+00
1.157509306185046105e+00	9.980969933625746249e-01	1.232409970695028001e+00	1.691795389592652521e+00
1.156334129354776419e+00	9.974780902362644364e-01	1.233236031604314720e+00	1.692813712924648106e+00
1.155994117657666465e+00	9.984485025372067390e-01	1.233650066468981121e+00	1.691788502320302978e+00
1.156550306807484274e+00	9.963126611877906047e-01	1.235579191935096022e+00	1.691941448068320364e+00
1.155538131423190285e+00	9.976021736070039836e-01	1.232374038797498850e+00	1.695534499536362816e+00
1.158117337270301084e+00	9.970341763193398821e-01	1.234847502674248698e+00	1.691737211493059112e+00
1.154859700267203193e+00	9.997300318571883393e-01	1.233667612953626591e+00	1.694490530537411832e+00
1.153310385222807044e+00	9.972463916177569665e-01	1.238325596504857629e+00	1.694477550443012515e+00
1.163236367366742519e+00	9.926719411216042843e-01	1.232688007254978846e+00	1.696856760229835226e+00
1.178882664871342190e+00	1.000088240666008987e+00	1.224087672307839769e+00	1.686542103855186880e+00
1.192305694577863395e+00	1.009811696940113412e+00	1.225545723218995686e+00	1.669713197710009256e+00
1.178711118235861610e+00	1.023654806431972597e+00	1.234921778062466613e+00	1.669487641999563232e+00
1.188426280421412073e+00	1.005849768798698474e+00	1.247263464850896231e+00	1.676799443164103565e+00
1.190761395452595961e+00	1.017856969028187564e+00	1.229451800754007396e+00	1.691928766938267659e+00
1.198859248104078068e+00	1.022568078844922512e+00	1.244442297936977582e+00	1.675469721196973127e+00
1.195148870720084355e+00	1.027215580559368346e+00	1.245704715454849731e+00	1.687326291479130047e+00
1.222696126600420152e+00	1.018483536724637650e+00	1.246034557353124850e+00	1.684333842446112284e+00
1.213378679679302685e+00	1.049100034119353264e+00	1.238778095123941769e+00	1.686506665732514509e+00
1.202487772398360244e+00	1.043289696847189862e+00	1.274350383096194861e+00	1.682835814039226552e+00
1.200732713147046882e+00	1.031477679941487313e+00	1.267754139012339909e+00	1.719051012319685157e+00
1.215454300555252942e+00	1.036298701846367187e+00	1.261939240990428646e+00	1.718963406821504059e+00
1.220692536171679610e+00	1.049710443746795230e+00	1.265377369909868044e+00	1.711466878754805077e+00
1.218394940159728934e+00	1.053456721620159131e+00	1.277579795036425381e+00	1.713404605011413118e+00
1.270944271860726005e+00	1.035754634165531485e+00	1.266757768395856187e+00	1.709901344432095627e+00
1.234624218180256028e+00	1.096499565114038788e+00	1.259179810750567174e+00	1.709886991366053266e+00
1.229104097723015432e+00	1.061278454525238502e+00	1.322052797305035554e+00	1.704051731002331316e+00
1.239320820382992849e+00	1.051554818509766287e+00	1.282075927592162268e+00	1.761880576607017357e+00
1.260110194787295246e+00	1.076223557858198010e+00	1.283680867024629357e+00	1.728927274399006730e+00
1.252686267289157218e+00	1.087792938678749488e+00	1.301013782425944232e+00	1.724919894283563515e+00
1.254653692808050502e+00	1.078576697060940726e+00	1.310787954134831956e+00	1.740472328964177029e+00
1.290109593131889332e+00	1.076202235885860725e+00	1.295941922653707890e+00	1.741522541045253947e+00
1.255622584626385319e+00	1.119158922811125167e+00	1.303789519904646532e+00	1.739965587925942136e+00
1.257139279233778995e+00	1.084544703895081952e+00	1.344999624834417151e+00	1.746690859032477006e+00
1.242581839488390960e+00	1.091521797863545196e+00	1.317512123486344722e+00	1.793616693494926473e+00
1.267009234812681351e+00	1.087756812437932652e+00	1.330373765605239234e+00	1.769470565874386780e+00
1.249404741819926556e+00	1.107302755004107908e+00	1.325180559884767240e+00	1.782370146507342712e+00
1.252418338478354487e+00	1.093788799535384326e+00	1.347068912060167989e+00	1.779175707141591900e+00
1.250110369093212492e+00	1.096162411038731577e+00	1.333926949796615302e+00	1.800144970015155943e+00
1.271970309102711472e+00	1.095806994831671544e+00	1.335368324675108687e+00	1.785075563475377436e+00
1.259484683201811395e+00	1.114431125126167155e+00	1.334499402372204768e+00	1.787336149588093726e+00
1.252990336080789691e+00	1.104776048049750159e+00	1.354911353791542039e+00	1.789006627689881279e+00
1.242593593380102890e+00	1.101463829321461141e+00	1.350211856929303567e+00	1.811315558705749895e+00
1.256023973538584082e+00	1.095388622490620412e+00	1.349723194422990602e+00	1.807436271538232386e+00
1.263887869692807309e+00	1.104746478823465994e+00	1.340159508066603333e+00	1.803921644139050429e+00
1.247781704486984333e+00	1.114069253830613615e+00	1.352772379092319621e+00	1.799865950136072978e+00
1.254020939669240775e+00	1.097799901492273911e+00	1.357494536485640557e+00	1.808030878801617503e+00
1.256308912230557739e+00	1.104921868569702426e+00	1.345196560753910697e+00	1.812837956893920577e+00
1.252614383560223477e+00	1.108761853682701526e+00	1.353601292834465397e+00	1.804880555032395861e+00
1.251030483844326247e+00	1.104021813812689823e+00	1.354990158674435285e+00	1.810810003993762685e+00
1.249985406092540829e+00	1.104583028396014743e+00	1.353357986421403147e+00	1.812974927337919873e+00
1.251026355451128280e+00	1.104224589029709325e+00	1.353763891784666828e+00	1.811909029390949888e+00
1.250841544554751383e+00	1.104449541425339909e+00	1.353620238567348144e+00	1.812029828583941127e+00
1.250099909334818404e+00	1.104797972840838360e+00	1.353472928329391367e+00	1.812460912311741890e+00
1.253559105846491661e+00	1.102650383492400410e+00	1.353572671926008830e+00	1.811125634594448641e+00
1.254138445066047103e+00	1.107437155562520426e+00	1.349123846971328700e+00	1.810684097722863539e+00
1.252367819362581125e+00	1.108326627802554087e+00	1.356117700145201832e+00	1.805040191648496606e+00
1.254972654201470528e+00	1.103193256273366840e+00	1.353810270987688913e+00	1.811783039557901542e+00
1.255169943794801846e+00	1.109212790365746493e+00	1.350373483338095593e+00	1.810302054052093546e+00
1.249132283195741655e+00	1.109808725782070793e+00	1.358828854975028033e+00	1.808132309773864632e+00
1.242644552455666185e+00	1.103149248168042496e+00	1.360821578694377365e+00	1.819602893502826779e+00
1.258620089088829275e+00	1.097814510828344803e+00	1.352500822238234868e+00	1.818397299975016423e+00
1.267827566912140380e+00	1.113271806913094242e+00	1.343188572348145149e+00	1.805819006744353361e+00
1.273003705845886735e+00	1.117574107987460597e+00	1.353825135799342272e+00	1.791337294461817109e+00
1.287198909747455655e+00	1.115123429207581118e+00	1.348675965340448091e+00	1.795053494411847916e+00
1.277427482325533381e+00	1.133353947998193556e+00	1.350571198116167437e+00	1.793709648644345789e+00
1.271878566872877814e+00	1.123478487365682232e+00	1.371219960513740510e+00	1.797412074129239201e+00
1.273496052130810074e+00	1.118729444314963573e+00	1.361572675183978731e+00	1.819282527968016927e+00
1.290048137243283710e+00	1.125638897641355607e+00	1.358747127460584236e+00	1.807459052434923663e+00
1.300230554278801298e+00	1.136542445984324301e+00	1.358607284721332853e+00	1.798806579924186577e+00
1.303177857592894284e+00	1.143343198080102541e+00	1.366029286065402415e+00	1.796046007240654552e+00
1.308465278446097946e+00	1.144361048053435859e+00	1.370381860069791014e+00	1.801346379716542323e+00
1.314369716277631772e+00	1.150554060100873466e+00	1.371245809704535690e+00	1.804731050682291560e+00
1.310320454098098608e+00	1.158554099035714158e+00	1.380005616664038648e+00	1.807653583586076085e+00
1.305366561548647830e+00	1.156433473088540165e+00	1.390708543990931689e+00	1.818809007884889084e+00
1.323173854270545569e+00	1.152022964666799210e+00	1.386427719025948857e+00	1.825423668389518417e+00
1.320956383342456686e+00	1.172736194151786870e+00	1.384874638678867065e+00	1.823140565784299616e+00
1.311977499179170836e+00	1.171385840946118417e+00	1.407801100292766172e+00	1.824347644003380564e+00
1.318647767138756421e+00	1.161595256796535525e+00	1.404700068959235937e+00	1.845086956505680220e+00
1.333945602910142414e+00	1.172801980768459984e+00	1.396708516967349212e+00	1.840350772862528794e+00
1.384166591273497948e+00	1.175438551279558874e+00	1.389509213830881995e+00	1.814207647189385098e+00
1.370819343214053410e+00	1.219067983816281231e+00	1.388210171953380812e+00	1.806730944994962673e+00
1.379147222664406147e+00	1.201879300606383927e+00	1.425886087693321480e+00	1.801087278855065366e+00
1.381529260455847341e+00	1.207725399052244963e+00	1.406466811000401940e+00	1.836082363039413634e+00
1.361693860428906611e+00	1.225594862983954814e+00	1.430404938969448425e+00	1.830335479687938305e+00
1.369288427246887929e+00	1.203048173960189704e+00	1.443284145343854519e+00	1.849796407121376829e+00
1.353359151517778081e+00	1.219897430713411612e+00	1.433193791103382742e+00	1.871374729819693883e+00
1.323326420135681136e+00	1.217377504535481769e+00	1.466082456405390033e+00	1.876372502734698244e+00
1.338801945043259556e+00	1.188003255153732507e+00	1.460418060810817487e+00	1.902547231019278140e+00
1.332835485170262846e+00	1.213104420881838452e+00	1.442405605580308947e+00	1.904086087128439964e+00
1.350622641733348672e+00	1.205503012973253130e+00	1.460251268954568804e+00	1.880745490446120494e+00
1.346763129428084849e+00	1.214549430698295351e+00	1.447038737516531004e+00	1.895320216200826247e+00
1.368453733582054133e+00	1.212900426667896658e+00	1.452004624559762869e+00	1.877501382176047340e+00
1.376213555333011707e+00	1.225835295516663592e+00	1.441550478284874259e+00	1.876923058701380320e+00
1.367623412658177884e+00	1.233909917919495669e+00	1.456140471036360573e+00	1.870535095466042463e+00
1.355769686135090746e+00	1.226211185225650979e+00	1.465405723517290593e+00	1.886756807782783429e+00
1.347156589090204415e+00	1.222228706852452440e+00	1.466847829115140112e+00	1.899952357298664518e+00
1.347403625387430193e+00	1.218573265056118515e+00	1.467444861437601888e+00	1.903083981522089241e+00
1.348775114772902795e+00	1.219379153243296043e+00	1.464898193408149751e+00	1.903587781660879275e+00
1.349015394007585966e+00	1.220521926908163968e+00	1.465575127175104742e+00	1.901616340239181691e+00
1.349695357967120701e+00	1.220113237520920935e+00	1.465637359162428321e+00	1.901625597055031980e+00
1.350483087776444879e+00	1.220360364049947854e+00	1.465129883905237129e+00	1.901408402257315444e+00
1.350510209191537525e+00	1.220520727250821613e+00	1.465159332172527362e+00	1.901273596348989292e+00
1.351510351457378301e+00	1.220383596802949722e+00	1.464549225244469399e+00	1.900939466101831288e+00
1.354825657861558952e+00	1.221889107478106196e+00	1.462786562161322523e+00	1.898295345729376971e+00
1.350634011700200254e+00	1.226593067527795178e+00	1.465101539125348795e+00	1.896032583352277534e+00
1.352494993195862971e+00	1.219566953416081123e+00	1.469808280764742792e+00	1.897984399251673837e+00
1.356530898885313308e+00	1.222002380620862638e+00	1.460424315188965316e+00	1.903066980374588546e+00
1.362069834336113061e+00	1.227869745683810798e+00	1.463597059160042013e+00	1.891112875307564112e+00
1.373226989064581183e+00	1.227616084587438872e+00	1.461829881337477932e+00	1.888677372074437200e+00
1.373860711706393900e+00	1.239282467241490160e+00	1.460373493222739683e+00	1.885962954171846784e+00
1.373336048984368007e+00	1.239100070294878897e+00	1.472564605124908388e+00	1.883954489157874779e+00
1.362779009647855810e+00	1.239830379809685690e+00	1.475253017384265730e+00	1.900268290951609096e+00
1.357332760106486846e+00	1.235031946165242145e+00	1.484085371818225862e+00	1.908221190342019868e+00
1.364040551859763584e+00	1.230573017211151976e+00	1.479602447423024048e+00	1.917297253529028467e+00
1.362688745920422217e+00	1.241092310987689018e+00	1.478655299802712708e+00	1.914814816269887920e+00
1.368707198874012487e+00	1.237659740034279476e+00	1.486821129655820251e+00	1.911417969623475654e+00
1.379844235503566274e+00	1.240677336093504834e+00	1.478172756843134872e+00	1.915789465518359158e+00
1.389146596442713433e+00	1.251927322260960374e+00	1.479716022174988099e+00	1.904705084846259888e+00
1.399928487838705493e+00	1.255722321163475819e+00	1.483723909771905047e+00	1.900729391075018926e+00
1.412205294689760082e+00	1.263020111761628206e+00	1.481973334174193413e+00	1.900225000220591598e+00
1.420705614265383332e+00	1.273690354145422310e+00	1.486332736875304761e+00	1.895657317900379724e+00
1.440847073249138965e+00	1.276588089708668994e+00	1.488504790314222337e+00	1.892852154273890530e+00
1.433307023121513923e+00	1.297778653444089603e+00	1.493161410412293444e+00	1.896924770118488368e+00
1.448230274853091970e+00	1.288336694925930503e+00	1.510646728403354677e+00	1.897679535641881188e+00
1.430222129881324022e+00	1.307227455941288863e+00	1.508025755772518073e+00	1.921093254144773388e+00
1.437572178370434051e+00	1.294911955090982669e+00	1.532817761325297123e+00	1.920705185679417504e+00
1.440556430579845282e+00	1.301569715618355660e+00	1.519206331031489166e+00	1.944568185658434922e+00
1.439152942288485226e+00	1.312318914353919119e+00	1.535256218579692078e+00	1.935848407100213997e+00
1.432084703704516127e+00	1.309573576144582141e+00	1.545372379755725500e+00	1.952428507948510417e+00
1.469818754789325554e+00	1.300371185736961310e+00	1.534563822272459577e+00	1.953326315180394790e+00
1.477781606152275273e+00	1.336237572017496822e+00	1.522830078312338742e+00	1.940283506471496722e+00
1.458193954594259711e+00	1.343974157290536153e+00	1.560434135804305678e+00	1.932741987222016178e+00
1.481234439964089544e+00	1.318179781161704867e+00	1.557080107949328607e+00	1.959942032629538922e+00
1.475384139794273075e+00	1.350874317934247060e+00	1.543195682176448313e+00	1.963723820928890529e+00
1.507027478964284128e+00	1.340960675618494857e+00	1.563459430458870703e+00	1.940140274936835496e+00
1.510359930070344081e+00	1.363444592644945663e+00	1.544270221814838084e+00	1.954660924337880745e+00
1.496613339414719190e+00	1.373613764410734017e+00	1.576408241585319114e+00	1.943368242698084503e+00
1.502956636083541575e+00	1.355790041343495789e+00	1.579597652059071544e+00	1.970133227066968251e+00
1.507211697238139525e+00	1.370179289900295805e+00	1.570407286344859044e+00	1.975571863524078209e+00
1.515059023962145091e+00	1.374659428731145772e+00	1.582784998332502635e+00	1.964893723014807803e+00
1.482624016995312211e+00	1.383745015985849758e+00	1.595878639948439925e+00	1.985911630066006683e+00
1.474367198998944861e+00	1.361513494692935033e+00	1.615119736385814520e+00	2.004034305392243365e+00
1.470164844813780070e+00	1.359990443886527123e+00	1.602623558701252948e+00	2.026360521688183258e+00
1.477348616511615420e+00	1.361385513961334670e+00	1.606318801753698011e+00	2.016642540124577554e+00
1.481080944603801575e+00	1.364309300497365651e+00	1.602717616442754345e+00	2.017157038179331785e+00
1.491206470168895848e+00	1.365731315984989536e+00	1.601452189943118665e+00	2.011016063940010312e+00
1.489074004382703764e+00	1.373083667462897450e+00	1.601444500996886511e+00	2.009626574992524173e+00
1.488120351148779053e+00	1.371181472016279601e+00	1.607350647973214475e+00	2.009700555523351806e+00
1.481881147319623837e+00	1.371676702373582968e+00	1.608399628604094245e+00	2.016022350570081834e+00
1.478194207906845303e+00	1.369413845656453077e+00	1.611936649451126913e+00	2.018638988951715341e+00
1.476517723636513235e+00	1.368173559250372318e+00	1.611930596474401733e+00	2.021313808660853084e+00
1.476501316097104999e+00	1.368015662043720715e+00	1.611908121415165152e+00	2.021416977234452794e+00
1.475256098775192148e+00	1.368253184575024761e+00	1.612855651244990973e+00	2.021735781122000475e+00
1.472501966573273480e+00	1.366311503826207918e+00	1.614721130464886967e+00	2.024697128181412786e+00
1.476424539437450223e+00	1.362269315476552833e+00	1.612039985741728687e+00	2.027703133765498933e+00
1.480558844731872714e+00	1.367612281418875808e+00	1.606621252421881030e+00	2.024011782003619420e+00
1.472824821470058998e+00	1.373433931835521982e+00	1.614324546257579707e+00	2.018154729089236099e+00
1.477233482649473295e+00	1.361265772937683138e+00	1.617134027355999315e+00	2.024466112450875599e+00
1.488141847080591829e+00	1.365880171980335067e+00	1.601918118161526516e+00	2.026363227685083146e+00
1.492711699002893244e+00	1.377761033453921424e+00	1.606372371533524746e+00	2.008321634561617053e+00
1.490570259932124886e+00	1.377607308000233788e+00	1.613463328810767594e+00	2.009036642072390411e+00
1.483953196605577896e+00	1.377103556351120250e+00	1.615804971256428413e+00	2.018852337031927124e+00
1.474715989447822562e+00	1.375231527878756799e+00	1.622045121965985492e+00	2.026539452694679611e+00
1.495959810864520678e+00	1.362550460524040385e+00	1.615710222227754622e+00	2.029275200580073157e+00
1.502992226645581963e+00	1.384282169583238797e+00	1.600846855445433148e+00	2.021268392642724621e+00
1.507484910403602330e+00	1.388218793619774294e+00	1.619498803815098809e+00	2.002109558807026346e+00
1.534746254452304504e+00	1.380514856089014586e+00	1.607748572782864205e+00	2.008715433592798139e+00
1.545186313610357409e+00	1.408259658099173750e+00	1.598553124876067377e+00	1.995061285908930282e+00
1.545358366205471068e+00	1.414976840575196793e+00	1.622760649935055755e+00	1.981945029184260854e+00
1.539836278430432026e+00	1.412683064024534918e+00	1.627191218292450392e+00	2.005336099861117383e+00
1.563040044035269194e+00	1.407871052364719988e+00	1.624860307392547609e+00	2.008944778738315229e+00
1.585671100696341096e+00	1.426304912276047610e+00	1.613607143096649210e+00	2.000805194160115708e+00
1.588000054217209245e+00	1.446307019002309513e+00	1.628964106134645151e+00	1.986593219451215475e+00
1.580411064545094613e+00	1.446662481849081860e+00	1.647256014119509837e+00	2.000870101737392215e+00
1.536126199137332948e+00	1.455944885466826877e+00	1.666462835757648753e+00	2.034492099115757124e+00
1.545191515385004433e+00	1.417263507676079559e+00	1.684228031599109610e+00	2.061013942277865496e+00
1.555278409556893227e+00	1.430445440771584087e+00	1.650517082488741405e+00	2.084173006425725561e+00
1.570017343464934934e+00	1.442537691356697627e+00	1.666388062877696807e+00	2.053254252413801773e+00
1.588810484852960281e+00	1.443428666530907289e+00	1.662227047534770019e+00	2.055416932011836284e+00
1.545796571021021082e+00	1.474115465830803329e+00	1.677906410186744468e+00	2.063631142104938032e+00
1.546480820112117627e+00	1.433591917469422050e+00	1.710664157918885708e+00	2.081210334951792085e+00
1.564358879395447488e+00	1.433939820491900052e+00	1.670790289113119442e+00	2.113367461944138270e+00
1.573237534851946728e+00	1.458109043854803666e+00	1.678617772146408615e+00	2.080359425953939745e+00
1.557933311375238272e+00	1.461625900636786435e+00	1.696853514145831854e+00	2.083621794384097559e+00
1.578182246657956034e+00	1.442299038349228235e+00	1.695061283855867629e+00	2.096005920184633720e+00
1.587756332630743339e+00	1.462773985595489323e+00	1.677161863840452405e+00	2.094664785051311373e+00
1.577611057882741585e+00	1.474329328247106607e+00	1.699342450567808305e+00	2.080328034343017496e+00
1.581196685839985072e+00	1.459423838620508063e+00	1.705287204751622987e+00	2.096713060013598362e+00
1.592655860444307958e+00	1.464617514785923280e+00	1.692354470772489128e+00	2.102887055756597068e+00
1.592780369463608903e+00	1.477232037637626449e+00	1.698874414532830501e+00	2.092260147028531136e+00
1.597544447953473945e+00	1.472795978175741149e+00	1.706472288947280092e+00	2.094147154923353682e+00
1.593135970264277335e+00	1.478967295738682575e+00	1.704139751153455951e+00	2.103046543987598049e+00
1.586746183291178003e+00	1.479348115701049293e+00	1.713923463499823052e+00	2.105151006453975793e+00
1.575418196469430709e+00	1.477400690554536711e+00	1.718009418852527448e+00	2.117961941397896286e+00
1.577202857129996527e+00	1.470429266809703206e+00	1.719082730435903761e+00	2.124239164071769270e+00
1.580800892509944378e+00	1.472687285256040202e+00	1.713590411411268777e+00	2.125605027795745450e+00
1.586592332269115779e+00	1.474415597379546750e+00	1.714182582745216177e+00	2.119543964567771610e+00
1.584219305141482126e+00	1.478247166826635484e+00	1.714847275807476867e+00	2.119342607736854678e+00
1.584279193037087197e+00	1.476379822384759732e+00	1.717697414823745383e+00	2.119785328837601845e+00
1.580867426702442069e+00	1.477482165461023955e+00	1.717503612998575679e+00	2.122811788223271989e+00
1.579912434556633105e+00	1.476444314231422750e+00	1.718823716647931432e+00	2.123451270574143290e+00
1.579917025502348471e+00	1.476373326650309847e+00	1.718745016266386427e+00	2.123587312380252445e+00
1.580664517017430271e+00	1.475749163464548319e+00	1.718815859119702694e+00	2.123716012289902810e+00
1.578298999905393352e+00	1.478069011328749349e+00	1.718268372959286028e+00	2.124639242757468072e+00
1.577330114114285919e+00	1.475162365572360690e+00	1.722489687829461102e+00	2.124502101188508796e+00
1.577586242856667376e+00	1.473739085545310967e+00	1.718470631241344249e+00	2.130023888488315809e+00
1.579828378643301834e+00	1.475506098041119651e+00	1.718079610736268359e+00	2.126320787516775557e+00
1.570703971919473751e+00	1.479426138659731604e+00	1.721502988902741782e+00	2.127279098904362620e+00
1.581986090367076603e+00	1.466210786367322161e+00	1.723045976238054555e+00	2.128142190462543049e+00
1.605615087423603482e+00	1.472061966532596688e+00	1.702509482143041764e+00	2.122845076079240112e+00
1.605423313241528094e+00	1.496751369383020558e+00	1.707365045784791313e+00	2.098235499319289321e+00
1.603233658815282237e+00	1.488951664266439767e+00	1.728546539904330714e+00	2.095809712372392219e+00
1.605481830869191384e+00	1.485080113639760890e+00	1.718901982154587227e+00	2.117283139981168016e+00
1.619523745829351657e+00	1.490474172254135032e+00	1.716947042845580862e+00	2.109522941452756317e+00
1.623656080988119310e+00	1.501511233016004754e+00	1.719691714592035403e+00	2.103634745352051638e+00
1.618791054862043000e+00	1.505466577928386673e+00	1.731054650046260690e+00	2.106154314957850104e+00
1.625707003063877609e+00	1.498998208261981047e+00	1.734164085789842158e+00	2.116724840440085575e+00
1.593373836571586599e+00	1.519486103735230964e+00	1.738054838592122842e+00	2.133269215522124451e+00
1.620602633126697389e+00	1.483729201599722325e+00	1.756144526534885175e+00	2.134114919285011069e+00
1.639723778012732724e+00	1.506542423810958375e+00	1.714669424924740504e+00	2.146748286962128827e+00
1.678615571414431296e+00	1.517437856975911492e+00	1.730226056761961173e+00	2.097510277433535464e+00
1.661848838285571617e+00	1.549246336259768153e+00	1.732656089422190293e+00	2.103017889273462782e+00
1.683093910750948385e+00	1.527248767228691184e+00	1.759815994867238720e+00	2.101379689796390338e+00
1.678348260515615475e+00	1.549772158807429356e+00	1.738575825605897185e+00	2.129712267128467840e+00
1.675349383151205629e+00	1.553315889700549679e+00	1.771143084969296622e+00	2.117150979494347052e+00
1.677932727996999551e+00	1.546210147259079015e+00	1.769970057643389438e+00	2.145801716471134490e+00
1.648431258043095760e+00	1.565045025970922321e+00	1.781191303559878980e+00	2.160382675415579268e+00
1.640452102886634345e+00	1.541721276267850049e+00	1.807180394214195296e+00	2.177796212564785616e+00
1.634197114039685816e+00	1.540095827153578067e+00	1.791374222263840021e+00	2.210453367436267857e+00
1.668325207203744442e+00	1.532253248189031636e+00	1.789023166727251146e+00	2.195919219929323596e+00
1.661139356499142128e+00	1.564452747251586562e+00	1.778955962235718502e+00	2.191110842104990741e+00
1.662139630180846206e+00	1.555941587241099988e+00	1.808721668743065392e+00	2.179556735115049548e+00
1.658014018534569312e+00	1.555309554531959959e+00	1.798066784773963311e+00	2.206396503934486830e+00
1.655175129304861770e+00	1.558646171163362792e+00	1.807184908618274521e+00	2.204208591537188067e+00
1.678933955601785488e+00	1.548613427004094101e+00	1.801760357646045696e+00	2.206427740582768582e+00
1.689584454583525686e+00	1.568894810542322604e+00	1.789295476083155201e+00	2.199145295023985813e+00
1.677865432763736564e+00	1.580758872311023966e+00	1.810181716404410723e+00	2.188209089233208005e+00
1.707526720862895919e+00	1.558987269902341932e+00	1.808206715608937198e+00	2.196653316838424796e+00
1.687063634819010671e+00	1.593833172272057341e+00	1.797469302561142124e+00	2.202902657257762797e+00
1.678814026959522865e+00	1.578126457136297178e+00	1.834907645402167553e+00	2.196857207905069664e+00
1.678113889014831051e+00	1.569093535370452042e+00	1.818611030603456413e+00	2.230451206711173029e+00
1.681523069972053364e+00	1.576791492602979572e+00	1.819843217014097903e+00	2.221817641573617053e+00
1.691242279266773618e+00	1.575236137331161190e+00	1.820839821448243523e+00	2.218273075764996882e+00
1.691984849020665926e+00	1.582864864470626021e+00	1.818093935095110636e+00	2.218196351506168451e+00
1.681953368154255113e+00	1.585912459884670556e+00	1.828125042564259894e+00	2.218677419097439873e+00
1.673566946052006843e+00	1.579528221576144809e+00	1.833622542454677040e+00	2.229739230482030710e+00
1.663640067300179659e+00	1.577774411269199151e+00	1.834680562819082317e+00	2.239254480530786129e+00
1.668627885630980634e+00	1.570415014522916541e+00	1.834206232958276450e+00	2.240937946497791877e+00
1.673190865418171303e+00	1.573235857212310851e+00	1.827661310482584511e+00	2.239761838091613111e+00
1.674641418212466037e+00	1.575676345661196187e+00	1.828826655597642681e+00	2.234811993039747424e+00
1.675066646858741626e+00	1.575667965175912233e+00	1.829114278448068065e+00	2.234583334461972104e+00
1.675066646858741626e+00	1.575667965175912233e+00	1.829114278448068065e+00	2.234583334461972104e+00
