# Time	FTRLS_Output	FTRLS_Error
0.000000000000000000e+00	0.000000000000000000e+00	0.000000000000000000e+00
2.004008016032063962e-03	0.000000000000000000e+00	0.000000000000000000e+00
4.008016032064127925e-03	0.000000000000000000e+00	0.000000000000000000e+00
6.012024048096191453e-03	0.000000000000000000e+00	0.000000000000000000e+00
8.016032064128255849e-03	0.000000000000000000e+00	2.491776942772521153e-01
1.002004008016032024e-02	0.000000000000000000e+00	3.096156970540305808e-01
1.202404809619238291e-02	0.000000000000000000e+00	3.688268873949134274e-01
1.402805611222444730e-02	0.000000000000000000e+00	4.265766485626177884e-01
1.603206412825651170e-02	0.000000000000000000e+00	4.826361545452694246e-01
1.803607214428857436e-02	0.000000000000000000e+00	5.367832767500868574e-01
2.004008016032064049e-02	0.000000000000000000e+00	5.888034641594024343e-01
2.204408817635270315e-02	0.000000000000000000e+00	6.384905934615150436e-01
2.404809619238476581e-02	0.000000000000000000e+00	6.856477857878410243e-01
2.605210420841683194e-02	0.000000000000000000e+00	7.300881868201455349e-01
2.805611222444889460e-02	0.000000000000000000e+00	7.716357071767807607e-01
3.006012024048096073e-02	0.000000000000000000e+00	8.101257201442466638e-01
3.206412825651302340e-02	0.000000000000000000e+00	8.454057139893990103e-01
3.406813627254508953e-02	0.000000000000000000e+00	8.773358962676062189e-01
3.607214428857714872e-02	0.000000000000000000e+00	9.057897477323568758e-01
3.807615230460921485e-02	0.000000000000000000e+00	9.306545236515261221e-01
4.008016032064128098e-02	0.000000000000000000e+00	9.518317005438962086e-01
4.208416833667334017e-02	0.000000000000000000e+00	9.692373665657978421e-01
4.408817635270540630e-02	0.000000000000000000e+00	9.828025540010142391e-01
4.609218436873747243e-02	0.000000000000000000e+00	9.924735125364989585e-01
4.809619238476953162e-02	0.000000000000000000e+00	9.982119222410880122e-01
5.010020040080159776e-02	0.000000000000000000e+00	9.999950454033060820e-01
5.210420841683366389e-02	0.000000000000000000e+00	9.978158166266277718e-01
5.410821643286573002e-02	0.000000000000000000e+00	9.916828708252043434e-01
5.611222444889778921e-02	0.000000000000000000e+00	9.816205090091248975e-01
5.811623246492985534e-02	0.000000000000000000e+00	9.676686019947848827e-01
6.012024048096192147e-02	0.000000000000000000e+00	9.498824324218970716e-01
6.212424849699398066e-02	0.000000000000000000e+00	9.283324757031317098e-01
6.412825651302604679e-02	0.000000000000000000e+00	9.031041207743439880e-01
6.613226452905811292e-02	0.000000000000000000e+00	8.742973317518829557e-01
6.813627254509017905e-02	0.000000000000000000e+00	8.420262518376188110e-01
7.014028056112224518e-02	0.000000000000000000e+00	8.064187510411645610e-01
7.214428857715429744e-02	0.000000000000000000e+00	7.676159195113849698e-01
7.414829659318636357e-02	0.000000000000000000e+00	7.257715084848020970e-01
7.615230460921842970e-02	0.000000000000000000e+00	6.810513210660663619e-01
7.815631262525049583e-02	0.000000000000000000e+00	6.336325552544489481e-01
8.016032064128256196e-02	0.000000000000000000e+00	5.837031018195268928e-01
8.216432865731462809e-02	0.000000000000000000e+00	5.314607998081383178e-01
8.416833667334668034e-02	0.000000000000000000e+00	4.771126526325698558e-01
8.617234468937874647e-02	0.000000000000000000e+00	4.208740078461167267e-01
8.817635270541081260e-02	0.000000000000000000e+00	3.629677038560651936e-01
9.018036072144287874e-02	0.000000000000000000e+00	3.036231869551174190e-01
9.218436873747494487e-02	0.000000000000000000e+00	2.430756021699280456e-01
9.418837675350701100e-02	0.000000000000000000e+00	1.815648615291338697e-01
9.619238476953906325e-02	0.000000000000000000e+00	1.193346934427514661e-01
9.819639278557112938e-02	0.000000000000000000e+00	5.663167695965546505e-02
1.002004008016031955e-01	0.000000000000000000e+00	-6.295735270235434944e-03
1.022044088176352616e-01	0.000000000000000000e+00	-6.919820145767352493e-02
1.042084168336673278e-01	0.000000000000000000e+00	-1.318264786589022630e-01
1.062124248496993939e-01	0.000000000000000000e+00	-1.939324103688077616e-01
1.082164328657314600e-01	0.000000000000000000e+00	-2.552699098092011676e-01
1.102204408817635123e-01	0.000000000000000000e+00	-3.155959350160733590e-01
1.122244488977955784e-01	0.000000000000000000e+00	-3.746714518621622192e-01
1.142284569138276445e-01	0.000000000000000000e+00	-4.322623811989839693e-01
1.162324649298597107e-01	0.000000000000000000e+00	-4.881405263653948445e-01
1.182364729458917768e-01	0.000000000000000000e+00	-5.420844773875563849e-01
1.202404809619238429e-01	0.000000000000000000e+00	-5.938804882875187152e-01
1.222444889779558952e-01	0.000000000000000000e+00	-6.433233240242077766e-01
1.242484969939879613e-01	0.000000000000000000e+00	-6.902170737109196708e-01
1.262525050100200275e-01	0.000000000000000000e+00	-7.343759268870442281e-01
1.282565130260520936e-01	0.000000000000000000e+00	-7.756249097681554572e-01
1.302605210420841597e-01	0.000000000000000000e+00	-8.138005785571592599e-01
1.322645290581162258e-01	0.000000000000000000e+00	-8.487516670693467935e-01
1.342685370741482920e-01	0.000000000000000000e+00	-8.803396861052278366e-01
1.362725450901803581e-01	0.000000000000000000e+00	-9.084394721961953634e-01
1.382765531062124242e-01	0.000000000000000000e+00	-9.329396835486949424e-01
1.402805611222444904e-01	0.000000000000000000e+00	-9.537432412217839994e-01
1.422845691382765287e-01	0.000000000000000000e+00	-9.707677137899660691e-01
1.442885771543085949e-01	0.000000000000000000e+00	-9.839456439671284693e-01
1.462925851703406610e-01	0.000000000000000000e+00	-9.932248158973743246e-01
1.482965931863727271e-01	0.000000000000000000e+00	-9.985684620536464662e-01
1.503006012024047933e-01	0.000000000000000000e+00	-9.999554089243304356e-01
1.523046092184368594e-01	0.000000000000000000e+00	-9.973801609105754640e-01
1.543086172344689255e-01	0.000000000000000000e+00	-9.908529221018993471e-01
1.563126252505009917e-01	0.000000000000000000e+00	-9.803995558437935687e-01
1.583166332665330578e-01	0.000000000000000000e+00	-9.660614822575389615e-01
1.603206412825651239e-01	0.000000000000000000e+00	-9.478955141182946464e-01
1.623246492985971901e-01	0.000000000000000000e+00	-9.259736317417722740e-01
1.643286573146292562e-01	0.000000000000000000e+00	-9.003826977714798341e-01
1.663326653306613223e-01	0.000000000000000000e+00	-8.712241129966533659e-01
1.683366733466933607e-01	0.000000000000000000e+00	-8.386134145646509941e-01
1.703406813627254268e-01	0.000000000000000000e+00	-8.026798181798437959e-01
1.723446893787574929e-01	0.000000000000000000e+00	-7.635657061029866854e-01
1.743486973947895591e-01	0.000000000000000000e+00	-7.214260629797917268e-01
1.763527054108216252e-01	0.000000000000000000e+00	-6.764278617341756838e-01
1.783567134268536913e-01	0.000000000000000000e+00	-6.287494019594931371e-01
1.803607214428857575e-01	0.000000000000000000e+00	-5.785796034292984835e-01
1.823647294589178236e-01	0.000000000000000000e+00	-5.261172575270021134e-01
1.843687374749498897e-01	0.000000000000000000e+00	-4.715702395605468888e-01
1.863727454909819559e-01	0.000000000000000000e+00	-4.151546850831990265e-01
1.883767535070140220e-01	0.000000000000000000e+00	-3.570941334841726267e-01
1.903807615230460881e-01	0.000000000000000000e+00	-2.976186422425113887e-01
1.923847695390781265e-01	0.000000000000000000e+00	-2.369638753538736986e-01
1.943887775551101926e-01	0.000000000000000000e+00	-1.753701695422155149e-01
1.963927855711422588e-01	0.000000000000000000e+00	-1.130815819563882052e-01
1.983967935871743249e-01	0.000000000000000000e+00	-5.034492312502936162e-02
2.004008016032063910e-01	0.000000000000000000e+00	1.259122099845581474e-02
2.024048096192384572e-01	0.000000000000000000e+00	7.547747402581443665e-02
2.044088176352705233e-01	0.000000000000000000e+00	1.380646572558536511e-01
2.064128256513025894e-01	0.000000000000000000e+00	2.001047770130440495e-01
2.084168336673346555e-01	0.000000000000000000e+00	2.613520072906059810e-01
2.104208416833667217e-01	0.000000000000000000e+00	3.215636638044951923e-01
2.124248496993987878e-01	0.000000000000000000e+00	3.805011655987081132e-01
2.144288577154308539e-01	0.000000000000000000e+00	4.379309803916768273e-01
2.164328657314629201e-01	0.000000000000000000e+00	4.936255499179473816e-01
2.184368737474949584e-01	0.000000000000000000e+00	5.473641915985774098e-01
2.204408817635270246e-01	0.000000000000000000e+00	5.989339729675178248e-01
2.224448897795590907e-01	0.000000000000000000e+00	6.481305553891552051e-01
2.244488977955911568e-01	0.000000000000000000e+00	6.947590037239197436e-01
2.264529058116232230e-01	0.000000000000000000e+00	7.386345587337376228e-01
2.284569138276552891e-01	0.000000000000000000e+00	7.795833691667813925e-01
2.304609218436873552e-01	0.000000000000000000e+00	8.174431806207317353e-01
2.324649298597194214e-01	0.000000000000000000e+00	8.520639784550059215e-01
2.344689378757514875e-01	0.000000000000000000e+00	8.833085822045054769e-01
2.364729458917835536e-01	0.000000000000000000e+00	9.110531891395903248e-01
2.384769539078156197e-01	0.000000000000000000e+00	9.351878648184966947e-01
2.404809619238476859e-01	0.000000000000000000e+00	9.556169786884433082e-01
2.424849699398797520e-01	0.000000000000000000e+00	9.722595830094135083e-01
2.444889779559117904e-01	0.000000000000000000e+00	9.850497335991812431e-01
2.464929859719438565e-01	0.000000000000000000e+00	9.939367511286631984e-01
2.484969939879759226e-01	0.000000000000000000e+00	9.988854219322503836e-01
2.505010020040079888e-01	0.000000000000000000e+00	9.998761375374373150e-01
2.525050100200400549e-01	0.000000000000000000e+00	9.969049723608752744e-01
2.545090180360721210e-01	0.000000000000000000e+00	9.899836992629921228e-01
2.565130260521041872e-01	0.000000000000000000e+00	9.791397428995450847e-01
2.585170340681362533e-01	0.000000000000000000e+00	9.644160710549436466e-01
2.605210420841683194e-01	0.000000000000000000e+00	9.458710243879242530e-01
2.625250501002003856e-01	0.000000000000000000e+00	9.235780852641799488e-01
2.645290581162324517e-01	0.000000000000000000e+00	8.976255865919254839e-01
2.665330661322645178e-01	0.000000000000000000e+00	8.681163618140921301e-01
2.685370741482965840e-01	0.000000000000000000e+00	8.351673374440173880e-01
2.705410821643286501e-01	0.000000000000000000e+00	7.989090697591525458e-01
2.725450901803607162e-01	0.000000000000000000e+00	7.594852274885792731e-01
2.745490981963927823e-01	0.000000000000000000e+00	7.170520225441261442e-01
2.765531062124248485e-01	0.000000000000000000e+00	6.717775910507242099e-01
2.785571142284569146e-01	0.000000000000000000e+00	6.238413271286091799e-01
2.805611222444889807e-01	0.000000000000000000e+00	5.734331720671589361e-01
2.825651302605209914e-01	0.000000000000000000e+00	5.207528617069292487e-01
2.845691382765530575e-01	0.000000000000000000e+00	4.660091350120305065e-01
2.865731462925851236e-01	0.000000000000000000e+00	4.094189069688055627e-01
2.885771543086171897e-01	0.000000000000000000e+00	3.512064090880392397e-01
2.905811623246492559e-01	0.000000000000000000e+00	2.916023009164023239e-01
2.925851703406813220e-01	0.000000000000000000e+00	2.308427560776200316e-01
2.945891783567133881e-01	0.000000000000000000e+00	1.691685264648192799e-01
2.965931863727454543e-01	0.000000000000000000e+00	1.068239882920718198e-01
2.985971943887775204e-01	0.000000000000000000e+00	4.405617378502935805e-02
3.006012024048095865e-01	0.000000000000000000e+00	-1.888620765253754344e-02
3.026052104208416527e-01	0.000000000000000000e+00	-8.175375491782087278e-02
3.046092184368737188e-01	0.000000000000000000e+00	-1.442973634288076401e-01
3.066132264529057849e-01	0.000000000000000000e+00	-2.062692121691955816e-01
3.086172344689378511e-01	0.000000000000000000e+00	-2.674237456473428365e-01
3.106212424849699172e-01	0.000000000000000000e+00	-3.275186468783669591e-01
3.126252505010019833e-01	0.000000000000000000e+00	-3.863157975340789085e-01
3.146292585170340494e-01	0.000000000000000000e+00	-4.435822214562700760e-01
3.166332665330661156e-01	0.000000000000000000e+00	-4.990910077948287338e-01
3.186372745490981817e-01	0.000000000000000000e+00	-5.526222101128346331e-01
3.206412825651302478e-01	0.000000000000000000e+00	-6.039637178960695074e-01
3.226452905811623140e-01	0.000000000000000000e+00	-6.529120970136884639e-01
3.246492985971943801e-01	0.000000000000000000e+00	-6.992733957998368277e-01
3.266533066132264462e-01	0.000000000000000000e+00	-7.428639135622178147e-01
3.286573146292585124e-01	0.000000000000000000e+00	-7.835109284724885992e-01
3.306613226452905785e-01	0.000000000000000000e+00	-8.210533819543303080e-01
3.326653306613226446e-01	0.000000000000000000e+00	-8.553425168573665083e-01
3.346693386773546552e-01	0.000000000000000000e+00	-8.862424668882673551e-01
3.366733466933867214e-01	0.000000000000000000e+00	-9.136307949634917547e-01
3.386773547094187875e-01	0.000000000000000000e+00	-9.373989783505003448e-01
3.406813627254508536e-01	0.000000000000000000e+00	-9.574528386751501863e-01
3.426853707414829198e-01	0.000000000000000000e+00	-9.737129150914040077e-01
3.446893787575149859e-01	0.000000000000000000e+00	-9.861147791347307789e-01
3.466933867735470520e-01	0.000000000000000000e+00	-9.946092900116196844e-01
3.486973947895791182e-01	0.000000000000000000e+00	-9.991627893136638683e-01
3.507014028056111843e-01	0.000000000000000000e+00	-9.997572343846811149e-01
3.527054108216432504e-01	0.000000000000000000e+00	-9.963902698124215140e-01
3.547094188376753165e-01	0.000000000000000000e+00	-9.890752367615859297e-01
3.567134268537073827e-01	0.000000000000000000e+00	-9.778411201111754103e-01
3.587174348697394488e-01	0.000000000000000000e+00	-9.627324336056287679e-01
3.607214428857715149e-01	0.000000000000000000e+00	-9.438090434748286350e-01
3.627254509018035811e-01	0.000000000000000000e+00	-9.211459312218533979e-01
3.647294589178356472e-01	0.000000000000000000e+00	-8.948328965184010331e-01
3.667334669338677133e-01	0.000000000000000000e+00	-8.649742013851233757e-01
3.687374749498997795e-01	0.000000000000000000e+00	-8.316881570667582491e-01
3.707414829659318456e-01	0.000000000000000000e+00	-7.951066552390205766e-01
3.727454909819639117e-01	0.000000000000000000e+00	-7.553746454047706171e-01
3.747494989979959779e-01	0.000000000000000000e+00	-7.126495605502284336e-01
3.767535070140280440e-01	0.000000000000000000e+00	-6.671006933369838521e-01
3.787575150300601101e-01	0.000000000000000000e+00	-6.189085253015668142e-01
3.807615230460921762e-01	0.000000000000000000e+00	-5.682640117205385311e-01
3.827655310621242424e-01	0.000000000000000000e+00	-5.153678249747304374e-01
3.847695390781562530e-01	0.000000000000000000e+00	-4.604295594107151723e-01
3.867735470941883191e-01	0.000000000000000000e+00	-4.036669008501105882e-01
3.887775551102203853e-01	0.000000000000000000e+00	-3.453047640374846683e-01
3.907815631262524514e-01	0.000000000000000000e+00	-2.855744014445578127e-01
3.927855711422845175e-01	0.000000000000000000e+00	-2.247124869619846754e-01
3.947895791583165837e-01	0.000000000000000000e+00	-1.629601781094585367e-01
3.967935871743486498e-01	0.000000000000000000e+00	-1.005621604800091412e-01
3.987975951903807159e-01	0.000000000000000000e+00	-3.776567820477234189e-02
4.008016032064127820e-01	0.000000000000000000e+00	2.518044572013689378e-02
4.028056112224448482e-01	0.000000000000000000e+00	8.802679536278334993e-02
4.048096192384769143e-01	0.000000000000000000e+00	1.505243501340113310e-01
4.068136272545089804e-01	0.000000000000000000e+00	2.124254714995477411e-01
4.088176352705410466e-01	0.000000000000000000e+00	2.734848842158900672e-01
4.108216432865731127e-01	0.000000000000000000e+00	3.334606482019599749e-01
4.128256513026051788e-01	0.000000000000000000e+00	3.921151171955957748e-01
4.148296593186372450e-01	0.000000000000000000e+00	4.492158803963554603e-01
4.168336673346693111e-01	0.000000000000000000e+00	5.045366833634585824e-01
4.188376753507013772e-01	0.000000000000000000e+00	5.578583245199516538e-01
4.208416833667334433e-01	0.000000000000000000e+00	6.089695237108052606e-01
4.228456913827655095e-01	0.000000000000000000e+00	6.576677593733936122e-01
4.248496993987975756e-01	0.000000000000000000e+00	7.037600710031777229e-01
4.268537074148296417e-01	0.000000000000000000e+00	7.470638237349186417e-01
4.288577154308617079e-01	0.000000000000000000e+00	7.874074320098823909e-01
4.308617234468937740e-01	0.000000000000000000e+00	8.246310394615745665e-01
4.328657314629258401e-01	0.000000000000000000e+00	8.585871523260643068e-01
4.348697394789579063e-01	0.000000000000000000e+00	8.891412238670807211e-01
4.368737474949899169e-01	0.000000000000000000e+00	9.161721875001753723e-01
4.388777555110219830e-01	0.000000000000000000e+00	9.395729365035178082e-01
4.408817635270540491e-01	0.000000000000000000e+00	9.592507484145186281e-01
4.428857715430861153e-01	0.000000000000000000e+00	9.751276524306857763e-01
4.448897795591181814e-01	0.000000000000000000e+00	9.871407383589124729e-01
4.468937875751502475e-01	0.000000000000000000e+00	9.952424058890385616e-01
4.488977955911823137e-01	0.000000000000000000e+00	9.994005532039662576e-01
4.509018036072143798e-01	0.000000000000000000e+00	9.995987041789874405e-01
4.529058116232464459e-01	0.000000000000000000e+00	9.958360736663117718e-01
4.549098196392785121e-01	0.000000000000000000e+00	9.881275706061144470e-01
4.569138276553105782e-01	0.000000000000000000e+00	9.765037389517751132e-01
4.589178356713426443e-01	0.000000000000000000e+00	9.610106366433851521e-01
4.609218436873747105e-01	0.000000000000000000e+00	9.417096531090756173e-01
4.629258517034067766e-01	0.000000000000000000e+00	9.186772660172922711e-01
4.649298597194388427e-01	0.000000000000000000e+00	8.920047382438563988e-01
4.669338677354709088e-01	0.000000000000000000e+00	8.617977562545392489e-01
4.689378757515029750e-01	0.000000000000000000e+00	8.281760113360181474e-01
4.709418837675350411e-01	0.000000000000000000e+00	7.912727253345197553e-01
4.729458917835671072e-01	0.000000000000000000e+00	7.512341227813674749e-01
4.749498997995991734e-01	0.000000000000000000e+00	7.082188514970543247e-01
4.769539078156312395e-01	0.000000000000000000e+00	6.623973539696296209e-01
4.789579158316633056e-01	0.000000000000000000e+00	6.139511919982297838e-01
4.809619238476953718e-01	0.000000000000000000e+00	5.630723272777656829e-01
4.829659318637274379e-01	0.000000000000000000e+00	5.099623607753656085e-01
4.849699398797595040e-01	0.000000000000000000e+00	4.548317339124259839e-01
4.869739478957915702e-01	0.000000000000000000e+00	3.978988947175116642e-01
4.889779559118235808e-01	0.000000000000000000e+00	3.393894322540979003e-01
4.909819639278556469e-01	0.000000000000000000e+00	2.795351827528722022e-01
4.929859719438877130e-01	0.000000000000000000e+00	2.185733109904526572e-01
4.949899799599197792e-01	0.000000000000000000e+00	1.567453705544197828e-01
4.969939879759518453e-01	0.000000000000000000e+00	9.429634671823984571e-02
4.989979959919839114e-01	0.000000000000000000e+00	3.147368571858859959e-02
5.010020040080159776e-01	0.000000000000000000e+00	-3.147368571858382563e-02
5.030060120240480437e-01	0.000000000000000000e+00	-9.429634671823509950e-02
5.050100200400801098e-01	0.000000000000000000e+00	-1.567453705544150644e-01
5.070140280561121759e-01	0.000000000000000000e+00	-2.185733109904497151e-01
5.090180360721442421e-01	0.000000000000000000e+00	-2.795351827528676503e-01
5.110220440881763082e-01	0.000000000000000000e+00	-3.393894322540917385e-01
5.130260521042083743e-01	0.000000000000000000e+00	-3.978988947175072788e-01
5.150300601202404405e-01	0.000000000000000000e+00	-4.548317339124248737e-01
5.170340681362725066e-01	0.000000000000000000e+00	-5.099623607753644983e-01
5.190380761523045727e-01	0.000000000000000000e+00	-5.630723272777646837e-01
5.210420841683366389e-01	0.000000000000000000e+00	-6.139511919982274524e-01
5.230460921843687050e-01	0.000000000000000000e+00	-6.623973539696272894e-01
5.250501002004007711e-01	0.000000000000000000e+00	-7.082188514970521043e-01
5.270541082164328373e-01	0.000000000000000000e+00	-7.512341227813654765e-01
5.290581162324649034e-01	0.000000000000000000e+00	-7.912727253345179790e-01
5.310621242484969695e-01	0.000000000000000000e+00	-8.281760113360164821e-01
5.330661322645290356e-01	0.000000000000000000e+00	-8.617977562545376946e-01
5.350701402805611018e-01	0.000000000000000000e+00	-8.920047382438541783e-01
5.370741482965931679e-01	0.000000000000000000e+00	-9.186772660172903837e-01
5.390781563126252340e-01	0.000000000000000000e+00	-9.417096531090740630e-01
5.410821643286573002e-01	0.000000000000000000e+00	-9.610106366433838199e-01
5.430861723446893663e-01	0.000000000000000000e+00	-9.765037389517748911e-01
5.450901803607214324e-01	0.000000000000000000e+00	-9.881275706061143360e-01
5.470941883767534986e-01	0.000000000000000000e+00	-9.958360736663116608e-01
5.490981963927855647e-01	0.000000000000000000e+00	-9.995987041789873295e-01
5.511022044088176308e-01	0.000000000000000000e+00	-9.994005532039663686e-01
5.531062124248496970e-01	0.000000000000000000e+00	-9.952424058890388947e-01
5.551102204408817631e-01	0.000000000000000000e+00	-9.871407383589129170e-01
5.571142284569138292e-01	0.000000000000000000e+00	-9.751276524306864424e-01
5.591182364729458953e-01	0.000000000000000000e+00	-9.592507484145194052e-01
5.611222444889779615e-01	0.000000000000000000e+00	-9.395729365035188074e-01
5.631262525050100276e-01	0.000000000000000000e+00	-9.161721875001772597e-01
5.651302605210419827e-01	0.000000000000000000e+00	-8.891412238670837187e-01
5.671342685370740488e-01	0.000000000000000000e+00	-8.585871523260676375e-01
5.691382765531061150e-01	0.000000000000000000e+00	-8.246310394615763428e-01
5.711422845691381811e-01	0.000000000000000000e+00	-7.874074320098841673e-01
5.731462925851702472e-01	0.000000000000000000e+00	-7.470638237349206401e-01
5.751503006012023134e-01	0.000000000000000000e+00	-7.037600710031798323e-01
5.771543086172343795e-01	0.000000000000000000e+00	-6.576677593733971650e-01
5.791583166332664456e-01	0.000000000000000000e+00	-6.089695237108091463e-01
5.811623246492985118e-01	0.000000000000000000e+00	-5.578583245199556506e-01
5.831663326653305779e-01	0.000000000000000000e+00	-5.045366833634626902e-01
5.851703406813626440e-01	0.000000000000000000e+00	-4.492158803963597347e-01
5.871743486973947102e-01	0.000000000000000000e+00	-3.921151171956001602e-01
5.891783567134267763e-01	0.000000000000000000e+00	-3.334606482019645268e-01
5.911823647294588424e-01	0.000000000000000000e+00	-2.734848842158963955e-01
5.931863727454909085e-01	0.000000000000000000e+00	-2.124254714995541526e-01
5.951903807615229747e-01	0.000000000000000000e+00	-1.505243501340177981e-01
5.971943887775550408e-01	0.000000000000000000e+00	-8.802679536278633365e-02
5.991983967935871069e-01	0.000000000000000000e+00	-2.518044572013989138e-02
6.012024048096191731e-01	0.000000000000000000e+00	3.776567820476934428e-02
6.032064128256512392e-01	0.000000000000000000e+00	1.005621604800061575e-01
6.052104208416833053e-01	0.000000000000000000e+00	1.629601781094538182e-01
6.072144288577153715e-01	0.000000000000000000e+00	2.247124869619800125e-01
6.092184368737474376e-01	0.000000000000000000e+00	2.855744014445532053e-01
6.112224448897795037e-01	0.000000000000000000e+00	3.453047640374801719e-01
6.132264529058115698e-01	0.000000000000000000e+00	4.036669008501062028e-01
6.152304609218436360e-01	0.000000000000000000e+00	4.604295594107108980e-01
6.172344689378757021e-01	0.000000000000000000e+00	5.153678249747278839e-01
6.192384769539077682e-01	0.000000000000000000e+00	5.682640117205346453e-01
6.212424849699398344e-01	0.000000000000000000e+00	6.189085253015630395e-01
6.232464929859719005e-01	0.000000000000000000e+00	6.671006933369802994e-01
6.252505010020039666e-01	0.000000000000000000e+00	7.126495605502276565e-01
6.272545090180360328e-01	0.000000000000000000e+00	7.553746454047698400e-01
6.292585170340680989e-01	0.000000000000000000e+00	7.951066552390197995e-01
6.312625250501001650e-01	0.000000000000000000e+00	8.316881570667575829e-01
6.332665330661322312e-01	0.000000000000000000e+00	8.649742013851218214e-01
6.352705410821642973e-01	0.000000000000000000e+00	8.948328965183997008e-01
6.372745490981963634e-01	0.000000000000000000e+00	9.211459312218521767e-01
6.392785571142284295e-01	0.000000000000000000e+00	9.438090434748276358e-01
6.412825651302604957e-01	0.000000000000000000e+00	9.627324336056279908e-01
6.432865731462925618e-01	0.000000000000000000e+00	9.778411201111747442e-01
6.452905811623246279e-01	0.000000000000000000e+00	9.890752367615855967e-01
6.472945891783566941e-01	0.000000000000000000e+00	9.963902698124210700e-01
6.492985971943887602e-01	0.000000000000000000e+00	9.997572343846810039e-01
6.513026052104208263e-01	0.000000000000000000e+00	9.991627893136640903e-01
6.533066132264528925e-01	0.000000000000000000e+00	9.946092900116197955e-01
6.553106212424849586e-01	0.000000000000000000e+00	9.861147791347310010e-01
6.573146292585170247e-01	0.000000000000000000e+00	9.737129150914042297e-01
6.593186372745490909e-01	0.000000000000000000e+00	9.574528386751505193e-01
6.613226452905811570e-01	0.000000000000000000e+00	9.373989783505014550e-01
6.633266533066132231e-01	0.000000000000000000e+00	9.136307949634929759e-01
6.653306613226452892e-01	0.000000000000000000e+00	8.862424668882687984e-01
6.673346693386772444e-01	0.000000000000000000e+00	8.553425168573689508e-01
6.693386773547093105e-01	0.000000000000000000e+00	8.210533819543330836e-01
6.713426853707413766e-01	0.000000000000000000e+00	7.835109284724915968e-01
6.733466933867734427e-01	0.000000000000000000e+00	7.428639135622210343e-01
6.753507014028055089e-01	0.000000000000000000e+00	6.992733957998414906e-01
6.773547094188375750e-01	0.000000000000000000e+00	6.529120970136934599e-01
6.793587174348696411e-01	0.000000000000000000e+00	6.039637178960747255e-01
6.813627254509017073e-01	0.000000000000000000e+00	5.526222101128371866e-01
6.833667334669337734e-01	0.000000000000000000e+00	4.990910077948313428e-01
6.853707414829658395e-01	0.000000000000000000e+00	4.435822214562727961e-01
6.873747494989979057e-01	0.000000000000000000e+00	3.863157975340816286e-01
6.893787575150299718e-01	0.000000000000000000e+00	3.275186468783715110e-01
6.913827655310620379e-01	0.000000000000000000e+00	2.674237456473474439e-01
6.933867735470941041e-01	0.000000000000000000e+00	2.062692121692002722e-01
6.953907815631261702e-01	0.000000000000000000e+00	1.442973634288123863e-01
6.973947895791582363e-01	0.000000000000000000e+00	8.175375491782563286e-02
6.993987975951903024e-01	0.000000000000000000e+00	1.888620765254232087e-02
7.014028056112223686e-01	0.000000000000000000e+00	-4.405617378502458409e-02
7.034068136272544347e-01	0.000000000000000000e+00	-1.068239882920653111e-01
7.054108216432865008e-01	0.000000000000000000e+00	-1.691685264648128129e-01
7.074148296593185670e-01	0.000000000000000000e+00	-2.308427560776136755e-01
7.094188376753506331e-01	0.000000000000000000e+00	-2.916023009163994928e-01
7.114228456913826992e-01	0.000000000000000000e+00	-3.512064090880364087e-01
7.134268537074147654e-01	0.000000000000000000e+00	-4.094189069688028426e-01
7.154308617234468315e-01	0.000000000000000000e+00	-4.660091350120278419e-01
7.174348697394788976e-01	0.000000000000000000e+00	-5.207528617069251409e-01
7.194388777555109638e-01	0.000000000000000000e+00	-5.734331720671563826e-01
7.214428857715430299e-01	0.000000000000000000e+00	-6.238413271286068484e-01
7.234468937875750960e-01	0.000000000000000000e+00	-6.717775910507219894e-01
7.254509018036071621e-01	0.000000000000000000e+00	-7.170520225441240347e-01
7.274549098196392283e-01	0.000000000000000000e+00	-7.594852274885772747e-01
7.294589178356712944e-01	0.000000000000000000e+00	-7.989090697591496593e-01
7.314629258517033605e-01	0.000000000000000000e+00	-8.351673374440147235e-01
7.334669338677354267e-01	0.000000000000000000e+00	-8.681163618140896876e-01
7.354709418837674928e-01	0.000000000000000000e+00	-8.976255865919233745e-01
7.374749498997995589e-01	0.000000000000000000e+00	-9.235780852641795047e-01
7.394789579158316251e-01	0.000000000000000000e+00	-9.458710243879239199e-01
7.414829659318636912e-01	0.000000000000000000e+00	-9.644160710549433135e-01
7.434869739478957573e-01	0.000000000000000000e+00	-9.791397428995445296e-01
7.454909819639278235e-01	0.000000000000000000e+00	-9.899836992629917898e-01
7.474949899799598896e-01	0.000000000000000000e+00	-9.969049723608750524e-01
7.494989979959919557e-01	0.000000000000000000e+00	-9.998761375374373150e-01
7.515030060120240218e-01	0.000000000000000000e+00	-9.988854219322504946e-01
7.535070140280560880e-01	0.000000000000000000e+00	-9.939367511286635315e-01
7.555110220440881541e-01	0.000000000000000000e+00	-9.850497335991819092e-01
7.575150300601202202e-01	0.000000000000000000e+00	-9.722595830094142855e-01
7.595190380761522864e-01	0.000000000000000000e+00	-9.556169786884441963e-01
7.615230460921843525e-01	0.000000000000000000e+00	-9.351878648184981380e-01
7.635270541082164186e-01	0.000000000000000000e+00	-9.110531891395918791e-01
7.655310621242484848e-01	0.000000000000000000e+00	-8.833085822045056990e-01
7.675350701402805509e-01	0.000000000000000000e+00	-8.520639784550064766e-01
7.695390781563125060e-01	0.000000000000000000e+00	-8.174431806207345108e-01
7.715430861723445721e-01	0.000000000000000000e+00	-7.795833691667843901e-01
7.735470941883766383e-01	0.000000000000000000e+00	-7.386345587337408425e-01
7.755511022044087044e-01	0.000000000000000000e+00	-6.947590037239237404e-01
7.775551102204407705e-01	0.000000000000000000e+00	-6.481305553891595350e-01
7.795591182364728366e-01	0.000000000000000000e+00	-5.989339729675223767e-01
7.815631262525049028e-01	0.000000000000000000e+00	-5.473641915985829609e-01
7.835671342685369689e-01	0.000000000000000000e+00	-4.936255499179523221e-01
7.855711422845690350e-01	0.000000000000000000e+00	-4.379309803916819344e-01
7.875751503006011012e-01	0.000000000000000000e+00	-3.805011655987133312e-01
7.895791583166331673e-01	0.000000000000000000e+00	-3.215636638045013540e-01
7.915831663326652334e-01	0.000000000000000000e+00	-2.613520072906088676e-01
7.935871743486972996e-01	0.000000000000000000e+00	-2.001047770130469916e-01
7.955911823647293657e-01	0.000000000000000000e+00	-1.380646572558574814e-01
7.975951903807614318e-01	0.000000000000000000e+00	-7.547747402581830856e-02
7.995991983967934980e-01	0.000000000000000000e+00	-1.259122099845970399e-02
8.016032064128255641e-01	0.000000000000000000e+00	5.034492312502547584e-02
8.036072144288576302e-01	0.000000000000000000e+00	1.130815819563834590e-01
8.056112224448896963e-01	0.000000000000000000e+00	1.753701695422107965e-01
8.076152304609217625e-01	0.000000000000000000e+00	2.369638753538690634e-01
8.096192384769538286e-01	0.000000000000000000e+00	2.976186422425068367e-01
8.116232464929858947e-01	0.000000000000000000e+00	3.570941334841681303e-01
8.136272545090179609e-01	0.000000000000000000e+00	4.151546850831946966e-01
8.156312625250500270e-01	0.000000000000000000e+00	4.715702395605426700e-01
8.176352705410820931e-01	0.000000000000000000e+00	5.261172575269973395e-01
8.196392785571141593e-01	0.000000000000000000e+00	5.785796034292967072e-01
8.216432865731462254e-01	0.000000000000000000e+00	6.287494019594915828e-01
8.236472945891782915e-01	0.000000000000000000e+00	6.764278617341734634e-01
8.256513026052103577e-01	0.000000000000000000e+00	7.214260629797896174e-01
8.276553106212424238e-01	0.000000000000000000e+00	7.635657061029847981e-01
8.296593186372744899e-01	0.000000000000000000e+00	8.026798181798420195e-01
8.316633266533065560e-01	0.000000000000000000e+00	8.386134145646488847e-01
8.336673346693386222e-01	0.000000000000000000e+00	8.712241129966519226e-01
8.356713426853706883e-01	0.000000000000000000e+00	9.003826977714785018e-01
8.376753507014027544e-01	0.000000000000000000e+00	9.259736317417708307e-01
8.396793587174348206e-01	0.000000000000000000e+00	9.478955141182934252e-01
8.416833667334668867e-01	0.000000000000000000e+00	9.660614822575379623e-01
8.436873747494989528e-01	0.000000000000000000e+00	9.803995558437927915e-01
8.456913827655310190e-01	0.000000000000000000e+00	9.908529221018987920e-01
8.476953907815630851e-01	0.000000000000000000e+00	9.973801609105754640e-01
8.496993987975951512e-01	0.000000000000000000e+00	9.999554089243304356e-01
8.517034068136272174e-01	0.000000000000000000e+00	9.985684620536465772e-01
8.537074148296592835e-01	0.000000000000000000e+00	9.932248158973746577e-01
8.557114228456913496e-01	0.000000000000000000e+00	9.839456439671288024e-01
8.577154308617234157e-01	0.000000000000000000e+00	9.707677137899666242e-01
8.597194388777554819e-01	0.000000000000000000e+00	9.537432412217846656e-01
8.617234468937875480e-01	0.000000000000000000e+00	9.329396835486957196e-01
8.637274549098196141e-01	0.000000000000000000e+00	9.084394721961962516e-01
8.657314629258516803e-01	0.000000000000000000e+00	8.803396861052291689e-01
8.677354709418837464e-01	0.000000000000000000e+00	8.487516670693483478e-01
8.697394789579158125e-01	0.000000000000000000e+00	8.138005785571609252e-01
8.717434869739478787e-01	0.000000000000000000e+00	7.756249097681578997e-01
8.737474949899798338e-01	0.000000000000000000e+00	7.343759268870492241e-01
8.757515030060118999e-01	0.000000000000000000e+00	6.902170737109224463e-01
8.777555110220439660e-01	0.000000000000000000e+00	6.433233240242111073e-01
8.797595190380760322e-01	0.000000000000000000e+00	5.938804882875218238e-01
8.817635270541080983e-01	0.000000000000000000e+00	5.420844773875600486e-01
8.837675350701401644e-01	0.000000000000000000e+00	4.881405263653990079e-01
8.857715430861722306e-01	0.000000000000000000e+00	4.322623811989882991e-01
8.877755511022042967e-01	0.000000000000000000e+00	3.746714518621670487e-01
8.897795591182363628e-01	0.000000000000000000e+00	3.155959350160782995e-01
8.917835671342684289e-01	0.000000000000000000e+00	2.552699098092062191e-01
8.937875751503004951e-01	0.000000000000000000e+00	1.939324103688128964e-01
8.957915831663325612e-01	0.000000000000000000e+00	1.318264786589078696e-01
8.977955911823646273e-01	0.000000000000000000e+00	6.919820145767961728e-02
8.997995991983966935e-01	0.000000000000000000e+00	6.295735270241544640e-03
9.018036072144287596e-01	0.000000000000000000e+00	-5.663167695964892168e-02
9.038076152304608257e-01	0.000000000000000000e+00	-1.193346934427484823e-01
9.058116232464928919e-01	0.000000000000000000e+00	-1.815648615291309276e-01
9.078156312625249580e-01	0.000000000000000000e+00	-2.430756021699251312e-01
9.098196392785570241e-01	0.000000000000000000e+00	-3.036231869551141438e-01
9.118236472945890903e-01	0.000000000000000000e+00	-3.629677038560615299e-01
9.138276553106211564e-01	0.000000000000000000e+00	-4.208740078461132295e-01
9.158316633266532225e-01	0.000000000000000000e+00	-4.771126526325660255e-01
9.178356713426852886e-01	0.000000000000000000e+00	-5.314607998081349871e-01
9.198396793587173548e-01	0.000000000000000000e+00	-5.837031018195234511e-01
9.218436873747494209e-01	0.000000000000000000e+00	-6.336325552544455064e-01
9.238476953907814870e-01	0.000000000000000000e+00	-6.810513210660628092e-01
9.258517034068135532e-01	0.000000000000000000e+00	-7.257715084847985443e-01
9.278557114228456193e-01	0.000000000000000000e+00	-7.676159195113816391e-01
9.298597194388776854e-01	0.000000000000000000e+00	-8.064187510411614523e-01
9.318637274549097516e-01	0.000000000000000000e+00	-8.420262518376179228e-01
9.338677354709418177e-01	0.000000000000000000e+00	-8.742973317518819565e-01
9.358717434869738838e-01	0.000000000000000000e+00	-9.031041207743429888e-01
9.378757515030059499e-01	0.000000000000000000e+00	-9.283324757031308216e-01
9.398797595190380161e-01	0.000000000000000000e+00	-9.498824324218962944e-01
9.418837675350700822e-01	0.000000000000000000e+00	-9.676686019947841055e-01
9.438877755511021483e-01	0.000000000000000000e+00	-9.816205090091242313e-01
9.458917835671342145e-01	0.000000000000000000e+00	-9.916828708252038993e-01
9.478957915831662806e-01	0.000000000000000000e+00	-9.978158166266275497e-01
9.498997995991983467e-01	0.000000000000000000e+00	-9.999950454033060820e-01
9.519038076152304129e-01	0.000000000000000000e+00	-9.982119222410882342e-01
9.539078156312624790e-01	0.000000000000000000e+00	-9.924735125364995136e-01
9.559118236472945451e-01	0.000000000000000000e+00	-9.828025540010151273e-01
9.579158316633266113e-01	0.000000000000000000e+00	-9.692373665657989523e-01
9.599198396793586774e-01	0.000000000000000000e+00	-9.518317005438964307e-01
9.619238476953907435e-01	0.000000000000000000e+00	-9.306545236515265662e-01
9.639278557114228096e-01	0.000000000000000000e+00	-9.057897477323575419e-01
9.659318637274548758e-01	0.000000000000000000e+00	-8.773358962676069961e-01
9.679358717434869419e-01	0.000000000000000000e+00	-8.454057139894000095e-01
9.699398797595190080e-01	0.000000000000000000e+00	-8.101257201442477740e-01
9.719438877755510742e-01	0.000000000000000000e+00	-7.716357071767822040e-01
9.739478957915831403e-01	0.000000000000000000e+00	-7.300881868201472003e-01
9.759519038076150954e-01	0.000000000000000000e+00	-6.856477857878454651e-01
9.779559118236471615e-01	0.000000000000000000e+00	-6.384905934615199286e-01
9.799599198396792277e-01	0.000000000000000000e+00	-5.888034641594076524e-01
9.819639278557112938e-01	0.000000000000000000e+00	-5.367832767500925195e-01
9.839679358717433599e-01	0.000000000000000000e+00	-4.826361545452754753e-01
9.859719438877754261e-01	0.000000000000000000e+00	-4.265766485626209525e-01
9.879759519038074922e-01	0.000000000000000000e+00	-3.688268873949168691e-01
9.899799599198395583e-01	0.000000000000000000e+00	-3.096156970540342446e-01
9.919839679358716245e-01	0.000000000000000000e+00	-2.491776942772560288e-01
9.939879759519036906e-01	0.000000000000000000e+00	-1.877523568885838268e-01
9.959919839679357567e-01	0.000000000000000000e+00	-1.255830748986163647e-01
9.979959919839678228e-01	0.000000000000000000e+00	-6.291618610289075042e-02
1.000000000000000000e+00	0.000000000000000000e+00	-1.224646799147353256e-15
