# Time	RLS_Output	RLS_Error
0.000000000000000000e+00	0.000000000000000000e+00	0.000000000000000000e+00
1.001001001001000992e-03	0.000000000000000000e+00	0.000000000000000000e+00
2.002002002002001985e-03	0.000000000000000000e+00	0.000000000000000000e+00
3.003003003003002977e-03	0.000000000000000000e+00	0.000000000000000000e+00
4.004004004004003969e-03	0.000000000000000000e+00	0.000000000000000000e+00
5.005005005005004962e-03	0.000000000000000000e+00	0.000000000000000000e+00
6.006006006006005954e-03	0.000000000000000000e+00	0.000000000000000000e+00
7.007007007007006946e-03	0.000000000000000000e+00	0.000000000000000000e+00
8.008008008008007939e-03	0.000000000000000000e+00	0.000000000000000000e+00
9.009009009009008931e-03	0.000000000000000000e+00	0.000000000000000000e+00
1.001001001001000992e-02	0.000000000000000000e+00	0.000000000000000000e+00
1.101101101101101092e-02	0.000000000000000000e+00	0.000000000000000000e+00
1.201201201201201191e-02	0.000000000000000000e+00	0.000000000000000000e+00
1.301301301301301290e-02	0.000000000000000000e+00	0.000000000000000000e+00
1.401401401401401389e-02	0.000000000000000000e+00	0.000000000000000000e+00
1.501501501501501488e-02	0.000000000000000000e+00	0.000000000000000000e+00
1.601601601601601588e-02	0.000000000000000000e+00	0.000000000000000000e+00
1.701701701701701513e-02	0.000000000000000000e+00	0.000000000000000000e+00
1.801801801801801786e-02	0.000000000000000000e+00	0.000000000000000000e+00
1.901901901901902059e-02	0.000000000000000000e+00	0.000000000000000000e+00
2.002002002002001985e-02	0.000000000000000000e+00	0.000000000000000000e+00
2.102102102102101910e-02	0.000000000000000000e+00	0.000000000000000000e+00
2.202202202202202183e-02	0.000000000000000000e+00	0.000000000000000000e+00
2.302302302302302456e-02	0.000000000000000000e+00	0.000000000000000000e+00
2.402402402402402382e-02	0.000000000000000000e+00	0.000000000000000000e+00
2.502502502502502307e-02	0.000000000000000000e+00	7.076624788865043536e-01
2.602602602602602580e-02	3.251385737513102225e-01	4.043895173708781932e-01
2.702702702702702853e-02	4.926383985102403273e-01	2.580339067424839983e-01
2.802802802802802778e-02	5.939074219465686477e-01	1.771667907521560226e-01
2.902902902902902704e-02	6.424579881228839051e-01	1.482556507922098143e-01
3.003003003003002977e-02	7.706506373637871388e-01	3.892052597695683236e-02
3.103103103103103250e-02	8.013559600922308679e-01	2.627217851050034358e-02
3.203203203203203175e-02	8.177978444939093539e-01	2.706886446190837070e-02
3.303303303303303101e-02	7.807487272517028565e-01	8.052110068752793559e-02
3.403403403403403027e-02	7.858392495160104740e-01	9.098202571714297804e-02
3.503503503503503647e-02	8.453939558749083982e-01	4.611171682337555922e-02
3.603603603603603572e-02	8.648441759716338773e-01	4.046432361096274910e-02
3.703703703703703498e-02	9.192972672519540422e-01	-1.081160371680045529e-03
3.803803803803804118e-02	9.488915847835794892e-01	-1.867585395497528555e-02
3.903903903903904044e-02	9.871482670243316715e-01	-4.585276149482842012e-02
4.004004004004003969e-02	1.006503437653204713e+00	-5.505896297002799145e-02
4.104104104104103895e-02	9.408849295519778888e-01	1.976767287034308929e-02
4.204204204204203821e-02	8.650251262687763676e-01	1.038856569673731745e-01
4.304304304304304440e-02	9.455573492196597263e-01	3.065350175476988515e-02
4.404404404404404366e-02	9.916466887777805050e-01	-9.101101855152782250e-03
4.504504504504504292e-02	9.893934206014007859e-01	-1.484693661222724614e-03
4.604604604604604912e-02	9.475851497054289529e-01	4.470981794938477805e-02
4.704704704704704837e-02	9.978343632029919030e-01	-2.134391496154242063e-03
4.804804804804804763e-02	1.066859695651275253e+00	-6.873932361312895534e-02
4.904904904904904689e-02	1.057164833543491556e+00	-5.761105832172774832e-02
5.005005005005004615e-02	1.076041871187547017e+00	-7.604310735894959095e-02
5.105105105105105234e-02	9.928103214275074695e-01	6.644576401561796963e-03
5.205205205205205160e-02	1.025914297786093110e+00	-2.799158275784985328e-02
5.305305305305305086e-02	9.873850913848337685e-01	8.018639149178774517e-03
5.405405405405405705e-02	9.473064940400951484e-01	4.459394121878168527e-02
5.505505505505505631e-02	9.214982660901840372e-01	6.591802736660490325e-02
5.605605605605605557e-02	9.251695553785643789e-01	5.678618391894230122e-02
5.705705705705705483e-02	1.010755920892126181e+00	-3.523174841028742232e-02
5.805805805805805409e-02	1.046583391781751970e+00	-7.845543887963313257e-02
5.905905905905906028e-02	1.003260160325949668e+00	-4.348576597276065936e-02
6.006006006006005954e-02	1.017532734862415689e+00	-6.706097756230411377e-02
6.106106106106105880e-02	1.041712516909651276e+00	-1.014832761998922805e-01
6.206206206206206499e-02	9.921524473568075209e-01	-6.309547440244478445e-02
6.306306306306305731e-02	9.337681836994866647e-01	-1.680218190347315677e-02
6.406406406406406351e-02	9.166233505936836057e-01	-1.265506713166741903e-02
6.506506506506506970e-02	9.397136801095703484e-01	-4.963700928766445752e-02
6.606606606606606202e-02	9.124298274474280657e-01	-3.712492676961498539e-02
6.706706706706706822e-02	9.530715634730828612e-01	-9.340398329233767782e-02
6.806806806806806054e-02	8.818695864078441859e-01	-3.868941402162151544e-02
6.906906906906906674e-02	8.755744409518605442e-01	-4.971545998831727875e-02
7.007007007007007293e-02	9.110091660062654695e-01	-1.032880319324587237e-01
7.107107107107106525e-02	9.180246772538718236e-01	-1.292401098212403454e-01
7.207207207207207145e-02	9.050658109102541760e-01	-1.359978043359372224e-01
7.307307307307307764e-02	8.900042578482305622e-01	-1.414133095132399376e-01
7.407407407407406996e-02	8.965264225736682135e-01	-1.691527810006193677e-01
7.507507507507507616e-02	8.740506906384913899e-01	-1.686136234925382782e-01
7.607607607607608236e-02	8.316379861907745585e-01	-1.488350690275854760e-01
7.707707707707707467e-02	7.980355946442103665e-01	-1.385420211083142616e-01
7.807807807807808087e-02	7.853143953416570344e-01	-1.497823094972728919e-01
7.907907907907907319e-02	7.724722044710198299e-01	-1.615300559255967716e-01
8.008008008008007939e-02	7.234522850066974486e-01	-1.377042074648581194e-01
8.108108108108108558e-02	7.621844319933983591e-01	-2.022096458558029219e-01
8.208208208208207790e-02	7.552846979015758189e-01	-2.216369374994532349e-01
8.308308308308308410e-02	7.070212514437343998e-01	-2.002282174754618227e-01
8.408408408408407642e-02	7.148122933560320247e-01	-2.353751310672220765e-01
8.508508508508508261e-02	7.548756141978608669e-01	-3.032684178209654746e-01
8.608608608608608881e-02	7.736442355434798301e-01	-3.503135794869453035e-01
8.708708708708708113e-02	7.586141358002040924e-01	-3.639786330507630008e-01
8.808808808808808732e-02	6.998393630094837947e-01	-3.342892511842647796e-01
8.908908908908909352e-02	6.919169083254466113e-01	-3.558136637832307603e-01
9.009009009009008584e-02	6.975200977390808577e-01	-3.911960781322970648e-01
9.109109109109109204e-02	6.871636845516020387e-01	-4.109218001725275515e-01
9.209209209209209823e-02	6.654924239854462797e-01	-4.196058382315961399e-01
9.309309309309309055e-02	6.613819490866263973e-01	-4.460938083415360578e-01
9.409409409409409675e-02	6.538076268729187124e-01	-4.693308200694261689e-01
9.509509509509508907e-02	6.918163652298399136e-01	-5.383333133336232201e-01
9.609609609609609526e-02	6.837211916623114893e-01	-5.613836672838541375e-01
9.709709709709710146e-02	7.397131505569164434e-01	-6.486421278702757531e-01
9.809809809809809378e-02	6.749340670591100766e-01	-6.152196021758997713e-01
9.909909909909909997e-02	6.132046679134454115e-01	-5.849058098303271391e-01
1.001001001001000923e-01	6.770694769860190476e-01	-6.802142091937550816e-01
1.011011011011010985e-01	5.091809777204225895e-01	-5.437661905322398459e-01
1.021021021021021047e-01	2.840846062402800909e-01	-3.500760998669007473e-01
1.031031031031030970e-01	2.287901883525065849e-01	-3.261227067208087860e-01
1.041041041041041032e-01	-1.515516933319966536e-02	-1.134221259486688227e-01
1.051051051051051094e-01	-1.150901817574575409e-02	-1.481859096118037511e-01
1.061061061061061017e-01	-1.000320748931683018e-01	-9.062257013989614973e-02
1.071071071071071079e-01	-2.610379624534614473e-01	3.961213013190256760e-02
1.081081081081081141e-01	-2.565077752004046308e-01	4.529713815279445832e-03
1.091091091091091064e-01	-7.926179464282283316e-02	-2.030193258311486781e-01
1.101101101101101126e-01	-5.068715867105625522e-02	-2.616178855604332498e-01
1.111111111111111049e-01	-7.781288082275617662e-03	-3.342388552433925852e-01
1.121121121121121111e-01	-1.966336039525215795e-01	-1.747634298550463094e-01
1.131131131131131173e-01	-2.025440976570013207e-01	-1.978625685108025278e-01
1.141141141141141097e-01	-1.729310271774461560e-01	-2.560893268848801752e-01
1.151151151151151159e-01	-2.379197164908223860e-01	-2.192900861882567942e-01
1.161161161161161082e-01	-1.656733868251504815e-01	-3.192737498923368111e-01
1.171171171171171144e-01	-1.871351624717361439e-01	-3.250697654813780035e-01
1.181181181181181206e-01	-2.195164798087079205e-01	-3.194397425515085320e-01
1.191191191191191129e-01	-1.881210095238625424e-01	-3.770535572415301129e-01
1.201201201201201191e-01	-1.905586577753820565e-01	-4.002753772305757130e-01
1.211211211211211253e-01	-4.535483878526341828e-01	-1.623608657145453327e-01
1.221221221221221176e-01	-4.024479473223197545e-01	-2.379274793507060726e-01
1.231231231231231238e-01	-5.078170968116119122e-01	-1.563912639940020499e-01
1.241241241241241300e-01	-7.220785191660524793e-01	3.469403053694231076e-02
1.251251251251251362e-01	-6.682062895658811286e-01	-4.167460272854750514e-02
1.261261261261261146e-01	-8.550774702043761888e-01	1.234021441026982302e-01
1.271271271271271208e-01	-8.357642214270996073e-01	8.301798292914497335e-02
1.281281281281281270e-01	-8.843384894042005673e-01	1.112656960154830843e-01
1.291291291291291332e-01	-1.006811155032870886e+00	2.141762642911861914e-01
1.301301301301301394e-01	-1.072289760858380570e+00	2.608765743955147043e-01
1.311311311311311179e-01	-1.031117929923934806e+00	2.017288183988523720e-01
1.321321321321321240e-01	-1.226761204484746237e+00	3.802163141546858194e-01
1.331331331331331302e-01	-1.219906398440836703e+00	3.570428401549056163e-01
1.341341341341341364e-01	-1.199365925031535829e+00	3.210369464487670133e-01
1.351351351351351426e-01	-1.086268622535637940e+00	1.933427643860695655e-01
1.361361361361361211e-01	-9.633976600549752911e-01	5.675789727808633334e-02
1.371371371371371273e-01	-1.090337738863439210e+00	1.708806074732340807e-01
1.381381381381381335e-01	-1.003576083517302875e+00	7.221079405744890156e-02
1.391391391391391397e-01	-1.125499050328783390e+00	1.831465887944647708e-01
1.401401401401401459e-01	-1.212716849263277830e+00	2.603090663788263370e-01
1.411411411411411521e-01	-1.193231046155960096e+00	2.317097359088344799e-01
1.421421421421421305e-01	-1.237968377362999250e+00	2.682843457053116776e-01
1.431431431431431367e-01	-1.164367759805611469e+00	1.874798844441188939e-01
1.441441441441441429e-01	-9.192221228012937839e-01	-6.390359499441033986e-02
1.451451451451451491e-01	-8.312110452266077143e-01	-1.571803454068649852e-01
1.461461461461461553e-01	-9.881822814480053507e-01	-4.497405435514911787e-03
1.471471471471471337e-01	-8.708187086667091847e-01	-1.251676573723951025e-01
1.481481481481481399e-01	-8.848593847440255900e-01	-1.134487735272425857e-01
1.491491491491491461e-01	-9.407496231732626057e-01	-5.889314448896731946e-02
1.501501501501501523e-01	-9.715922282333813165e-01	-2.839664624233273482e-02
1.511511511511511585e-01	-8.757474650592844689e-01	-1.235986714026964250e-01
1.521521521521521647e-01	-8.855851776132872555e-01	-1.121300115829741983e-01
1.531531531531531432e-01	-9.385665849354425383e-01	-5.653106051482359451e-02
1.541541541541541493e-01	-9.262025994804624629e-01	-6.529349411692242366e-02
1.551551551551551555e-01	-1.006395472155805937e+00	1.948137710264585820e-02
1.561561561561561617e-01	-8.814959967781013095e-01	-9.986018397545814995e-02
1.571571571571571679e-01	-1.031015436271931263e+00	5.618758959739711401e-02
1.581581581581581464e-01	-1.125549039662239625e+00	1.582134912649493241e-01
1.591591591591591526e-01	-1.199930655647974298e+00	2.410439609233244740e-01
1.601601601601601588e-01	-1.179581298790001842e+00	2.300916584351885286e-01
1.611611611611611650e-01	-1.049422764714435408e+00	1.102690870946674284e-01
1.621621621621621712e-01	-1.013215345051471150e+00	8.532631775496168913e-02
1.631631631631631496e-01	-9.947587108337466733e-01	7.905188233357718364e-02
1.641641641641641558e-01	-1.098210968996540693e+00	1.955918413275063994e-01
1.651651651651651620e-01	-9.979617619333517320e-01	1.093228952809957022e-01
1.661661661661661682e-01	-9.931161792507490205e-01	1.193363093380204187e-01
1.671671671671671744e-01	-1.051299754580357293e+00	1.932429237246698905e-01
1.681681681681681528e-01	-9.370925184453288148e-01	9.560722114527842042e-02
1.691691691691691590e-01	-8.277083904267104053e-01	3.626734323345925937e-03
1.701701701701701652e-01	-7.104780786157118833e-01	-9.538503834195766196e-02
1.711711711711711714e-01	-7.050216468591592456e-01	-8.182604851243102662e-02
1.721721721721721776e-01	-5.091441579243034532e-01	-2.579100369312954388e-01
1.731731731731731838e-01	-5.487627281015977632e-01	-1.977394602264541668e-01
1.741741741741741623e-01	-5.819613274800022884e-01	-1.432506712803954807e-01
1.751751751751751685e-01	-5.496987724393187502e-01	-1.535059066413653195e-01
1.761761761761761746e-01	-5.189979455133075792e-01	-1.615040458419448877e-01
1.771771771771771808e-01	-5.680457231061911694e-01	-8.908066216299725948e-02
1.781781781781781870e-01	-6.144168322285988859e-01	-1.868414369822202215e-02
1.791791791791791655e-01	-6.453858453190830513e-01	3.693632432486515516e-02
1.801801801801801717e-01	-7.166557042048827819e-01	1.334593069986088620e-01
1.811811811811811779e-01	-7.369701575380533942e-01	1.796035812764108508e-01
1.821821821821821841e-01	-7.719077562035692175e-01	2.409221560742487167e-01
1.831831831831831903e-01	-8.948537423763864851e-01	3.907741865850619112e-01
1.841841841841841965e-01	-8.137007503368534067e-01	3.370257008904262719e-01
1.851851851851851749e-01	-9.161546054263262073e-01	4.673554252258637631e-01
1.861861861861861811e-01	-8.723882929721147317e-01	4.519087797029003872e-01
1.871871871871871873e-01	-8.138609478297036404e-01	4.221168951093057231e-01
1.881881881881881935e-01	-7.959731919430708125e-01	4.333519781614035282e-01
1.891891891891891997e-01	-7.172056926976905222e-01	3.840658979556328401e-01
1.901901901901901781e-01	-6.788185123281317290e-01	3.754895638535044045e-01
1.911911911911911843e-01	-6.193711200419631524e-01	3.461529664334968559e-01
1.921921921921921905e-01	-5.572326642138895059e-01	3.143954788353021668e-01
1.931931931931931967e-01	-4.602262517004317988e-01	2.480101655179239584e-01
1.941941941941942029e-01	-3.592546949311076210e-01	1.778695590584568609e-01
1.951951951951951814e-01	-2.158496496508113538e-01	6.547482783687436081e-02
1.961961961961961876e-01	-9.341164021379042004e-02	-2.580416852238383296e-02
1.971971971971971938e-01	1.105302932346503841e-01	-1.984692016457122732e-01
1.981981981981981999e-01	2.826915516463548994e-01	-3.392666008301476466e-01
1.991991991991992061e-01	3.722558992179036408e-01	-3.974111446072796094e-01
2.002002002002001846e-01	4.395844600802422120e-01	-4.332950267641751951e-01
2.012012012012011908e-01	4.393347288223952152e-01	-4.016068361436784806e-01
2.022022022022021970e-01	5.371304492616802984e-01	-4.680014046668959371e-01
2.032032032032032032e-01	5.506101774824369022e-01	-4.501483396302689011e-01
2.042042042042042094e-01	5.841211100006624690e-01	-4.524258211650384887e-01
2.052052052052052156e-01	4.063154508195387926e-01	-2.435169386544447367e-01
2.062062062062061940e-01	3.551322254742430018e-01	-1.613914742373462330e-01
2.072072072072072002e-01	2.994058163498468095e-01	-7.491440771227481088e-02
2.082082082082082064e-01	2.771357382303021866e-01	-2.211566182999208374e-02
2.092092092092092126e-01	3.216637609338013348e-01	-3.636719485975165034e-02
2.102102102102102188e-01	4.029735931025210660e-01	-8.768265452701845541e-02
2.112112112112111972e-01	4.048261142771010235e-01	-5.985258048251096419e-02
2.122122122122122034e-01	4.997889383045407419e-01	-1.254739383805220099e-01
2.132132132132132096e-01	4.224438922167101373e-01	-1.915756973272964014e-02
2.142142142142142158e-01	4.345682171323887455e-01	-2.709364119091839385e-03
2.152152152152152220e-01	3.980330847542992156e-01	6.197125264431158076e-02
2.162162162162162282e-01	3.928858536176591532e-01	9.480909019597538734e-02
2.172172172172172067e-01	3.893526124028298119e-01	1.255506778379823496e-01
2.182182182182182129e-01	5.016988408002294175e-01	3.990363074796032805e-02
2.192192192192192191e-01	5.390368831243144143e-01	2.872920297039338600e-02
2.202202202202202252e-01	4.314039861960143885e-01	1.619642756416060925e-01
2.212212212212212314e-01	4.347616868632827591e-01	1.836219950529329736e-01
2.222222222222222099e-01	4.056489482835720084e-01	2.371386614029664663e-01
2.232232232232232161e-01	5.588493380801259347e-01	1.077065751022454609e-01
2.242242242242242223e-01	5.052508369547985545e-01	1.844142520234629545e-01
2.252252252252252285e-01	5.126765055238350355e-01	1.994157799071902826e-01
2.262262262262262347e-01	5.208123607800536625e-01	2.130029644966741076e-01
2.272272272272272131e-01	6.031031318056747637e-01	1.517095957551236607e-01
2.282282282282282193e-01	5.890434880090420489e-01	1.860202408705593502e-01
2.292292292292292255e-01	6.477515101086408489e-01	1.467967938038027276e-01
2.302302302302302317e-01	5.225277466349204092e-01	2.907194385888126620e-01
2.312312312312312379e-01	5.401146342144869106e-01	2.910272481012063928e-01
2.322322322322322163e-01	5.222708420011467068e-01	3.259438579116550327e-01
2.332332332332332225e-01	5.893058569676092873e-01	2.751428984922552612e-01
2.342342342342342287e-01	5.419015442749748335e-01	3.379264515414542869e-01
2.352352352352352349e-01	6.573021064603291608e-01	2.370351066706979370e-01
2.362362362362362411e-01	7.955351373293328976e-01	1.124269225502132485e-01
2.372372372372372473e-01	6.316195976623589781e-01	2.890694653905042655e-01
2.382382382382382258e-01	7.102144657037845477e-01	2.222911717759227246e-01
2.392392392392392320e-01	8.452789195591225990e-01	9.812117871245829015e-02
2.402402402402402382e-01	8.383697488114989493e-01	1.149919235659301320e-01
2.412412412412412444e-01	7.759763202704459406e-01	1.864041889661874896e-01
2.422422422422422505e-01	7.542153174344465860e-01	2.162323730853503712e-01
2.432432432432432290e-01	8.395941717678470084e-01	1.379610671798390253e-01
2.442442442442442352e-01	8.830543136433177676e-01	1.006418125362922300e-01
2.452452452452452414e-01	7.523330046591395481e-01	2.365312751042961681e-01
2.462462462462462476e-01	8.070743301106906298e-01	1.859802590296770752e-01
2.472472472472472538e-01	9.492706327439834890e-01	4.699227795457094903e-02
2.482482482482482600e-01	9.734910403000551771e-01	2.499503157046722990e-02
2.492492492492492384e-01	8.374250782376883029e-01	1.622967960327004189e-01
2.502502502502502724e-01	8.926974178994565579e-01	1.072716779682902910e-01
2.512512512512512508e-01	8.971710681839216717e-01	1.020564240121577537e-01
2.522522522522522292e-01	9.755531565304490504e-01	2.194464006405072443e-02
2.532532532532532632e-01	9.320856461971182005e-01	6.269607328546711322e-02
2.542542542542542416e-01	9.606277579255086962e-01	3.045418874351102367e-02
2.552552552552552756e-01	9.946857890587864626e-01	-8.283652363072047109e-03
2.562562562562562540e-01	9.394662965765112617e-01	4.128062064352855387e-02
2.572572572572572325e-01	8.391788714764844004e-01	1.349430089622519757e-01
2.582582582582582664e-01	7.541014008921382850e-01	2.124321766659031940e-01
2.592592592592592449e-01	7.486152199753139946e-01	2.093742923401749056e-01
2.602602602602602788e-01	7.074457911260535470e-01	2.410523424337416287e-01
2.612612612612612573e-01	7.432788254330797706e-01	1.947900014630865595e-01
2.622622622622622357e-01	6.255598502992582022e-01	3.011520551060271611e-01
2.632632632632632697e-01	6.650129230988468532e-01	2.494256763463191806e-01
2.642642642642642481e-01	6.041186380563019487e-01	2.971424074896429346e-01
2.652652652652652820e-01	6.378913677077676647e-01	2.493009067008364887e-01
2.662662662662662605e-01	6.955495718754107770e-01	1.766966261440754415e-01
2.672672672672672389e-01	6.811725160194200823e-01	1.752650798739265880e-01
2.682682682682682729e-01	7.382647559524075920e-01	1.015173445061318125e-01
2.692692692692692513e-01	7.668144636578413387e-01	5.548171794096856679e-02
2.702702702702702853e-01	7.289323776401843702e-01	7.506475272675661170e-02
2.712712712712712637e-01	5.521063467501160504e-01	2.327966951362886450e-01
2.722722722722722422e-01	7.602196694599574478e-01	4.813127997933763780e-03
2.732732732732732761e-01	7.669080800511204332e-01	-2.250203416270157852e-02
2.742742742742742545e-01	6.407555665831435876e-01	8.228761747836665918e-02
2.752752752752752885e-01	6.433708707174190522e-01	5.759446605017792820e-02
2.762762762762762669e-01	6.711254496479742704e-01	7.068886166692656126e-03
2.772772772772773009e-01	7.071929516159904949e-01	-5.244025317625644611e-02
2.782782782782782793e-01	5.985198947165384364e-01	3.214371032601903710e-02
2.792792792792792578e-01	7.205490835537838867e-01	-1.145982072902342885e-01
2.802802802802802917e-01	7.140497084361200342e-01	-1.334107590075146454e-01
2.812812812812812702e-01	7.985151983014566746e-01	-2.437623439173385309e-01
2.822822822822823041e-01	7.430743462722176895e-01	-2.147561575261669464e-01
2.832832832832832826e-01	7.460164822833633691e-01	-2.446553896957568419e-01
2.842842842842842610e-01	7.954010042482131393e-01	-3.214927816577695663e-01
2.852852852852852950e-01	8.197783984093374166e-01	-3.737916727242612258e-01
2.862862862862862734e-01	6.797122808554046935e-01	-2.620880686489377998e-01
2.872872872872873073e-01	6.622994493899684310e-01	-2.734507207985812371e-01
2.882882882882882858e-01	6.844797866165102107e-01	-3.247910569719734131e-01
2.892892892892892642e-01	7.167022112105706499e-01	-3.865291608097330411e-01
2.902902902902902982e-01	6.324416216019159709e-01	-3.321107439901648806e-01
2.912912912912912766e-01	5.532517374721825920e-01	-2.830600165884000763e-01
2.922922922922923106e-01	6.152570655084843576e-01	-3.754716820107482644e-01
2.932932932932932890e-01	5.345291142747062851e-01	-3.253871813371390642e-01
2.942942942942942675e-01	4.543677858050134688e-01	-2.760761146470361860e-01
2.952952952952953014e-01	5.088400124492209464e-01	-3.615749078290804719e-01
2.962962962962962798e-01	3.557386518562475342e-01	-2.396457377310164949e-01
2.972972972972973138e-01	3.938062039923591051e-01	-3.090002795168493854e-01
2.982982982982982922e-01	3.448022894385850412e-01	-2.913672154455273500e-01
2.992992992992992707e-01	2.273751275343333100e-01	-2.053637436081039436e-01
3.003003003003003046e-01	7.050629587787601849e-02	-7.994036810377301572e-02
3.013013013013012831e-01	1.194929703349903033e-01	-1.603631697757006147e-01
3.023023023023023170e-01	7.442404839253284610e-02	-1.466899603131206209e-01
3.033033033033032955e-01	-1.000858634158569016e-01	-3.504300416381680994e-03
3.043043043043043294e-01	-7.024773971715717047e-02	-6.456424028942658877e-02
3.053053053053053079e-01	-1.628774133267203161e-01	-3.023073241992857429e-03
3.063063063063062863e-01	-2.778545551467677122e-01	8.102961367906397205e-02
3.073073073073073203e-01	-4.393466817776274791e-01	2.117919169015447522e-01
3.083083083083082987e-01	-4.366817312364530967e-01	1.786221618076039852e-01
3.093093093093093326e-01	-4.548958381217757529e-01	1.665866478495530711e-01
3.103103103103103111e-01	-4.546851329105370820e-01	1.364114180182291469e-01
3.113113113113112895e-01	-4.226892076302654622e-01	7.476569493598189675e-02
3.123123123123123235e-01	-4.919001689989332404e-01	1.146709046961634226e-01
3.133133133133133019e-01	-5.257563757407851535e-01	1.195943851863142116e-01
3.143143143143143359e-01	-5.506518717274159203e-01	1.159587905730198876e-01
3.153153153153153143e-01	-5.708202375241236970e-01	1.080259145568256418e-01
3.163163163163162928e-01	-5.758456788992943887e-01	8.540775098287456402e-02
3.173173173173173267e-01	-6.027075086818922678e-01	8.511094822001430416e-02
3.183183183183183051e-01	-6.536837729860319746e-01	1.094404083544532336e-01
3.193193193193193391e-01	-6.578365830931539593e-01	8.748459251525253499e-02
3.203203203203203175e-01	-6.844876668317002588e-01	8.859104619780233669e-02
3.213213213213212960e-01	-7.453397161905404023e-01	1.244877213472977973e-01
3.223223223223223299e-01	-7.176023122252219721e-01	7.240887628652936669e-02
3.233233233233233084e-01	-7.923310425364122889e-01	1.234341687920733621e-01
3.243243243243243423e-01	-8.773780593794795468e-01	1.854391904019336845e-01
3.253253253253253208e-01	-9.020163961711024081e-01	1.877197597440815047e-01
3.263263263263262992e-01	-8.801067729855607258e-01	1.441587055014584839e-01
3.273273273273273332e-01	-7.129888774448338573e-01	-4.388287456015815824e-02
3.283283283283283116e-01	-7.358870775131060027e-01	-4.115992196918172308e-02
3.293293293293293456e-01	-6.924031517416271431e-01	-1.040507077633024968e-01
3.303303303303303240e-01	-6.573062607628664678e-01	-1.577668807233953974e-01
3.313313313313313024e-01	-7.324639611350926005e-01	-1.004224725056797052e-01
3.323323323323323364e-01	-6.882197984903920540e-01	-1.616563227002942860e-01
3.333333333333333148e-01	-7.487176534524179194e-01	-1.173077503320199000e-01
3.343343343343343488e-01	-9.701387616916195000e-01	8.882044958181223304e-02
3.353353353353353272e-01	-9.820226681755533926e-01	8.628294449029849655e-02
3.363363363363363057e-01	-1.089501848664527150e+00	1.802264708506390312e-01
3.373373373373373396e-01	-1.066300760705168660e+00	1.443888710199437986e-01
3.383383383383383181e-01	-1.087026408676306177e+00	1.533896450654600452e-01
3.393393393393393520e-01	-9.811339353692205556e-01	3.669552998839165081e-02
3.403403403403403304e-01	-9.206132837726545004e-01	-3.369284995609389544e-02
3.413413413413413644e-01	-9.161130892579272267e-01	-4.711710163598548107e-02
3.423423423423423428e-01	-9.788141400037795314e-01	7.612387733403447321e-03
3.433433433433433213e-01	-1.040558309471745435e+00	6.234537433853715171e-02
3.443443443443443552e-01	-1.035385605731612646e+00	5.112879929824409864e-02
3.453453453453453337e-01	-1.039176848117578045e+00	4.984945846408450620e-02
3.463463463463463676e-01	-1.063566987196749469e+00	7.014731647893879263e-02
3.473473473473473461e-01	-1.057375496609728849e+00	6.084589365939208072e-02
3.483483483483483245e-01	-1.049502200687448372e+00	5.084808961099196445e-02
3.493493493493493585e-01	-1.046136548783470399e+00	4.634545451954430462e-02
3.503503503503503369e-01	-1.058240486837387584e+00	5.830105863709389435e-02
3.513513513513513709e-01	-1.135916124289552576e+00	1.368171580848710489e-01
3.523523523523523493e-01	-1.007943442126914890e+00	1.067290275408216971e-02
3.533533533533533277e-01	-1.004476231931636487e+00	1.002027617635881107e-02
3.543543543543543617e-01	-1.003947371272560840e+00	1.328937270312913199e-02
3.553553553553553401e-01	-1.015718707117918562e+00	2.983828367052254738e-02
3.563563563563563741e-01	-1.106776749070725874e+00	1.266487943485494760e-01
3.573573573573573525e-01	-1.136725871839586288e+00	1.633195910835835152e-01
3.583583583583583310e-01	-1.133550677032867382e+00	1.678286287175122515e-01
3.593593593593593649e-01	-1.123482298810249302e+00	1.663994428119784930e-01
3.603603603603603434e-01	-1.058404613249908532e+00	1.109073665294783018e-01
3.613613613613613773e-01	-1.066131167505883770e+00	1.291564682384459539e-01
3.623623623623623557e-01	-9.978315883323256585e-01	7.230596941064737493e-02
3.633633633633633342e-01	-9.138404952880827548e-01	6.791681150991601967e-04
3.643643643643643681e-01	-8.280185219308223710e-01	-7.187552859249601855e-02
3.653653653653653466e-01	-7.770032936321875638e-01	-1.087336147643427342e-01
3.663663663663663805e-01	-7.712797914554667678e-01	-9.942410870966067460e-02
3.673673673673673590e-01	-7.928428883755346268e-01	-6.196700293139212334e-02
3.683683683683683929e-01	-7.906205888054337327e-01	-4.745000989979242245e-02
3.693693693693693714e-01	-8.174501426441482810e-01	-3.052432462939735913e-03
3.703703703703703498e-01	-7.845372655740399104e-01	-1.758592718100426833e-02
3.713713713713713838e-01	-8.212898406421237363e-01	3.833921443366039572e-02
3.723723723723723622e-01	-7.676481685191285376e-01	4.644334147601236751e-03
3.733733733733733962e-01	-7.432803563517047518e-01	9.778146060955839047e-04
3.743743743743743746e-01	-7.150670232785324432e-01	-5.800195646053496468e-03
3.753753753753753530e-01	-6.933508098333005520e-01	-5.368252519067584494e-03
3.763763763763763870e-01	-6.349874247886995171e-01	-4.089254857398016973e-02
3.773773773773773654e-01	-6.844721679954792748e-01	3.209963147368799508e-02
3.783783783783783994e-01	-6.824581775674771755e-01	5.423818027183469059e-02
3.793793793793793778e-01	-6.139873229231301854e-01	1.054108385970398132e-02
3.803803803803803563e-01	-6.714374452874964927e-01	9.336168578712455979e-02
3.813813813813813902e-01	-6.557816972926145960e-01	1.036480509395448779e-01
3.823823823823823687e-01	-7.537670820620314682e-01	2.281215294307099573e-01
3.833833833833834026e-01	-8.012492657807690488e-01	3.026115945397769846e-01
3.843843843843843811e-01	-7.549738283588273147e-01	2.838371192758091244e-01
3.853853853853853595e-01	-7.641391495249133525e-01	3.209692888807855193e-01
3.863863863863863934e-01	-7.962656343648993884e-01	3.815008532594925117e-01
3.873873873873873719e-01	-8.084151427486199193e-01	4.224655837532899083e-01
3.883883883883884058e-01	-7.151161345206989983e-01	3.583634461064678645e-01
3.893893893893893843e-01	-6.379987033983679501e-01	3.107956625405955409e-01
3.903903903903903627e-01	-5.331460217374258681e-01	2.358161850702529816e-01
3.913913913913913967e-01	-5.109018065619070903e-01	2.437391904273854548e-01
3.923923923923923751e-01	-5.017400236566925686e-01	2.650088133650110311e-01
3.933933933933934091e-01	-5.342962038149606796e-01	3.282304924032683480e-01
3.943943943943943875e-01	-4.882593385399310870e-01	3.130628952880608606e-01
3.953953953953953659e-01	-4.174302787294033035e-01	2.732763476614440412e-01
3.963963963963963999e-01	-2.977958320222185429e-01	1.848269605931449622e-01
3.973973973973973783e-01	-1.526698568596268346e-01	7.099775499641972076e-02
3.983983983983984123e-01	-1.397039743976518505e-03	-4.889753061938988121e-02
3.993993993993993907e-01	9.449912722307102220e-02	-1.133664320075380566e-01
4.004004004004003692e-01	1.370339319776792131e-01	-1.244553141389396073e-01
4.014014014014014031e-01	9.604780649942015747e-02	-5.203570447703967372e-02
4.024024024024023816e-01	1.803844282499800777e-01	-1.049823636675793898e-01
4.034034034034034155e-01	2.460825036806528199e-01	-1.393650383092945588e-01
4.044044044044043940e-01	1.989285595718528477e-01	-6.100122159919962872e-02
4.054054054054054279e-01	2.127429791672850179e-01	-4.374215884543605770e-02
4.064064064064064064e-01	3.000238302411831204e-01	-1.001166450163783750e-01
4.074074074074073848e-01	2.854605289553561187e-01	-5.484465821291725773e-02
4.084084084084084187e-01	2.730450121199153313e-01	-1.194850170782640886e-02
4.094094094094093972e-01	2.648423381340729854e-01	2.647662514147341994e-02
4.104104104104104311e-01	1.319710929015575351e-01	1.892822507825856759e-01
4.114114114114114096e-01	2.037088414428284422e-01	1.471612094085017752e-01
4.124124124124123880e-01	1.661176402967921850e-01	2.140221578268028668e-01
4.134134134134134220e-01	2.494893646755508287e-01	1.595442772651953223e-01
4.144144144144144004e-01	3.515174646349651932e-01	8.600554582193797870e-02
4.154154154154154344e-01	4.070595852575446538e-01	5.852014653641318676e-02
4.164164164164164128e-01	4.397123708223612537e-01	5.346369107711251845e-02
4.174174174174173912e-01	5.035552763649234764e-01	1.672943561665507506e-02
4.184184184184184252e-01	6.098239193460162078e-01	-6.294504385238897104e-02
4.194194194194194036e-01	7.404380053349821633e-01	-1.675057506929635842e-01
4.204204204204204376e-01	7.505303316858515927e-01	-1.521112452949244798e-01
4.214214214214214160e-01	7.685573438115623768e-01	-1.452431758733465639e-01
4.224224224224223945e-01	6.757289763751896938e-01	-2.813609473779632442e-02
4.234234234234234284e-01	7.571755365306975794e-01	-8.594431718979533841e-02
4.244244244244244069e-01	7.974662712120518249e-01	-1.032604650713294658e-01
4.254254254254254408e-01	8.131552926883998111e-01	-9.666136920561663182e-02
4.264264264264264193e-01	8.273463600276473873e-01	-8.927282839530947811e-02
4.274274274274273977e-01	6.773056924259985845e-01	8.161759904208942817e-02
4.284284284284284317e-01	6.578802457070153098e-01	1.211423398764751580e-01
4.294294294294294101e-01	6.473852389487295689e-01	1.509662997256758787e-01
4.304304304304304440e-01	6.674403625182878663e-01	1.494506746746172565e-01
4.314314314314314225e-01	5.900336726369753704e-01	2.445890756108418662e-01
4.324324324324324564e-01	6.431464134791824439e-01	2.083827242541288483e-01
4.334334334334334349e-01	6.461900389716453974e-01	2.214034486959560732e-01
4.344344344344344133e-01	6.091545918376832791e-01	2.736453208869357168e-01
4.354354354354354473e-01	5.907619030074101607e-01	3.063714729349035215e-01
4.364364364364364257e-01	6.445107005519304932e-01	2.660690030401048345e-01
4.374374374374374597e-01	5.721873702860234001e-01	3.509382289082887407e-01
4.384384384384384381e-01	5.766098008905966577e-01	3.581488557765543090e-01
4.394394394394394165e-01	6.918155865236458313e-01	2.536517860702171001e-01
4.404404404404404505e-01	7.533423593103550919e-01	2.018987982879318910e-01
4.414414414414414289e-01	6.623778079641722272e-01	3.016925388519781093e-01
4.424424424424424629e-01	6.412956204068253063e-01	3.306505890454085606e-01
4.434434434434434413e-01	7.151891683480704476e-01	2.636717890657909180e-01
4.444444444444444198e-01	8.805359081542297739e-01	1.042718448579779134e-01
4.454454454454454537e-01	9.491764243244655841e-01	4.060429139931787113e-02
4.464464464464464322e-01	1.035392583552942058e+00	-4.161765554751806206e-02
4.474474474474474661e-01	9.037404945688255475e-01	9.304594558820877825e-02
4.484484484484484446e-01	8.791596539848784975e-01	1.196526202423906504e-01
4.494494494494494230e-01	9.055446716609429902e-01	9.430575529735740758e-02
4.504504504504504570e-01	8.603585013000305537e-01	1.395413704667183286e-01
4.514514514514514354e-01	9.636676930630825311e-01	3.529286669574493995e-02
4.524524524524524693e-01	9.167652857896003704e-01	8.026813398908982933e-02
4.534534534534534478e-01	9.278189490556904007e-01	6.630140843424903174e-02
4.544544544544544262e-01	9.684779798990730271e-01	2.174627359212566446e-02
4.554554554554554602e-01	1.084288675732206775e+00	-9.893971526459011123e-02
4.564564564564564386e-01	9.800547946546748213e-01	-5.554952735582485701e-04
4.574574574574574726e-01	8.629538909831799831e-01	1.097271637199801475e-01
4.584584584584584510e-01	8.665219229121586819e-01	9.837904578258038768e-02
4.594594594594594295e-01	8.605264650791919490e-01	9.564026966005945152e-02
4.604604604604604634e-01	8.511226824479085629e-01	9.536430728694378356e-02
4.614614614614614418e-01	7.792565478363350229e-01	1.566147577174774597e-01
4.624624624624624758e-01	7.078524686480524020e-01	2.164777109292562729e-01
4.634634634634634542e-01	7.554869002614443829e-01	1.563881240535895945e-01
4.644644644644644327e-01	7.499820221563966438e-01	1.485361339634715394e-01
4.654654654654654666e-01	8.998529611133175843e-01	-1.558017810453982133e-02
4.664664664664664451e-01	8.057683967937004921e-01	6.338459480829916615e-02
4.674674674674674790e-01	7.401351348144961095e-01	1.130385983788964044e-01
4.684684684684684575e-01	5.975714380476740972e-01	2.387793709181026403e-01
4.694694694694694914e-01	6.562827671999440504e-01	1.624180871658844616e-01
4.704704704704704699e-01	5.594610231674448375e-01	2.407802994865875235e-01
4.714714714714714483e-01	5.405590206410476606e-01	2.404314470048710684e-01
4.724724724724724823e-01	4.626407653155807931e-01	2.983265603460867887e-01
4.734734734734734607e-01	3.918675982853984108e-01	3.483240984165461018e-01
4.744744744744744946e-01	4.665074899295739153e-01	2.521766349389640283e-01
4.754754754754754731e-01	5.141604611793376689e-01	1.823054168698847732e-01
4.764764764764764515e-01	6.039248763763650496e-01	6.963405051050131078e-02
4.774774774774774855e-01	5.736990826306379576e-01	7.628684042300903911e-02
4.784784784784784639e-01	6.207037471106373605e-01	5.066429741169997669e-03
4.794794794794794979e-01	6.994098019622089213e-01	-9.847416779908613194e-02
4.804804804804804763e-01	8.398923988428752541e-01	-2.643855460729841456e-01
4.814814814814814548e-01	8.558692140497048406e-01	-3.063602359788978324e-01
4.824824824824824887e-01	7.313820988113154398e-01	-2.084143805955122053e-01
4.834834834834834671e-01	6.660002537437481607e-01	-1.700909350593581837e-01
4.844844844844845011e-01	7.244131460558901336e-01	-2.560526097232292964e-01
4.854854854854854795e-01	5.090996083455504584e-01	-6.875099541093110389e-02
4.864864864864864580e-01	5.652579292271976419e-01	-1.533566809832035416e-01
4.874874874874874919e-01	5.975317933595253317e-01	-2.144852207563564539e-01
4.884884884884884704e-01	5.631632162266502206e-01	-2.093500971003105504e-01
4.894894894894895043e-01	5.514702373923465739e-01	-2.272404419079749327e-01
4.904904904904904828e-01	5.399144971247327174e-01	-2.455886418054504805e-01
4.914914914914914612e-01	4.694678567921349854e-01	-2.053369874755267555e-01
4.924924924924924952e-01	5.095963014304293326e-01	-2.759216054661769446e-01
4.934934934934934736e-01	4.642368967724431750e-01	-2.612494447456804036e-01
4.944944944944945076e-01	5.825056406325935798e-01	-4.104061578684251588e-01
4.954954954954954860e-01	4.750439999774467847e-01	-3.340026680525265412e-01
4.964964964964965199e-01	3.401382712346267545e-01	-2.302945596921260885e-01
4.974974974974974984e-01	2.324958629849891711e-01	-1.539583914193191627e-01
4.984984984984984768e-01	1.259971452928152769e-01	-7.884357594050769857e-02
4.994994994994995108e-01	7.844956039446376872e-02	-6.272652133742291636e-02
5.005005005005005447e-01	9.436509330882934810e-02	-1.100881323658707556e-01
5.015015015015015232e-01	5.854929753847155222e-02	-1.057028668907779023e-01
5.025025025025025016e-01	4.632872237083105610e-02	-1.248661939364998363e-01
5.035035035035034801e-01	4.890324075415965893e-02	-1.587469522966591107e-01
5.045045045045044585e-01	-1.518188232451506137e-03	-1.395231436924657675e-01
5.055055055055055480e-01	-5.276996203412482461e-02	-1.193295207300441862e-01
5.065065065065065264e-01	-1.576736326205275263e-01	-4.531381940623402382e-02
5.075075075075075048e-01	-3.435587221516494538e-01	1.098840261873982593e-01
5.085085085085084833e-01	-4.268338967000698259e-01	1.627030273834644825e-01
5.095095095095094617e-01	-3.622033938128323971e-01	6.787753849355132596e-02
5.105105105105105512e-01	-4.186944315257934979e-01	9.446463604142130155e-02
5.115115115115115296e-01	-3.433412756434383595e-01	-1.047184348290014499e-02
5.125125125125125081e-01	-4.733596830100358366e-01	9.031311040686973435e-02
5.135135135135134865e-01	-5.795263372208527830e-01	1.676250889768630126e-01
5.145145145145144649e-01	-5.791992313623797184e-01	1.388506184277614741e-01
5.155155155155155544e-01	-6.048999868642724875e-01	1.365394505316112062e-01
5.165165165165165329e-01	-6.395794906029849125e-01	1.436701719185959902e-01
5.175175175175175113e-01	-6.087529290913665792e-01	8.578521087556600921e-02
5.185185185185184897e-01	-5.756331431741618099e-01	2.612416510335591191e-02
5.195195195195194682e-01	-4.081625338199909581e-01	-1.673443189498977079e-01
5.205205205205205576e-01	-4.296674487690409494e-01	-1.712681853940822840e-01
5.215215215215215361e-01	-4.927284543407185469e-01	-1.330417225110864798e-01
5.225225225225225145e-01	-5.779950284044249598e-01	-7.199089464921970549e-02
5.235235235235234930e-01	-6.245643111683938375e-01	-4.899461571847163466e-02
5.245245245245244714e-01	-6.226688800533914936e-01	-7.379699799582872810e-02
5.255255255255255609e-01	-7.150548657586109913e-01	-3.629259109927285287e-03
5.265265265265265393e-01	-7.057075339016318782e-01	-3.448416280031063597e-02
5.275275275275275177e-01	-6.244055896317123322e-01	-1.365617360299555827e-01
5.285285285285284962e-01	-7.848409042864177287e-01	3.850436640500887187e-03
5.295295295295294746e-01	-7.186040491692600174e-01	-8.163727348477056722e-02
5.305305305305305641e-01	-7.929791266768488889e-01	-2.572172768897895700e-02
5.315315315315315425e-01	-7.802243723460092761e-01	-5.612643661976579601e-02
5.325325325325325210e-01	-7.761257505206565765e-01	-7.704798267273627044e-02
5.335335335335334994e-01	-8.515757132057898415e-01	-1.757727839620826238e-02
5.345345345345344779e-01	-9.725185677962174813e-01	8.824578478744105059e-02
5.355355355355355673e-01	-9.715221611700582960e-01	7.300400505019144504e-02
5.365365365365365458e-01	-9.280852252038589434e-01	1.621020088882474397e-02
5.375375375375375242e-01	-9.639119953211392477e-01	3.958181574383101697e-02
5.385385385385385026e-01	-1.002141791429825624e+00	6.627048587601425123e-02
5.395395395395394811e-01	-1.037013132725731257e+00	9.052614299087990979e-02
5.405405405405405705e-01	-1.004978774212137438e+00	4.881203947288692557e-02
5.415415415415415490e-01	-1.076609400823054674e+00	1.117084321283154935e-01
5.425425425425425274e-01	-1.092551343992236079e+00	1.198702892890761706e-01
5.435435435435435059e-01	-9.650908734909782183e-01	-1.440842589013779929e-02
5.445445445445444843e-01	-9.064514704794290889e-01	-7.889748998818679748e-02
5.455455455455455738e-01	-9.260464369348678781e-01	-6.417781655633092441e-02
5.465465465465465522e-01	-8.567682405456757966e-01	-1.373521169442635248e-01
5.475475475475475307e-01	-1.010030356108550409e+00	1.299693632986032021e-02
5.485485485485485091e-01	-9.789403489582008122e-01	-2.002021080062643676e-02
5.495495495495495986e-01	-1.013660421720332216e+00	1.376054995358333422e-02
5.505505505505505770e-01	-1.019261053685929230e+00	1.941062672762883246e-02
5.515515515515515554e-01	-9.841732332493867696e-01	-1.463904097788237824e-02
5.525525525525525339e-01	-8.670276230398461514e-01	-1.297588171171882854e-01
5.535535535535535123e-01	-9.081744766825706749e-01	-8.560045132285387659e-02
5.545545545545546018e-01	-9.269872166249426559e-01	-6.279349909884046621e-02
5.555555555555555802e-01	-9.063808856845630979e-01	-7.842686732764481139e-02
5.565565565565565587e-01	-9.919459614086481025e-01	1.308500399478651488e-02
5.575575575575575371e-01	-9.523145826332382047e-01	-1.963162681899588424e-02
5.585585585585585155e-01	-9.994360064600562588e-01	3.536565964390459005e-02
5.595595595595596050e-01	-1.055381962430250953e+00	1.001408048319646360e-01
5.605605605605605835e-01	-9.759913247887890275e-01	3.052395219492576306e-02
5.615615615615615619e-01	-9.543685685081892967e-01	1.960991184103788587e-02
5.625625625625625403e-01	-9.584498825512705045e-01	3.532428335695714239e-02
5.635635635635635188e-01	-1.038510905248508642e+00	1.279312016564728705e-01
5.645645645645646082e-01	-1.018123631927150496e+00	1.209902559848370363e-01
5.655655655655655867e-01	-9.671003553030412814e-01	8.430044257842161937e-02
5.665665665665665651e-01	-9.355346938394476508e-01	6.794120617184562505e-02
5.675675675675675436e-01	-9.110446379723644572e-01	5.951550023905161080e-02
5.685685685685685220e-01	-8.609502157030772818e-01	2.632746745525937904e-02
5.695695695695696115e-01	-8.373143525216851790e-01	2.042331532878038924e-02
5.705705705705705899e-01	-7.748034602129378889e-01	-2.354807846146822481e-02
5.715715715715715683e-01	-8.168278737980975146e-01	3.780528821460515942e-02
5.725725725725725468e-01	-8.464970564844238599e-01	8.757376501633507004e-02
5.735735735735735252e-01	-7.160711985113207279e-01	-2.200233312101917971e-02
5.745745745745746147e-01	-6.741397863992425465e-01	-4.235413708354018869e-02
5.755755755755755931e-01	-6.745580033281233234e-01	-1.964780281259981276e-02
5.765765765765765716e-01	-6.927112239190703624e-01	2.148000457816590103e-02
5.775775775775775500e-01	-7.123929760379367204e-01	6.480009440054246284e-02
5.785785785785785285e-01	-6.980802846938646278e-01	7.476611675564648340e-02
5.795795795795796179e-01	-6.180635544160210104e-01	1.964446802509434153e-02
5.805805805805805964e-01	-6.286549167758462842e-01	5.572266213382526256e-02
5.815815815815815748e-01	-6.795154841034679594e-01	1.326366086098411667e-01
5.825825825825825532e-01	-7.107490049058431403e-01	1.904642929242635896e-01
5.835835835835835317e-01	-6.849740003493620666e-01	1.917979384498856854e-01
5.845845845845846211e-01	-7.160967806708113947e-01	2.505170488768540538e-01
5.855855855855855996e-01	-6.474077396823441077e-01	2.098847292254382157e-01
5.865865865865865780e-01	-6.151174657191360584e-01	2.060838237783904070e-01
5.875875875875875565e-01	-5.340861099704516946e-01	1.539463118468538672e-01
5.885885885885885349e-01	-5.559364888882946110e-01	2.050664380369615625e-01
5.895895895895896244e-01	-6.773271436604744178e-01	3.560737999763300410e-01
5.905905905905906028e-01	-6.082771298307568797e-01	3.169581665552109739e-01
5.915915915915915813e-01	-5.445955028506979101e-01	2.834989924386095428e-01
5.925925925925925597e-01	-5.217348590771627714e-01	2.911189883347209961e-01
5.935935935935935381e-01	-5.193720764847751248e-01	3.194648912599674651e-01
5.945945945945946276e-01	-3.962473986672957471e-01	2.272465783454455657e-01
5.955955955955956060e-01	-3.006923548124589285e-01	1.627650168398062647e-01
5.965965965965965845e-01	-3.286714323091647905e-01	2.219539669378053082e-01
5.975975975975975629e-01	-2.694538015677083176e-01	1.940517369853046459e-01
5.985985985985985414e-01	-2.073736466393084343e-01	1.633615446169231766e-01
5.995995995995996308e-01	-1.361775076259125750e-01	1.235988897871735104e-01
6.006006006006006093e-01	-1.761274732425286704e-01	1.949947780269962461e-01
6.016016016016015877e-01	-1.254868852649023148e-01	1.757814556282674967e-01
6.026026026026025662e-01	-1.536497756207675369e-01	2.353218774839716532e-01
6.036036036036035446e-01	-1.023588013879520447e-01	2.153276728170208654e-01
6.046046046046046341e-01	-8.721056843786119395e-02	2.313644995058210529e-01
6.056056056056056125e-01	-1.012461059445243783e-01	2.764425491963934389e-01
6.066066066066065909e-01	-5.738834442993261120e-02	2.634540558416237355e-01
6.076076076076075694e-01	-9.137850102644561046e-02	3.281097113181224989e-01
6.086086086086086588e-01	-5.670270251575453002e-03	2.728328863860958742e-01
6.096096096096096373e-01	1.637291161139009521e-02	2.809569250557832909e-01
6.106106106106106157e-01	-5.672101109419695752e-02	3.839240519519682704e-01
6.116116116116115942e-01	-5.201755477170088432e-02	4.087702431859308594e-01
6.126126126126125726e-01	5.948601020430370478e-02	3.264635487910218514e-01
6.136136136136136621e-01	1.600556605340546223e-01	2.547091205713543638e-01
6.146146146146146405e-01	1.267727745921699289e-01	3.163970860519568218e-01
6.156156156156156189e-01	2.462628287337280675e-01	2.248738803492890681e-01
6.166166166166165974e-01	3.700483367093432840e-01	1.285893345316461711e-01
6.176176176176175758e-01	4.669034372046797499e-01	5.874211542664065089e-02
6.186186186186186653e-01	6.094023921294131618e-01	-5.726874577634144536e-02
6.196196196196196437e-01	5.845738600002966523e-01	-6.498100499925718587e-03
6.206206206206206222e-01	6.721003048622321563e-01	-6.865406579880695137e-02
6.216216216216216006e-01	6.636428823383883069e-01	-3.542288504274815342e-02
6.226226226226225791e-01	7.057558960940287784e-01	-5.338335957223838690e-02
6.236236236236236685e-01	7.042211520697958527e-01	-2.834117870711583276e-02
6.246246246246246470e-01	7.088440783986603710e-01	-1.012501604629312268e-02
6.256256256256256254e-01	5.979735605682302557e-01	1.228936583563536855e-01
6.266266266266266038e-01	6.910412383136186332e-01	5.126130343198853634e-02
6.276276276276275823e-01	8.318479627767206841e-01	-6.884412840519416044e-02
6.286286286286286717e-01	9.303540650748873819e-01	-1.474034388664237083e-01
6.296296296296296502e-01	9.016753102589065705e-01	-9.955211750386316893e-02
6.306306306306306286e-01	8.330151174232685030e-01	-1.251254231618226243e-02
6.316316316316316071e-01	8.314692724117256351e-01	6.601326293500853204e-03
6.326326326326325855e-01	8.519077677218687139e-01	2.902123585056370914e-03
6.336336336336336750e-01	8.682918811435171857e-01	2.412019021610589675e-03
6.346346346346346534e-01	8.100741915646029190e-01	7.566271683192593578e-02
6.356356356356356319e-01	7.483559146512930305e-01	1.515381358720240268e-01
6.366366366366366103e-01	6.363185678595473238e-01	2.768427593134357156e-01
6.376376376376375887e-01	7.077843469256260844e-01	2.177412719960510890e-01
6.386386386386386782e-01	8.124824146900407884e-01	1.244922845773972497e-01
6.396396396396396566e-01	9.058431515978228044e-01	4.165409512260642710e-02
6.406406406406406351e-01	9.281366557468492262e-01	2.894620025142169428e-02
6.416416416416416135e-01	1.042752617749463040e+00	-7.703056943410868662e-02
6.426426426426425920e-01	1.145067896214360337e+00	-1.716616154583582299e-01
6.436436436436436814e-01	1.148818125301835469e+00	-1.686901705796589601e-01
6.446446446446446599e-01	9.929422573800303908e-01	-7.061833932634931088e-03
6.456456456456456383e-01	9.881709743532043344e-01	2.487024216227373685e-03
6.466466466466466168e-01	1.034229101594035694e+00	-3.977314583875823928e-02
6.476476476476475952e-01	1.033617007108617258e+00	-3.634646773578475987e-02
6.486486486486486847e-01	9.649265392509860373e-01	3.417242695369537842e-02
6.496496496496496631e-01	1.010410445923842548e+00	-1.047101772354885885e-02
6.506506506506506415e-01	9.475231598157421997e-01	5.226793444818400580e-02
6.516516516516516200e-01	8.228898365105372648e-01	1.757642745659192540e-01
6.526526526526525984e-01	9.165586441839316256e-01	7.997095876640536449e-02
6.536536536536536879e-01	9.222510067705226300e-01	7.116866394728815770e-02
6.546546546546546663e-01	9.439795719041003119e-01	4.534781774939311561e-02
6.556556556556556448e-01	9.421793712041571789e-01	4.207743522921159052e-02
6.566566566566566232e-01	8.782969151304022004e-01	9.991602000280674911e-02
6.576576576576576016e-01	7.778571390995859813e-01	1.933446131707912130e-01
6.586586586586586911e-01	7.510003567135069558e-01	2.122298341804051969e-01
6.596596596596596696e-01	6.741810836014845432e-01	2.801250501272641857e-01
6.606606606606606480e-01	6.070258554955598740e-01	3.374125498852693639e-01
6.616616616616616264e-01	4.789529722298452308e-01	4.546837913810019005e-01
6.626626626626626049e-01	5.018787793708041622e-01	4.200331103144225864e-01
6.636636636636636943e-01	5.166038335872642495e-01	3.926715442266236478e-01
6.646646646646646728e-01	5.353574581573783409e-01	3.603822655278771103e-01
6.656656656656656512e-01	5.104595964131801722e-01	3.708587156966276499e-01
6.666666666666666297e-01	5.769535475291848181e-01	2.890718562552554438e-01
6.676676676676676081e-01	6.794965157165219205e-01	1.703796054741650856e-01
6.686686686686686976e-01	5.648655654476791854e-01	2.680208681930937864e-01
6.696696696696696760e-01	5.713915697209934752e-01	2.436815717652690561e-01
6.706706706706706544e-01	5.066890133348215253e-01	2.897648461701087808e-01
6.716716716716716329e-01	4.335297614337860761e-01	3.435172380485046473e-01
6.726726726726726113e-01	3.430672627843934785e-01	4.138044892205993142e-01
6.736736736736737008e-01	2.819946142584322524e-01	4.539534532256708776e-01
6.746746746746746792e-01	3.603559763113726722e-01	3.539406601156490084e-01
6.756756756756756577e-01	4.166079305123001064e-01	2.753309384652479763e-01
6.766766766766766361e-01	3.112647186626615881e-01	3.576321550816783379e-01
6.776776776776777256e-01	3.759409385449796193e-01	2.692524973937126531e-01
6.786786786786787040e-01	4.850222170603205596e-01	1.358297777829230446e-01
6.796796796796796825e-01	5.484295986032737824e-01	4.746702203062513892e-02
6.806806806806806609e-01	5.439963493722420607e-01	2.635564120566180613e-02
6.816816816816816393e-01	6.108113688684337905e-01	-6.656800423685393930e-02
6.826826826826827288e-01	6.354555758472076876e-01	-1.178590153853301681e-01
6.836836836836837072e-01	7.051570092103137677e-01	-2.147190812938928883e-01
6.846846846846846857e-01	6.421432589590395645e-01	-1.793489359917388448e-01
6.856856856856856641e-01	4.711513967707340877e-01	-3.645831561633855467e-02
6.866866866866866426e-01	5.658586016621787174e-01	-1.596966111077049999e-01
6.876876876876877320e-01	4.828818951363640921e-01	-1.056526308335947739e-01
6.886886886886887105e-01	4.985562485283345224e-01	-1.506327358340498468e-01
6.896896896896896889e-01	6.162265511046255417e-01	-2.979528362123147200e-01
6.906906906906906674e-01	5.746130510782815337e-01	-2.863038608060594070e-01
6.916916916916916458e-01	5.683287953935025616e-01	-3.102692259646505635e-01
6.926926926926927353e-01	4.835120313943771508e-01	-2.559572665182949791e-01
6.936936936936937137e-01	3.043259611666112030e-01	-1.075010196989045208e-01
6.946946946946946921e-01	2.342659439000397692e-01	-6.836545733132715075e-02
6.956956956956956706e-01	2.670938224362011670e-01	-1.322818424296161866e-01
6.966966966966966490e-01	1.930068482624767989e-01	-8.941668443023523261e-02
6.976976976976977385e-01	4.455026952272554686e-02	2.771564239786168671e-02
6.986986986986987169e-01	-2.298798664796543323e-02	6.385818608867874224e-02
6.996996996996996954e-01	3.985768978185066924e-02	-3.042361755595422018e-02
7.007007007007006738e-01	-9.418137044363819599e-02	7.216998651741182713e-02
7.017017017017016522e-01	-1.779642076718633281e-01	1.245291336788086067e-01
7.027027027027027417e-01	-2.392386787727529829e-01	1.544327542972444567e-01
7.037037037037037202e-01	-2.430515610224750211e-01	1.269586468972434268e-01
7.047047047047046986e-01	-2.331235031023737581e-01	8.585839848223272841e-02
7.057057057057056770e-01	-1.062810422935986376e-01	-7.201062886437570310e-02
7.067067067067066555e-01	-5.420897470209987135e-02	-1.549329582354644075e-01
7.077077077077077449e-01	-6.155534741461368697e-02	-1.782300360831212127e-01
7.087087087087087234e-01	9.292594735328710623e-03	-2.794843156191117450e-01
7.097097097097097018e-01	5.905640965439588191e-02	-3.593872872661458273e-01
7.107107107107106803e-01	-7.023836879138062317e-02	-2.599346816094541546e-01
7.117117117117116587e-01	-3.172662043751740824e-02	-3.279621092070149624e-01
7.127127127127127482e-01	-1.882816435394279453e-01	-2.005670850519614135e-01
7.137137137137137266e-01	-2.375766099609687432e-01	-1.800476022454986502e-01
7.147147147147147050e-01	-1.205375776864438947e-01	-3.254491479986311719e-01
7.157157157157156835e-01	-1.336518906508462889e-01	-3.402563319395947028e-01
7.167167167167166619e-01	-1.913571606930937197e-01	-3.100039318945086997e-01
7.177177177177177514e-01	-3.175799350149766109e-01	-2.107382537310761306e-01
7.187187187187187298e-01	-3.348096657548405020e-01	-2.199431886292766425e-01
7.197197197197197083e-01	-4.322441439692537579e-01	-1.483948054593506316e-01
7.207207207207206867e-01	-4.800657847142504875e-01	-1.258850915492953360e-01
7.217217217217216652e-01	-5.681082321621153675e-01	-6.255537288044110689e-02
7.227227227227227546e-01	-6.429145244508908119e-01	-1.183817398884501326e-02
7.237237237237237331e-01	-6.932230914625310270e-01	1.502875564786498863e-02
7.247247247247247115e-01	-7.658278709131871587e-01	6.486253414559106645e-02
7.257257257257256899e-01	-8.815170230031137422e-01	1.584738389416068260e-01
7.267267267267266684e-01	-9.870523046598692618e-01	2.426462587714511843e-01
7.277277277277277578e-01	-9.530397449182058667e-01	1.880069474603155433e-01
7.287287287287287363e-01	-8.924354914865246791e-01	1.075324496001207608e-01
7.297297297297297147e-01	-8.456267334834361993e-01	4.162960311649699374e-02
7.307307307307306932e-01	-8.729583022400630998e-01	5.066212064125585890e-02
7.317317317317316716e-01	-9.342161843958772804e-01	9.443408393733854211e-02
7.327327327327327611e-01	-9.495465372295089912e-01	9.310894133616298696e-02
7.337337337337337395e-01	-9.586433974448871354e-01	8.639719942540147191e-02
7.347347347347347180e-01	-7.631897613771487787e-01	-1.240025130314539314e-01
7.357357357357356964e-01	-9.604322038088801694e-01	5.917115826293573022e-02
7.367367367367367859e-01	-9.054373743009442865e-01	-9.001225144221969288e-03
7.377377377377377643e-01	-1.020631594674381804e+00	9.391968926909688431e-02
7.387387387387387427e-01	-1.020977179668169033e+00	8.290835277200381270e-02
7.397397397397397212e-01	-1.027742136554836483e+00	7.924400299504230638e-02
7.407407407407406996e-01	-1.078473319782211837e+00	1.204838074667232695e-01
7.417417417417417891e-01	-1.156190624714428905e+00	1.896570471563873150e-01
7.427427427427427675e-01	-1.063878279286011086e+00	8.975639884727493190e-02
7.437437437437437460e-01	-1.041029939304884966e+00	6.028302208484570546e-02
7.447447447447447244e-01	-1.078548783076755502e+00	9.214664638104097527e-02
7.457457457457457028e-01	-1.043917702173221773e+00	5.283575550420238631e-02
7.467467467467467923e-01	-1.010930614095443048e+00	1.614889461285773375e-02
7.477477477477477708e-01	-9.448827055092592353e-01	-5.261509108524042855e-02
7.487487487487487492e-01	-1.014007906497248257e+00	1.478041430116894261e-02
7.497497497497497276e-01	-1.012938033560226936e+00	1.296893769248008699e-02
7.507507507507507061e-01	-9.787395017797008157e-01	-2.098237249068790611e-02
7.517517517517517955e-01	-1.125604396940470764e+00	1.271183250699483569e-01
7.527527527527527740e-01	-1.028856611176877989e+00	3.259370047832343964e-02
7.537537537537537524e-01	-8.789735305346869643e-01	-1.140810586056806297e-01
7.547547547547547309e-01	-8.394267318983246184e-01	-1.494375478651112088e-01
7.557557557557557093e-01	-7.798176762477440072e-01	-2.038784499318665455e-01
7.567567567567567988e-01	-7.591571962893586267e-01	-2.183980426583276291e-01
7.577577577577577772e-01	-7.646798085765204034e-01	-2.057678819432769979e-01
7.587587587587587556e-01	-8.384501928395206027e-01	-1.239303163971128274e-01
7.597597597597597341e-01	-8.401853502972365106e-01	-1.131763220801932368e-01
7.607607607607607125e-01	-8.873136289386491793e-01	-5.608646933293304215e-02
7.617617617617618020e-01	-8.626703152816552755e-01	-6.983532219805244079e-02
7.627627627627627804e-01	-8.415909790812199365e-01	-7.909808397164275195e-02
7.637637637637637589e-01	-8.282372744556398825e-01	-7.972478542390648570e-02
7.647647647647647373e-01	-8.090792929833170444e-01	-8.525792014771105265e-02
7.657657657657657158e-01	-8.833436807372770927e-01	3.515684920846084971e-03
7.667667667667668052e-01	-9.256910605738264408e-01	6.124230511396078214e-02
7.677677677677677837e-01	-8.649538752681910081e-01	1.673917535538904655e-02
7.687687687687687621e-01	-7.142242676731718198e-01	-1.169176146425222607e-01
7.697697697697697405e-01	-7.659114287796174869e-01	-4.733575644411680550e-02
7.707707707707707190e-01	-7.649712443597556089e-01	-2.957705955269041009e-02
7.717717717717718084e-01	-7.608088834235224862e-01	-1.425484545607802467e-02
7.727727727727727869e-01	-7.815414302809502445e-01	2.672870272015159809e-02
7.737737737737737653e-01	-7.683480835627625183e-01	3.453275828603397102e-02
7.747747747747747438e-01	-7.572496705664826244e-01	4.515738513545519695e-02
7.757757757757757222e-01	-8.249746662100126970e-01	1.353095772317477463e-01
7.767767767767768117e-01	-8.510147987299240269e-01	1.844588855475529643e-01
7.777777777777777901e-01	-8.650260164353010817e-01	2.222384067487616077e-01
7.787787787787787686e-01	-8.771261971060435592e-01	2.587425151898268272e-01
7.797797797797797470e-01	-8.571438277214203927e-01	2.637755658837974693e-01
7.807807807807807254e-01	-7.403950267578832678e-01	1.726289406631744683e-01
7.817817817817818149e-01	-6.561858149232289161e-01	1.145833433750396146e-01
7.827827827827827933e-01	-6.118558178644584178e-01	9.695252762364525712e-02
7.837837837837837718e-01	-6.394679336477090414e-01	1.517729898340726691e-01
7.847847847847847502e-01	-5.948358373127790033e-01	1.348314999141647652e-01
7.857857857857857287e-01	-5.661771493573997116e-01	1.343182963441009181e-01
7.867867867867868181e-01	-4.789563346011941336e-01	7.567001211721330334e-02
7.877877877877877966e-01	-3.978644134776962438e-01	2.354941355367640154e-02
7.887887887887887750e-01	-4.470022597924135921e-01	1.020287259978207017e-01
7.897897897897897534e-01	-3.780067550281889788e-01	6.271581645268603511e-02
7.907907907907907319e-01	-4.041972533541234869e-01	1.189006872800717485e-01
7.917917917917918214e-01	-3.420873595755932195e-01	8.706728317528278360e-02
7.927927927927927998e-01	-3.614173505636927297e-01	1.369259419261186772e-01
7.937937937937937782e-01	-2.295619232172128321e-01	3.582117198031226080e-02
7.947947947947947567e-01	-2.391619564088177663e-01	7.636344424372248918e-02
7.957957957957957351e-01	-2.657907203028886944e-01	1.340954314672626324e-01
7.967967967967968246e-01	-2.200138839154376080e-01	1.195520460632692461e-01
7.977977977977978030e-01	-2.434931799334280056e-01	1.743641353386415349e-01
7.987987987987987815e-01	-2.405289257095833133e-01	2.028010330308662457e-01
7.997997997997997599e-01	-2.504470948485171267e-01	2.441576615324480004e-01
8.008008008008007383e-01	-1.788925043219079525e-01	2.040477497112808958e-01
8.018018018018018278e-01	-8.346896242040527381e-02	1.400440116041967720e-01
8.028028028028028062e-01	-4.970927858300172586e-02	1.376481869940606173e-01
8.038038038038037847e-01	-6.828880993137159683e-02	1.875046186675446425e-01
8.048048048048047631e-01	2.344559161310029796e-02	1.269292302008346029e-01
8.058058058058058526e-01	1.350312965401286869e-01	4.635383933252260058e-02
8.068068068068068310e-01	2.245077481531288222e-01	-1.229166197062217525e-02
8.078078078078078095e-01	2.843074939869622009e-01	-4.147030860837430666e-02
8.088088088088087879e-01	1.941291619006263180e-01	7.908899170783881272e-02
8.098098098098097664e-01	2.200530838878788364e-01	8.327586458674565706e-02
8.108108108108108558e-01	2.462125048522154636e-01	8.692728988984188554e-02
8.118118118118118343e-01	3.522884534146838442e-01	1.033276036698144162e-02
8.128128128128128127e-01	4.502699659072301186e-01	-5.852591318683247890e-02
8.138138138138137911e-01	3.863542916315357290e-01	3.412522163767750527e-02
8.148148148148147696e-01	4.564901341955837633e-01	-7.690953995124039100e-03
8.158158158158158590e-01	5.676487160028620416e-01	-9.097366655643518429e-02
8.168168168168168375e-01	5.587650349895221247e-01	-5.468547919819632952e-02
8.178178178178178159e-01	6.501272349205479140e-01	-1.191416347912277462e-01
8.188188188188187944e-01	6.405614501912521019e-01	-8.319487392961133487e-02
8.198198198198197728e-01	6.566768272508484161e-01	-7.348043004457760485e-02
8.208208208208208623e-01	6.212149295188800213e-01	-1.276540852466379050e-02
8.218218218218218407e-01	6.665389361810168944e-01	-3.343796025419487616e-02
8.228228228228228192e-01	6.185848323853111452e-01	3.854155288387695055e-02
8.238238238238237976e-01	5.745517457356920099e-01	1.059502456195589026e-01
8.248248248248247760e-01	5.273097031328926043e-01	1.758949759477888009e-01
8.258258258258258655e-01	5.930878526089535807e-01	1.321241461514450766e-01
8.268268268268268439e-01	6.240733882180133918e-01	1.224288001100389822e-01
8.278278278278278224e-01	7.837115648477659402e-01	-1.665736999216782532e-02
8.288288288288288008e-01	8.234983855268838138e-01	-3.665069015529531793e-02
8.298298298298297793e-01	8.240395429774760583e-01	-1.817642601980928863e-02
8.308308308308308687e-01	8.601744055941645817e-01	-3.609274949079932515e-02
8.318318318318318472e-01	9.222201755015850821e-01	-8.073487820153490979e-02
8.328328328328328256e-01	9.589892174862644225e-01	-1.009323866305776862e-01
8.338338338338338041e-01	9.091061947806279298e-01	-3.532632486790088233e-02
8.348348348348347825e-01	9.283185021578123086e-01	-3.967963550545683393e-02
8.358358358358358720e-01	9.832024299075435847e-01	-8.058330223850906915e-02
8.368368368368368504e-01	9.430521755428977748e-01	-2.734534704272884031e-02
8.378378378378378288e-01	9.628724635837824231e-01	-3.498343628727385024e-02
8.388388388388388073e-01	9.756423440194257335e-01	-3.648866639965908654e-02
8.398398398398397857e-01	9.744670263530399446e-01	-2.497738599822696415e-02
8.408408408408408752e-01	1.014566604863233579e+00	-5.567991013858364369e-02
8.418418418418418536e-01	9.420076750243803199e-01	2.532787337290964835e-02
8.428428428428428321e-01	1.023510060113193898e+00	-4.868221343866019346e-02
8.438438438438438105e-01	1.087817303656727352e+00	-1.064611229031685591e-01
8.448448448448447889e-01	1.082083155997996871e+00	-9.516906094483712497e-02
8.458458458458458784e-01	1.071607213495165078e+00	-8.011111989778030296e-02
8.468468468468468568e-01	1.093733157342966278e+00	-9.863551189270036712e-02
8.478478478478478353e-01	1.025860462873930290e+00	-2.814527367766894717e-02
8.488488488488488137e-01	9.752293969994554335e-01	2.411673946252546052e-02
8.498498498498497922e-01	9.613923817253682280e-01	3.859649275034582327e-02
8.508508508508508816e-01	8.251130079416453267e-01	1.745297597205845985e-01
8.518518518518518601e-01	7.543900827297738143e-01	2.439180755414944723e-01
8.528528528528528385e-01	7.750190887049656085e-01	2.209672773341390117e-01
8.538538538538538170e-01	7.354414717587426376e-01	2.572382151247777360e-01
8.548548548548547954e-01	6.585595358425955226e-01	3.298318547908777321e-01
8.558558558558558849e-01	6.174351462917998523e-01	3.656905715039044935e-01
8.568568568568568633e-01	5.512553847171752786e-01	4.256324906443177403e-01
8.578578578578578417e-01	5.133864793761440115e-01	4.562975522815436724e-01
8.588588588588588202e-01	4.674692468426652203e-01	4.940520634044607284e-01
8.598598598598597986e-01	4.621966061875159015e-01	4.902111766969364792e-01
8.608608608608608881e-01	5.281715213524260655e-01	4.141809401818928871e-01
8.618618618618618665e-01	5.311229663674209567e-01	4.002423230924341269e-01
8.628628628628628450e-01	5.455526545403142080e-01	3.739044768498913651e-01
8.638638638638638234e-01	5.799160540909371608e-01	3.267237086859530182e-01
8.648648648648649129e-01	6.419975588095970798e-01	2.509282993399714057e-01
8.658658658658658913e-01	6.200447157003712295e-01	2.582842628823981412e-01
8.668668668668668698e-01	6.494926288816277316e-01	2.133709294043031335e-01
8.678678678678678482e-01	7.277231047478074366e-01	1.188217855822536473e-01
8.688688688688688266e-01	7.058883664702216842e-01	1.235007450548624153e-01
8.698698698698699161e-01	8.033998413467973165e-01	8.013345116068659735e-03
8.708708708708708945e-01	8.808133093921296508e-01	-8.817841865044373506e-02
8.718718718718718730e-01	8.685993280898637314e-01	-9.552653470114602641e-02
8.728728728728728514e-01	8.450906061435743410e-01	-9.234436764561859690e-02
8.738738738738738299e-01	7.615187408945012226e-01	-2.984341479282082155e-02
8.748748748748749193e-01	8.368825284191639957e-01	-1.270016361247348069e-01
8.758758758758758978e-01	7.060503232083070735e-01	-1.866583457919768207e-02
8.768768768768768762e-01	6.758187540302569296e-01	-1.161039322464263446e-02
8.778778778778778547e-01	6.185114452596676138e-01	2.186398141335976764e-02
8.788788788788788331e-01	5.981320627409133506e-01	1.777719082626894043e-02
8.798798798798799226e-01	4.801012611644067674e-01	1.107327738415523344e-01
8.808808808808809010e-01	5.708976299335281057e-01	-5.723063168135866796e-03
8.818818818818818794e-01	4.752408934876714564e-01	6.371532887254566235e-02
8.828828828828828579e-01	4.674108232321168011e-01	4.479410472099942808e-02
8.838838838838838363e-01	4.254604428267356186e-01	5.948669389075544878e-02
8.848848848848849258e-01	3.590383166418515959e-01	9.817148603722591904e-02
8.858858858858859042e-01	3.099207348231926007e-01	1.190996192391335917e-01
8.868868868868868827e-01	3.541371379254955598e-01	4.626952824230945449e-02
8.878878878878878611e-01	3.323294929001915365e-01	3.906754090737912799e-02
8.888888888888888395e-01	3.375621672986228727e-01	4.457976027049836976e-03
8.898898898898899290e-01	2.949634776087758925e-01	1.734156662271230109e-02
8.908908908908909074e-01	2.309034284534341730e-01	5.137769202053768525e-02
8.918918918918918859e-01	2.437611782718603348e-01	8.216883113266459926e-03
8.928928928928928643e-01	3.009490435082613491e-01	-7.952321118669911093e-02
8.938938938938938428e-01	2.731738396931225332e-01	-8.251919466005686044e-02
8.948948948948949322e-01	1.593773543193484354e-01	3.175734682001052356e-04
8.958958958958959107e-01	2.826108754498219411e-01	-1.540335801679526828e-01
8.968968968968968891e-01	2.238020831061178773e-01	-1.264695647378131504e-01
8.978978978978978676e-01	1.057130927146871235e-01	-3.972159908806301154e-02
8.988988988988988460e-01	2.167773035718349173e-01	-1.821920907600160233e-01
8.998998998998999355e-01	2.054013981168859304e-01	-2.022566659091500352e-01
9.009009009009009139e-01	1.206838715936267292e-01	-1.489827296767437803e-01
9.019019019019018923e-01	2.005175697848163643e-02	-7.976622186168898232e-02
9.029029029029028708e-01	-2.239335695979970120e-03	-8.883168699066035234e-02
9.039039039039038492e-01	1.471156211238272907e-02	-1.370490864908379403e-01
9.049049049049049387e-01	-9.576369828692971042e-02	-5.771935360928659442e-02
9.059059059059059171e-01	1.503214886721074804e-02	-1.995089556707016487e-01
9.069069069069068956e-01	-4.693939791973069514e-02	-1.683487428253566953e-01
9.079079079079078740e-01	-1.215017511428927999e-01	-1.243848346109565628e-01
9.089089089089088525e-01	-1.312003808382701808e-01	-1.450415035408018638e-01
9.099099099099099419e-01	-1.065369139445996455e-01	-1.997871056621834396e-01
9.109109109109109204e-01	-1.626948617203818614e-01	-1.734083828218323797e-01
9.119119119119118988e-01	-2.561551696803616718e-01	-1.093949421448574544e-01
9.129129129129128772e-01	-2.763557098032399795e-01	-1.182797929461995579e-01
9.139139139139138557e-01	-4.002184575674481715e-01	-2.311219848908363517e-02
9.149149149149149451e-01	-4.781031761141883996e-01	2.649597973729411748e-02
9.159159159159159236e-01	-5.053609870094368794e-01	2.592382472062920717e-02
9.169169169169169020e-01	-5.178223535693314838e-01	1.102931960105923981e-02
9.179179179179178805e-01	-4.831218811817140080e-01	-5.052587922040679969e-02
9.189189189189188589e-01	-4.754114818980762491e-01	-8.456330423951641251e-02
9.199199199199199484e-01	-5.636824989491152627e-01	-2.206557859272306743e-02
9.209209209209209268e-01	-6.268535425140125961e-01	1.591139396858909372e-02
9.219219219219219053e-01	-5.972479833924225767e-01	-3.828410245196089967e-02
9.229229229229228837e-01	-5.895963001926327607e-01	-6.989727334326145680e-02
9.239239239239238621e-01	-5.161132989593537612e-01	-1.666896182038325458e-01
9.249249249249249516e-01	-5.258029040226336326e-01	-1.796341631233182579e-01
9.259259259259259300e-01	-4.675722308278428829e-01	-2.598014107452060739e-01
9.269269269269269085e-01	-5.074134825361715784e-01	-2.411774657988182691e-01
9.279279279279278869e-01	-5.148986357531635250e-01	-2.541693708211515412e-01
9.289289289289288654e-01	-5.494645014503594105e-01	-2.393200659822694032e-01
9.299299299299299548e-01	-5.229550192471056347e-01	-2.847661148267019993e-01
9.309309309309309333e-01	-3.934074078768637905e-01	-4.324515730866792529e-01
9.319319319319319117e-01	-4.322334366863540556e-01	-4.109467356998673937e-01
9.329329329329328901e-01	-4.870652704514759068e-01	-3.726023097292677222e-01
9.339339339339339796e-01	-5.733553363476234788e-01	-3.019495643301889354e-01
9.349349349349349581e-01	-5.802954603440697579e-01	-3.097812104778365772e-01
9.359359359359359365e-01	-6.823753765020126316e-01	-2.215929069600032220e-01
9.369369369369369149e-01	-8.094849727187642952e-01	-1.074810290772482135e-01
9.379379379379378934e-01	-7.053110067876195988e-01	-2.237459661667418054e-01
9.389389389389389828e-01	-8.538885362010435465e-01	-8.634070450871489388e-02
9.399399399399399613e-01	-9.273030623591076438e-01	-2.316869494100404214e-02
9.409409409409409397e-01	-9.057737962732493875e-01	-5.400059807993939920e-02
9.419419419419419182e-01	-8.462316009731021271e-01	-1.218963519290160447e-01
9.429429429429428966e-01	-8.469425714294585017e-01	-1.285816010523792574e-01
9.439439439439439861e-01	-7.319010403809516063e-01	-2.500546989165552958e-01
9.449449449449449645e-01	-8.196993789815899545e-01	-1.677169144751989860e-01
9.459459459459459429e-01	-8.659337240560839311e-01	-1.259667112027927915e-01
9.469469469469469214e-01	-8.776935625318778023e-01	-1.177101680021345187e-01
9.479479479479478998e-01	-8.126917202214221092e-01	-1.852309948068210366e-01
9.489489489489489893e-01	-7.860357879642444479e-01	-2.134191098648249296e-01
9.499499499499499677e-01	-8.094533415770019946e-01	-1.905454222515954310e-01
9.509509509509509462e-01	-8.752237653418507568e-01	-1.243300098799131614e-01
9.519519519519519246e-01	-8.891764026249969755e-01	-1.089439694131495440e-01
9.529529529529529031e-01	-8.098781898143975200e-01	-1.858217818924402520e-01
9.539539539539539925e-01	-8.160705793092004612e-01	-1.762243883456131588e-01
9.549549549549549710e-01	-7.894719687030617994e-01	-1.984367582371163730e-01
9.559559559559559494e-01	-7.713124188641066192e-01	-2.112331680585215476e-01
9.569569569569569278e-01	-7.273090097509189444e-01	-2.489018412235114441e-01
9.579579579579579063e-01	-7.567077153235935993e-01	-2.122030679125563868e-01
9.589589589589589957e-01	-6.848345924299852339e-01	-2.758180099923357442e-01
9.599599599599599742e-01	-8.337428733924087121e-01	-1.177016012907683429e-01
9.609609609609609526e-01	-9.069231778546745781e-01	-3.437232767482956142e-02
9.619619619619619311e-01	-9.143972008525873552e-01	-1.581852997601718158e-02
9.629629629629629095e-01	-8.610144106861070679e-01	-5.720169619416781703e-02
9.639639639639639990e-01	-8.259630518958208656e-01	-7.934544768677587179e-02
9.649649649649649774e-01	-9.043138137506352425e-01	1.280814105235061895e-02
9.659659659659659559e-01	-9.686734039872025859e-01	9.185212875404746846e-02
9.669669669669669343e-01	-9.401084463031349481e-01	7.883861836390360089e-02
9.679679679679679127e-01	-8.604732278001309131e-01	1.560651884431163428e-02
9.689689689689690022e-01	-7.535079780526752202e-01	-7.412016055005632431e-02
9.699699699699699806e-01	-7.322677697357394822e-01	-7.730339360500571022e-02
9.709709709709709591e-01	-7.664699609227435539e-01	-2.424367799235027654e-02
9.719719719719719375e-01	-7.183587326075869806e-01	-5.271548009113868893e-02
9.729729729729729160e-01	-6.709252407240046123e-01	-7.974706452872182272e-02
9.739739739739740054e-01	-5.982915747905453996e-01	-1.312365163316437933e-01
9.749749749749749839e-01	-4.950597611485107463e-01	-2.126027177379954947e-01
9.759759759759759623e-01	-5.152937211153363339e-01	-1.698033693684448675e-01
9.769769769769769407e-01	-5.477291094314434838e-01	-1.141251303984260890e-01
9.779779779779779192e-01	-5.831155413527564502e-01	-5.484136940035821972e-02
9.789789789789790087e-01	-6.371276362185350761e-01	2.369890195187207560e-02
9.799799799799799871e-01	-6.455137563663372324e-01	5.721979116553255196e-02
9.809809809809809655e-01	-6.410181821279512526e-01	7.844072390951339901e-02
9.819819819819819440e-01	-5.943483613152842349e-01	5.804371807789965310e-02
9.829829829829829224e-01	-6.064508064551084043e-01	9.694930617123176386e-02
9.839839839839840119e-01	-4.826039299262278592e-01	4.093961241783961036e-04
9.849849849849849903e-01	-5.617706711998052826e-01	1.073599247549279490e-01
9.859859859859859688e-01	-5.489348671323113216e-01	1.227572547598747565e-01
9.869869869869869472e-01	-5.571458977896507347e-01	1.596228477057350936e-01
9.879879879879879256e-01	-5.201161368131570484e-01	1.516407420029030062e-01
9.889889889889890151e-01	-4.172125219135516261e-01	7.814915141887746053e-02
9.899899899899899935e-01	-4.466190518468370341e-01	1.373029904579677885e-01
9.909909909909909720e-01	-3.992824228097139327e-01	1.200195395168821011e-01
9.919919919919919504e-01	-3.612627352894148269e-01	1.123291808225199140e-01
9.929929929929930399e-01	-3.452132135296289706e-01	1.268551472849822337e-01
9.939939939939940183e-01	-3.166052368089072866e-01	1.290385834330708692e-01
9.949949949949949968e-01	-2.911582195756967639e-01	1.345684554471383021e-01
9.959959959959959752e-01	-2.652854134483672577e-01	1.398273832680689277e-01
9.969969969969969537e-01	-2.264356984589978583e-01	1.322334621313678293e-01
9.979979979979980431e-01	-1.673142798762017047e-01	1.044609898317215430e-01
9.989989989989990216e-01	-1.667000290155468967e-01	1.352578380964265803e-01
1.000000000000000000e+00	-1.060571699630023790e-01	1.060571699630011577e-01
