# Time	FTRLS_Output	FTRLS_Error
0.000000000000000000e+00	0.000000000000000000e+00	0.000000000000000000e+00
1.001001001001000992e-03	0.000000000000000000e+00	0.000000000000000000e+00
2.002002002002001985e-03	0.000000000000000000e+00	0.000000000000000000e+00
3.003003003003002977e-03	0.000000000000000000e+00	0.000000000000000000e+00
4.004004004004003969e-03	0.000000000000000000e+00	0.000000000000000000e+00
5.005005005005004962e-03	0.000000000000000000e+00	0.000000000000000000e+00
6.006006006006005954e-03	0.000000000000000000e+00	0.000000000000000000e+00
7.007007007007006946e-03	0.000000000000000000e+00	0.000000000000000000e+00
8.008008008008007939e-03	0.000000000000000000e+00	0.000000000000000000e+00
9.009009009009008931e-03	0.000000000000000000e+00	0.000000000000000000e+00
1.001001001001000992e-02	0.000000000000000000e+00	0.000000000000000000e+00
1.101101101101101092e-02	0.000000000000000000e+00	0.000000000000000000e+00
1.201201201201201191e-02	0.000000000000000000e+00	0.000000000000000000e+00
1.301301301301301290e-02	0.000000000000000000e+00	0.000000000000000000e+00
1.401401401401401389e-02	0.000000000000000000e+00	0.000000000000000000e+00
1.501501501501501488e-02	0.000000000000000000e+00	0.000000000000000000e+00
1.601601601601601588e-02	0.000000000000000000e+00	0.000000000000000000e+00
1.701701701701701513e-02	0.000000000000000000e+00	0.000000000000000000e+00
1.801801801801801786e-02	0.000000000000000000e+00	0.000000000000000000e+00
1.901901901901902059e-02	0.000000000000000000e+00	0.000000000000000000e+00
2.002002002002001985e-02	0.000000000000000000e+00	0.000000000000000000e+00
2.102102102102101910e-02	0.000000000000000000e+00	0.000000000000000000e+00
2.202202202202202183e-02	0.000000000000000000e+00	0.000000000000000000e+00
2.302302302302302456e-02	0.000000000000000000e+00	0.000000000000000000e+00
2.402402402402402382e-02	0.000000000000000000e+00	0.000000000000000000e+00
2.502502502502502307e-02	0.000000000000000000e+00	7.076624788865043536e-01
2.602602602602602580e-02	2.683978461264079574e+00	-1.954450370141891158e+00
2.702702702702702853e-02	1.509772015190197658e+00	-7.590997099374733326e-01
2.802802802802802778e-02	4.402278794892592551e+00	-3.631204582193867658e+00
2.902902902902902704e-02	4.495422536098652166e+00	-3.704708897183558669e+00
3.003003003003002977e-02	2.755350857233248352e+00	-1.945779693892504270e+00
3.103103103103103250e-02	3.191757818296166782e+00	-2.364129679693435460e+00
3.203203203203203175e-02	1.563701627713573794e+00	-7.188349187577560695e-01
3.303303303303303101e-02	1.629561496776395502e-01	6.983136782615912974e-01
3.403403403403403027e-02	2.384285450353873959e+00	-1.507464175120720506e+00
3.503503503503503647e-02	3.071149171025802982e+00	-2.179643498327519247e+00
3.603603603603603572e-02	4.456684278062688520e+00	-3.551375778480092116e+00
3.703703703703703498e-02	4.400227641399213852e+00	-3.482011534518939744e+00
3.803803803803804118e-02	2.595286172935741931e+00	-1.665070442107137616e+00
3.903903903903904044e-02	2.767740526219184094e+00	-1.826445020689680732e+00
4.004004004004003969e-02	1.974274249024079442e+00	-1.022829774340902720e+00
4.104104104104103895e-02	1.554577503842305974e+00	-5.939249014199849963e-01
4.204204204204203821e-02	1.256472117929271937e+00	-2.875613346931223946e-01
4.304304304304304440e-02	5.212159778694378076e+00	-4.235948927719948465e+00
4.404404404404404366e-02	2.584283060294647605e+00	-1.601737473372019771e+00
4.504504504504504292e-02	2.792825148119238765e+00	-1.804916421179060704e+00
4.604604604604604912e-02	2.013255929769967700e+00	-1.020960962115153858e+00
4.704704704704704837e-02	3.924424488730664073e+00	-2.928724517023826301e+00
4.804804804804804763e-02	1.742582162451548289e+00	-7.444617904134019915e-01
4.904904904904904689e-02	2.916842753191625004e+00	-1.917288977969861197e+00
5.005005005005004615e-02	2.357267907897528048e+00	-1.357269144068930622e+00
5.105105105105105234e-02	3.445979881726004113e+00	-2.446524983896934735e+00
5.205205205205205160e-02	2.706724854142682712e+00	-1.708802139114439456e+00
5.305305305305305086e-02	2.126453117473414700e+00	-1.131049386939402268e+00
5.405405405405405705e-02	2.944455989024325149e+00	-1.952555553765448426e+00
5.505505505505505631e-02	3.259756722623782021e+00	-2.272340429166993303e+00
5.605605605605605557e-02	2.984240592256411695e+00	-2.002284852958904793e+00
5.705705705705705483e-02	3.197244423181957007e+00	-2.221720250700118360e+00
5.805805805805805409e-02	2.673963822475869723e+00	-1.705835869573750774e+00
5.905905905905906028e-02	2.857246468884332202e+00	-1.897472074531143083e+00
6.006006006006005954e-02	2.635505438442194759e+00	-1.685033681142083184e+00
6.106106106106105880e-02	2.729492225869786015e+00	-1.789262985160027020e+00
6.206206206206206499e-02	2.379839454129965226e+00	-1.450782481175602490e+00
6.306306306306305731e-02	1.854906264677836925e+00	-9.379402628818234167e-01
6.406406406406406351e-02	2.795483516386843004e+00	-1.891515232924826817e+00
6.506506506506506970e-02	2.500177859857007689e+00	-1.610101189035101799e+00
6.606606606606606202e-02	1.940701477863401303e+00	-1.065396577185588223e+00
6.706706706706706822e-02	2.923894070410901769e+00	-2.064226490230156585e+00
6.806806806806806054e-02	2.165076336579294214e+00	-1.321896164193071543e+00
6.906906906906906674e-02	2.539903213746221855e+00	-1.714044232782678590e+00
7.007007007007007293e-02	2.790107230838298591e+00	-1.982386096764491956e+00
7.107107107107106525e-02	2.616393369797205271e+00	-1.827608802364573792e+00
7.207207207207207145e-02	2.913727004606754267e+00	-2.144658998032437314e+00
7.307307307307307764e-02	2.232989609077022930e+00	-1.484398660742032305e+00
7.407407407407406996e-02	2.678239119219858022e+00	-1.950865477646809065e+00
7.507507507507507616e-02	2.373370023115726202e+00	-1.667932955969773090e+00
7.607607607607608236e-02	2.234416466890313480e+00	-1.551613549727124397e+00
7.707707707707707467e-02	2.241171987065194049e+00	-1.581678413529298055e+00
7.807807807807808087e-02	2.281384510863148307e+00	-1.645852425018764276e+00
7.907907907907907319e-02	2.278692227073470189e+00	-1.667750078528047020e+00
8.008008008008007939e-02	1.975653709558063520e+00	-1.389905632016224191e+00
8.108108108108108558e-02	2.192488401958065936e+00	-1.632513615820470498e+00
8.208208208208207790e-02	2.073938851807770600e+00	-1.540291091405648016e+00
8.308308308308308410e-02	1.841841815571193530e+00	-1.335048781602921064e+00
8.408408408408407642e-02	2.050529431212331222e+00	-1.571092268923521384e+00
8.508508508508508261e-02	2.112081342042667398e+00	-1.660474145665772117e+00
8.608608608608608881e-02	2.125046389385056411e+00	-1.701715733328521996e+00
8.708708708708708113e-02	2.138522549343047530e+00	-1.743887046593606494e+00
8.808808808808808732e-02	2.182057677728619360e+00	-1.816507565903400234e+00
8.908908908908909352e-02	2.058088285437649656e+00	-1.721985040895433805e+00
9.009009009009008584e-02	2.073046035895123484e+00	-1.766722016288339692e+00
9.109109109109109204e-02	2.040798834994446143e+00	-1.764556950615371544e+00
9.209209209209209823e-02	2.049517682136445362e+00	-1.803631096382595222e+00
9.309309309309309055e-02	2.002403654634646202e+00	-1.787115513889555807e+00
9.409409409409409675e-02	2.039377527342271623e+00	-1.854900720538779080e+00
9.509509509509508907e-02	1.897909110504201413e+00	-1.744426058607984720e+00
9.609609609609609526e-02	1.951609998197724405e+00	-1.829272473819267164e+00
9.709709709709710146e-02	1.505475195402950606e+00	-1.414404172716309915e+00
9.809809809809809378e-02	1.917997250496703332e+00	-1.858282785613492916e+00
9.909909909909909997e-02	1.780194972796447006e+00	-1.751896114713328734e+00
1.001001001001000923e-01	1.448210965661970606e+00	-1.451355697869706640e+00
1.011011011011010985e-01	2.317853879595073607e+00	-2.352439092406890975e+00
1.021021021021021047e-01	2.221004915550288672e+00	-2.286996409176909495e+00
1.031031031031030970e-01	1.431821759214179091e+00	-1.529154277582481347e+00
1.041041041041041032e-01	2.046806003704785049e+00	-2.175383298986653724e+00
1.051051051051051094e-01	9.502113327564597478e-01	-1.109906260544009315e+00
1.061061061061061017e-01	1.731327759132628819e+00	-1.921982404165693215e+00
1.071071071071071079e-01	1.724869587571142393e+00	-1.946295419892701162e+00
1.081081081081081141e-01	6.779320849800173354e-01	-9.299101463651424648e-01
1.091091091091091064e-01	7.804523457694836353e-01	-1.062733466243455105e+00
1.101101101101101126e-01	4.937555145536605128e-01	-8.060605587851500387e-01
1.111111111111111049e-01	8.571328421860274771e-01	-1.199152985511695579e+00
1.121121121121121111e-01	1.625485311115750564e+00	-1.996882344923318398e+00
1.131131131131131173e-01	3.364775743327869106e-01	-7.368842405005907592e-01
1.141141141141141097e-01	1.313078871949888926e+00	-1.742099226012215230e+00
1.151151151151151159e-01	7.444713994114976474e-01	-1.201681202090576939e+00
1.161161161161161082e-01	5.519290231254243562e-01	-1.036876159842911704e+00
1.171171171171171144e-01	1.080005522634821746e+00	-1.592210450587935977e+00
1.181181181181181206e-01	5.223264967111970192e-01	-1.061282719071413361e+00
1.191191191191191129e-01	2.967667879215911686e-01	-8.619413546869838516e-01
1.201201201201201191e-01	5.289585353642214383e-01	-1.119792570370179208e+00
1.211211211211211253e-01	1.309015016771486017e+00	-1.924924270338665533e+00
1.221221221221221176e-01	2.552151850013905099e-01	-8.955906116744163370e-01
1.231231231231231238e-01	-3.983770220016773500e-01	-2.658313388039366121e-01
1.241241241241241300e-01	8.000445420638492289e-01	-1.487429030692959397e+00
1.251251251251251362e-01	2.777097857427332506e-01	-9.875906780371619398e-01
1.261261261261261146e-01	5.253282899483545654e-01	-1.257003616050032413e+00
1.271271271271271208e-01	-8.616771566968598473e-01	1.089309181989052133e-01
1.281281281281281270e-01	-1.134701787094322539e-01	-6.596026146792852707e-01
1.291291291291291332e-01	1.654529487152915923e-01	-9.580878394569762868e-01
1.301301301301301394e-01	8.960204216236049568e-01	-1.707433608086470933e+00
1.311311311311311179e-01	1.127405436359104340e-01	-9.421296551609928960e-01
1.321321321321321240e-01	1.033353026724374679e+00	-1.879897917054435208e+00
1.331331331331331302e-01	5.519229638363101209e-01	-1.414786522122241319e+00
1.341341341341341364e-01	1.031624529086561992e+00	-1.909953507669330808e+00
1.351351351351351426e-01	1.112089515224407854e-01	-1.004134809672009077e+00
1.361361361361361211e-01	1.994701777166406065e-01	-1.106109940493529509e+00
1.371371371371371273e-01	8.101165790650250997e-01	-1.729573710455230229e+00
1.381381381381381335e-01	3.626471296664067201e-01	-1.294012419126260749e+00
1.391391391391391397e-01	1.450553723877717083e+00	-2.392906185412035924e+00
1.401401401401401459e-01	1.725376809303855952e+00	-2.677784592188307222e+00
1.411411411411411521e-01	3.334423518865421987e-01	-1.294963662133667759e+00
1.421421421421421305e-01	5.493362879380218056e-01	-1.519020319595709267e+00
1.431431431431431367e-01	2.161215594366072690e-01	-1.193009434798099733e+00
1.441441441441441429e-01	-1.032880342549189701e+00	4.975462475348557678e-02
1.451451451451451491e-01	2.463731647021603216e-02	-1.013028707103688753e+00
1.461461461461461553e-01	1.389175275354540107e+00	-2.381854962238060480e+00
1.471471471471471337e-01	-7.599241991768047877e-02	-9.199939461214238223e-01
1.481481481481481399e-01	1.655775263345802051e+00	-2.654083421617070115e+00
1.491491491491491461e-01	1.040306588974887481e+00	-2.039949356637117184e+00
1.501501501501501523e-01	7.547817948505433083e-01	-1.754770669326257249e+00
1.511511511511511585e-01	-5.155487241176874846e-01	-4.837974123442934093e-01
1.521521521521521647e-01	1.233261974696416630e+00	-2.230977163892678306e+00
1.531531531531531432e-01	1.265890946007686146e+00	-2.260988591457952168e+00
1.541541541541541493e-01	7.209813495870468492e-01	-1.712477443184431625e+00
1.551551551551551555e-01	1.131920697769263739e+00	-2.118834792822423818e+00
1.561561561561561617e-01	-1.768780158637549282e-01	-8.044781648898045034e-01
1.571571571571571679e-01	1.424804276448975893e+00	-2.399632123123510041e+00
1.581581581581581464e-01	1.448732577872563931e+00	-2.416068126269854233e+00
1.591591591591591526e-01	9.242280335322639040e-01	-1.883114728256913839e+00
1.601601601601601588e-01	9.395994836991923282e-01	-1.889089124054005531e+00
1.611611611611611650e-01	-8.309837701445025315e-01	-1.081699074752654477e-01
1.621621621621621712e-01	-1.091891311929144709e-01	-8.186998961035949485e-01
1.631631631631631496e-01	5.033485397484710466e-01	-1.419055368248640647e+00
1.641641641641641558e-01	1.450876821911790682e+00	-2.353495949580825197e+00
1.651651651651651620e-01	-4.411189895220171686e-02	-8.445269677001543407e-01
1.661661661661661682e-01	1.270149702937261704e+00	-2.143929572849990528e+00
1.671671671671671744e-01	1.628164751633270013e+00	-2.486221582488957527e+00
1.681681681681681528e-01	-3.843211583638970752e-01	-4.571641389361533192e-01
1.691691691691691590e-01	2.032663865983540541e-01	-1.027348042701718533e+00
1.701701701701701652e-01	-2.594431363896488318e-01	-5.464199805680207689e-01
1.711711711711711714e-01	1.815857957760629582e-01	-9.684334911476532026e-01
1.721721721721721776e-01	-2.377084183131165651e-01	-5.293457765424822714e-01
1.731731731731731838e-01	8.585628171312384982e-01	-1.605065005459290539e+00
1.741741741741741623e-01	1.111169212322584698e+00	-1.836381211082982468e+00
1.751751751751751685e-01	-1.573225733231681800e-01	-5.458821057575158342e-01
1.761761761761761746e-01	8.717913546089530730e-01	-1.552293345964205429e+00
1.771771771771771808e-01	7.677321800724717926e-01	-1.424858565341660110e+00
1.781781781781781870e-01	5.796259203251166170e-01	-1.212726896251937525e+00
1.791791791791791655e-01	2.113453432462476245e-01	-8.197948642404655484e-01
1.801801801801801717e-01	4.653158060950190467e-01	-1.048512203301293022e+00
1.811811811811811779e-01	1.153513018553548930e+00	-1.710879594815191584e+00
1.821821821821821841e-01	6.001557980034553097e-01	-1.131141398132775810e+00
1.831831831831831903e-01	1.720238802016726742e+00	-2.224318357808051427e+00
1.841841841841841965e-01	-3.787952657961775049e-01	-9.787978365024962990e-02
1.851851851851851749e-01	1.214793459433029410e+00	-1.663592639633491910e+00
1.861861861861861811e-01	7.797448793132044642e-01	-1.200224392582418753e+00
1.871871871871871873e-01	-1.078280912176950157e-01	-2.839159615027029293e-01
1.881881881881881935e-01	4.354761611547536271e-01	-7.980973749364208558e-01
1.891891891891891997e-01	-1.225097915125671788e+00	8.919581203836141059e-01
1.901901901901901781e-01	7.987170258503208942e-01	-1.102045974324948219e+00
1.911911911911911843e-01	-3.532175549322639219e-01	7.999940132379762536e-02
1.921921921921921905e-01	-1.320278049152187050e-01	-1.108093804633686341e-01
1.931931931931931967e-01	6.358572814958544095e-01	-8.480733676783622776e-01
1.941941941941942029e-01	-6.287517590863150874e-01	4.473666232136643273e-01
1.951951951951951814e-01	-1.610746016132302283e-01	1.069977979929323531e-02
1.961961961961961876e-01	-8.730868346785144452e-01	7.538710259423402338e-01
1.971971971971971938e-01	-9.378542387640761424e-01	8.499153303530142534e-01
1.981981981981981999e-01	-1.905900690575108358e+00	1.849325641391315722e+00
1.991991991991992061e-01	-1.289443207006742087e+00	1.264287961617366118e+00
2.002002002002001846e-01	-7.797629347184596715e-02	8.426572678791299786e-02
2.012012012012011908e-01	-1.894285592855578793e-01	2.271564519642745861e-01
2.022022022022021970e-01	-1.170383917244212535e+00	1.239512961838996841e+00
2.032032032032032032e-01	-8.516348498872813311e-01	9.520966877394493322e-01
2.042042042042042094e-01	-8.549630737625166788e-01	9.866583625981406591e-01
2.052052052052052156e-01	7.602922565342358219e-01	-5.974937443691417105e-01
2.062062062062061940e-01	-4.115633667484692171e-01	6.053041179853659859e-01
2.072072072072072002e-01	8.877648979461066903e-02	1.357149188429613296e-01
2.082082082082082064e-01	-6.428409548460769507e-01	8.978610312463870535e-01
2.092092092092092126e-01	-3.975722813591828775e-01	6.828688474332325065e-01
2.102102102102102188e-01	-1.120895878944341284e+00	1.436186817519844006e+00
2.112112112112111972e-01	-6.839839008879934346e-01	1.028957434682583383e+00
2.122122122122122034e-01	-1.036940546013213282e+00	1.411255545937232014e+00
2.132132132132132096e-01	-1.315919565414163106e-01	5.348782790253967523e-01
2.142142142142142158e-01	1.629719285811037366e-01	2.688869244321931973e-01
2.152152152152152220e-01	-2.339030609264352578e-01	6.939073983250461097e-01
2.162162162162162282e-01	-5.440823445231096622e-01	1.031777288336744203e+00
2.172172172172172067e-01	-8.450140172909299530e-01	1.359917307531742114e+00
2.182182182182182129e-01	-2.188612149786931749e+00	2.730214621335121272e+00
2.192192192192192191e-01	-5.210856293256409533e-01	1.088851715420348754e+00
2.202202202202202252e-01	1.237156145384682993e-01	4.696526472991521817e-01
2.212212212212212314e-01	-3.551953272284493757e-01	9.735790091446651084e-01
2.222222222222222099e-01	-3.014710874868919976e-01	9.442586971734304724e-01
2.232232232232232161e-01	-1.033592570470016403e+00	1.700148483652387910e+00
2.242242242242242223e-01	3.957926918920673387e-01	2.938723970861941703e-01
2.252252252252252285e-01	-7.861667409645248794e-01	1.498259026395550197e+00
2.262262262262262347e-01	-8.578131375698939687e-01	1.591628462846621739e+00
2.272272272272272131e-01	-9.354391568520789013e-01	1.690251884412877326e+00
2.282282282282282193e-01	-3.536049690250546162e-01	1.128668697904656071e+00
2.292292292292292255e-01	-6.384405579939054221e-01	1.432988861906348887e+00
2.302302302302302317e-01	2.294628525098086347e-01	5.837843327139244920e-01
2.312312312312312379e-01	-4.671593491678197041e-01	1.298301231483512952e+00
2.322322322322322163e-01	-4.322062254050177965e-01	1.280420925317819592e+00
2.332332332332332225e-01	-1.137802926218916655e+00	2.002251681678781203e+00
2.342342342342342287e-01	-2.519084069660972730e-03	8.823470798860900688e-01
2.352352352352352349e-01	-1.429325185629606310e+00	2.323662398760633518e+00
2.362362362362362411e-01	-1.934549849559818124e+00	2.842511909439364270e+00
2.372372372372372473e-01	6.376503722965178866e-01	2.830386907563453569e-01
2.382382382382382258e-01	-1.180886176765407969e+00	2.113391814245115352e+00
2.392392392392392320e-01	-1.336683381555161088e+00	2.280083479826742199e+00
2.402402402402402382e-01	-3.722281076639814557e-01	1.325589780041410481e+00
2.412412412412412444e-01	-5.514836344281319747e-01	1.513864143664765294e+00
2.422422422422422505e-01	-7.496981476650810272e-01	1.720145838184877984e+00
2.432432432432432290e-01	-6.650678231079220071e-01	1.642623062055608152e+00
2.442442442442442352e-01	-6.553349647859747495e-01	1.639031090965584747e+00
2.452452452452452414e-01	3.430521267304863509e-01	6.458121530329493654e-01
2.462462462462462476e-01	-1.702092151393803210e+00	2.695146740534171137e+00
2.472472472472472538e-01	-1.614186560763787526e+00	2.610449471462342075e+00
2.482482482482482600e-01	-2.359699666054661249e-01	1.234456038475988615e+00
2.492492492492492384e-01	2.541157398112033894e-01	7.456061344591853324e-01
2.502502502502502724e-01	-1.187437991443311303e+00	2.187407087311058262e+00
2.512512512512512508e-01	-3.826265819228753529e-01	1.381854074118954667e+00
2.522522522522522292e-01	-8.991671427383804982e-01	1.896664939332880273e+00
2.532532532532532632e-01	-5.429988524527936677e-01	1.537780571935378982e+00
2.542542542542542416e-01	-1.256137218007950640e+00	2.247219164676970138e+00
2.552552552552552756e-01	-1.208364600376007569e+00	2.194766737071721874e+00
2.562562562562562540e-01	-1.543749883801414369e-01	1.135121905600181336e+00
2.572572572572572325e-01	3.292932005054114986e-01	6.448286799333249331e-01
2.582582582582582664e-01	4.573299431570704843e-01	5.092036344009709392e-01
2.592592592592592449e-01	-1.107144063272892387e+00	2.065133575588381287e+00
2.602602602602602788e-01	1.978015683715631523e-01	7.506965651882320234e-01
2.612612612612612573e-01	-3.195777966830150030e-01	1.257646623579181444e+00
2.622622622622622357e-01	-2.111018399753802344e-01	1.137813745380665598e+00
2.632632632632632697e-01	-5.999199183107994937e-01	1.514358517755965527e+00
2.642642642642642481e-01	7.574105610512735787e-01	1.438504844946713046e-01
2.652652652652652820e-01	-7.696623876268530173e-01	1.656854662035457171e+00
2.662662662662662605e-01	-9.798047882747831228e-01	1.852050986294269341e+00
2.672672672672672389e-01	-6.356882326639937686e-01	1.492125828557340439e+00
2.682682682682682729e-01	-3.219700899474844946e-01	1.161752190406023955e+00
2.692692692692692513e-01	-5.936253900286255769e-01	1.415921571627435593e+00
2.702702702702702853e-01	-7.579097008819446479e-01	1.561906831248885741e+00
2.712712712712712637e-01	1.524499682664554268e+00	-7.395966407781495722e-01
2.722722722722722422e-01	-1.909778592082206128e+00	2.674811389540097117e+00
2.732732732732732761e-01	-7.166170157222288006e-01	1.461023061610647655e+00
2.742742742742742545e-01	8.526786750824588701e-02	6.377753165532643598e-01
2.752752752752752885e-01	-9.970925940653725672e-02	8.006745961741342787e-01
2.762762762762762669e-01	-7.075963007603569555e-01	1.385790636575023882e+00
2.772772772772773009e-01	-2.409995942053299589e-01	8.957522926450640632e-01
2.782782782782782793e-01	1.157779380636425604e+00	-5.271157755938681300e-01
2.792792792792792578e-01	-1.800937474028863505e+00	2.406888350292413215e+00
2.802802802802802917e-01	-1.941955507039724305e-01	7.748345001325778192e-01
2.812812812812812702e-01	-9.699908160575407834e-01	1.524743670441659038e+00
2.822822822822823041e-01	3.226454755172645239e-01	2.056727132287862192e-01
2.832832832832832826e-01	-1.234904891799110116e+00	1.736265984386716532e+00
2.842842842842842610e-01	-2.987110800308008796e-01	7.726193026212444526e-01
2.852852852852852950e-01	-4.801372173131278065e-01	9.261239429982039972e-01
2.862862862862862734e-01	7.482952514342827710e-01	-3.306710392278158772e-01
2.872872872872873073e-01	-8.525923399702156624e-01	1.241441068561602856e+00
2.882882882882882858e-01	-4.329231788878393217e-01	7.926119085323761748e-01
2.892892892892892642e-01	-8.017154683818255023e-01	1.131888518782663056e+00
2.902902902902902982e-01	6.241377533261178723e-01	-3.238068757143667820e-01
2.912912912912912766e-01	5.217775348831141802e-01	-2.515858139993316644e-01
2.922922922922923106e-01	-1.460044338078575699e+00	1.699829721576311847e+00
2.932932932932932890e-01	1.019011230002748958e+00	-8.098692970651817369e-01
2.942942942942942675e-01	3.593223470576284440e-01	-1.810306758996511611e-01
2.952952952952953014e-01	-5.391992229265059056e-01	6.864643275466464356e-01
2.962962962962962798e-01	2.960851454107221725e-01	-1.799922312854911333e-01
2.972972972972973138e-01	-6.180143998225280655e-02	1.466073644577625679e-01
2.982982982982982922e-01	6.672354209416815340e-01	-6.138003469486238428e-01
2.992992992992992707e-01	1.418640444917043664e-01	-1.198526605654749999e-01
3.003003003003003046e-01	1.377394062873843028e+00	-1.386828135099740011e+00
3.013013013013012831e-01	-7.570392161304071443e-01	7.161690166896967913e-01
3.023023023023023170e-01	5.672666206040227754e-01	-6.395325325246105086e-01
3.033033033033032955e-01	1.023337500983748871e+00	-1.126927664815987384e+00
3.043043043043043294e-01	3.064849346631476693e-02	-1.654604734728985227e-01
3.053053053053053079e-01	8.711744333340893931e-01	-1.037074919902802650e+00
3.063063063063062863e-01	1.490221694878612890e+00	-1.687046636346316575e+00
3.073073073073073203e-01	1.506551418391196329e+00	-1.734106183267279055e+00
3.083083083083082987e-01	1.287410328991536734e-02	-2.709336727187644511e-01
3.093093093093093326e-01	6.492745571233564661e-01	-9.375837473955791479e-01
3.103103103103103111e-01	6.348767962677777099e-01	-9.531505111600856450e-01
3.113113113113112895e-01	-2.003785044775021063e-01	-1.475450082167814592e-01
3.123123123123123235e-01	1.393408287518105748e+00	-1.770637551820875455e+00
3.133133133133133019e-01	1.094219949246264090e+00	-1.500381939800734976e+00
3.143143143143143359e-01	8.269666142721742164e-01	-1.261659695426570194e+00
3.153153153153153143e-01	5.028168105611038330e-01	-9.656111335284018882e-01
3.163163163163162928e-01	6.250509126173289243e-01	-1.115488840533748860e+00
3.173173173173173267e-01	7.740721409278465970e-01	-1.291668701389724561e+00
3.183183183183183051e-01	6.393902017630649359e-01	-1.183633566394643566e+00
3.193193193193193391e-01	6.862783572478310390e-01	-1.256630347825732574e+00
3.203203203203203175e-01	1.116131137313469912e+00	-1.712027757947367945e+00
3.213213213213212960e-01	1.180986417240444508e+00	-1.801838412083687224e+00
3.223223223223223299e-01	3.889911995658524857e-01	-1.034184635504545202e+00
3.233233233233233084e-01	1.246395848971595166e+00	-1.915292722715934204e+00
3.243243243243243423e-01	1.426155878271670785e+00	-2.118094747249216425e+00
3.253253253253253208e-01	8.326110441201772794e-01	-1.546907680547198183e+00
3.263263263263262992e-01	6.971724737497930757e-01	-1.433120541233895207e+00
3.273273273273273332e-01	-1.026369594416514541e+00	2.694978424115225257e-01
3.283283283283283116e-01	1.153333493831256273e+00	-1.930380493313543999e+00
3.293293293293293456e-01	-4.443329692369013539e-02	-7.520205625812395045e-01
3.303303303303303240e-01	1.256470837958288678e-01	-9.407202252820907606e-01
3.313313313313313024e-01	1.554246124288921838e+00	-2.387132557929694254e+00
3.323323323323323364e-01	1.550373717037564769e-01	-1.004913492894442761e+00
3.333333333333333148e-01	1.563635945122427318e+00	-2.429661348906865026e+00
3.343343343343343488e-01	2.608400610974492828e+00	-3.489718923084299984e+00
3.353353353353353272e-01	2.280000153219978454e-01	-1.123739739007252769e+00
3.363363363363363057e-01	1.916299871838780033e+00	-2.825575249652668042e+00
3.373373373373373396e-01	3.251510196396790175e-01	-1.247062909324903934e+00
3.383383383383383181e-01	1.159520968345620684e+00	-2.093157731956466705e+00
3.393393393393393520e-01	-5.263498960411744365e-01	-4.180885093396544683e-01
3.403403403403403304e-01	-7.787005955284101444e-02	-8.764360741759074092e-01
3.413413413413413644e-01	1.030469755340764459e+00	-1.993699946234677167e+00
3.423423423423423428e-01	1.194068244946149049e+00	-2.165269997216525244e+00
3.433433433433433213e-01	1.558911648643144021e+00	-2.537124583776352083e+00
3.443443443443443552e-01	9.831044961144227434e-01	-1.967361302547791180e+00
3.453453453453453337e-01	8.685693187074957633e-01	-1.857896708360989191e+00
3.463463463463463676e-01	9.331550018453645956e-01	-1.926574672563175383e+00
3.473473473473473461e-01	5.431181915034060115e-01	-1.539647794453742780e+00
3.483483483483483245e-01	2.511327543265985396e-01	-1.249786865403054836e+00
3.493493493493493585e-01	4.364369715758888990e-01	-1.436228065839814994e+00
3.503503503503503369e-01	1.238844396923156399e+00	-2.238783825123450200e+00
3.513513513513513709e-01	1.704692343599688131e+00	-2.703791309804369547e+00
3.523523523523523493e-01	-3.752449779629675741e-01	-6.220255614098650909e-01
3.533533533533533277e-01	1.122371764767244873e+00	-2.116827720522522327e+00
3.543543543543543617e-01	1.059387828352492678e+00	-2.050045826921924608e+00
3.553553553553553401e-01	9.321163063755123490e-01	-1.917996729822908364e+00
3.563563563563563741e-01	1.880857145806342334e+00	-2.860985100528518732e+00
3.573573573573573525e-01	8.475943181901968160e-01	-1.821000598946199478e+00
3.583583583583583310e-01	8.475670127090659811e-01	-1.813289061024421223e+00
3.593593593593593649e-01	7.914242743133113878e-02	-1.036225283429601962e+00
3.603603603603603434e-01	8.576062049428845313e-03	-9.560733087698590760e-01
3.613613613613613773e-01	5.313618546535225917e-01	-1.468336553920960519e+00
3.623623623623623557e-01	-1.579195054385371666e-01	-7.676061134831411170e-01
3.633633633633633342e-01	2.762253489862387945e-01	-1.189386676159222445e+00
3.643643643643643681e-01	4.938218388209992260e-01	-1.393715889344317560e+00
3.653653653653653466e-01	3.325175445588048895e-01	-1.218254452955335188e+00
3.663663663663663805e-01	5.769420794483044457e-01	-1.447645979613431777e+00
3.673673673673673590e-01	7.133331981605675054e-01	-1.568143089467494367e+00
3.683683683683683929e-01	6.163656144252611657e-01	-1.454436213130487321e+00
3.693693693693693714e-01	1.218066243093179457e+00	-2.038568818200267252e+00
3.703703703703703498e-01	1.735749668223522113e-01	-9.756981595773963623e-01
3.713713713713713838e-01	1.078352665642967612e+00	-1.861303291851430952e+00
3.723723723723723622e-01	-2.783574175741085899e-01	-4.846464167974187109e-01
3.733733733733733962e-01	4.880190455930854543e-01	-1.230321587338694567e+00
3.743743743743743746e-01	2.422603522080101768e-01	-9.631275711325961719e-01
3.753753753753753530e-01	-8.656611032025086916e-02	-6.121529520321172813e-01
3.763763763763763870e-01	-1.867399636729827339e-01	-4.891400096896969529e-01
3.773773773773773654e-01	1.370016579072054430e+00	-2.022389115593845599e+00
3.783783783783783994e-01	3.539340377903092971e-01	-9.821540350859517821e-01
3.793793793793793778e-01	-4.440253577516984351e-01	-1.594208813117277690e-01
3.803803803803803563e-01	1.406691544514765191e+00	-1.984767304015137235e+00
3.813813813813813902e-01	-1.132621018333000718e-01	-4.388715445197696186e-01
3.823823823823823687e-01	1.775451376902212886e+00	-2.301096929533534396e+00
3.833833833833834026e-01	8.383240125033294410e-01	-1.336961683744321450e+00
3.843843843843843811e-01	2.581453249438103031e-02	-4.969512415773992275e-01
3.853853853853853595e-01	1.209542136849779848e+00	-1.652711997493907736e+00
3.863863863863863934e-01	6.772434398734855643e-01	-1.092008220978892385e+00
3.873873873873873719e-01	9.727936044518727954e-01	-1.358743163447202917e+00
3.883883883883884058e-01	-1.323167590374123348e+00	9.664149019598922141e-01
3.893893893893893843e-01	-2.573047010990388572e-01	-6.989833975873355199e-02
3.903903903903903627e-01	-5.728906211802891058e-01	2.755607845131162192e-01
3.913913913913913967e-01	-1.925193042768810758e-02	-2.479106857068335279e-01
3.923923923923923751e-01	5.186038844917156138e-02	-2.885915987408530503e-01
3.933933933933934091e-01	9.333746199148954537e-01	-1.139440331326587730e+00
3.943943943943943875e-01	-5.138078863403457153e-02	-1.238156546178356548e-01
3.953953953953953659e-01	2.522392396897621958e-01	-3.963931707577215136e-01
3.963963963963963999e-01	-9.338804442697427044e-01	8.209115728406690682e-01
3.973973973973973783e-01	-1.162976933547500646e+00	1.081304831684293477e+00
3.983983983983984123e-01	-1.401327642271212648e+00	1.351033071907846272e+00
3.993993993993993907e-01	-9.634493501362744183e-01	9.445820453518073423e-01
4.004004004004003692e-01	6.071710199838362826e-02	-4.813848415964401550e-02
4.014014014014014031e-01	3.895366775134719850e-01	-3.455245754910915013e-01
4.024024024024023816e-01	-9.806985970738528735e-01	1.056100661656253603e+00
4.034034034034034155e-01	-6.945153063069416932e-01	8.012327716782999820e-01
4.044044044044043940e-01	8.018467149427812579e-01	-6.639193769701280390e-01
4.054054054054054279e-01	-7.487994687537806726e-01	9.178002890756296051e-01
4.064064064064064064e-01	-1.101885080751812795e+00	1.301792265976617458e+00
4.074074074074073848e-01	-5.333837180000692291e-01	7.639995887425080623e-01
4.084084084084084187e-01	-3.627060957343745118e-01	6.238026061464634342e-01
4.094094094094093972e-01	6.053003804023541351e-02	2.307889252353109988e-01
4.104104104104104311e-01	5.126480052670470133e-01	-1.913946615829038023e-01
4.114114114114114096e-01	-1.129554331423685998e+00	1.480424382275016271e+00
4.124124124124123880e-01	-3.160415397168673257e-01	6.961813378404624331e-01
4.134134134134134220e-01	-4.194532557116027460e-01	8.284868976523489525e-01
4.144144144144144004e-01	-1.857040544688012496e+00	2.294563555144915501e+00
4.154154154154154344e-01	-1.102587029003162744e+00	1.568166760797120585e+00
4.164164164164164128e-01	-8.794760513196534513e-01	1.372652113219127168e+00
4.174174174174173912e-01	-7.195373635717912109e-01	1.239822075553369762e+00
4.184184184184184252e-01	-1.697275848487780125e+00	2.244154723981407251e+00
4.194194194194194036e-01	-1.826040129073350782e+00	2.398972383715369361e+00
4.204204204204204376e-01	-1.232011908848032578e+00	1.830430995238959690e+00
4.214214214214214160e-01	-9.936555502016520824e-01	1.616969718139867895e+00
4.224224224224223945e-01	9.089046931224654680e-01	-2.613118114850720985e-01
4.234234234234234284e-01	-7.532808743450615241e-01	1.424512093685963876e+00
4.244244244244244069e-01	-5.928882873692044031e-01	1.287094093509926651e+00
4.254254254254254408e-01	-7.560089132091818431e-01	1.472502836691965022e+00
4.264264264264264193e-01	-1.355281417554362600e+00	2.093354949186700509e+00
4.274274274274273977e-01	1.285217950482599125e+00	-5.262946590145111125e-01
4.284284284284284317e-01	-3.315277853462309521e-01	1.110550370929721531e+00
4.294294294294294101e-01	-9.215966586348437461e-01	1.719948197309249194e+00
4.304304304304304440e-01	-3.991491911942283144e-01	1.216040228387133437e+00
4.314314314314314225e-01	2.576705820986667228e-01	5.769521661491505693e-01
4.324324324324324564e-01	-1.412137673807135618e+00	2.263666811540447021e+00
4.334334334334334349e-01	-9.724178637467185693e-01	1.840011351414319929e+00
4.344344344344344133e-01	-6.065687858312761999e-02	9.434567913077466228e-01
4.354354354354354473e-01	-9.779269988559476934e-01	1.875060374798261265e+00
4.364364364364364257e-01	-1.349787703052140575e+00	2.260367406644175681e+00
4.374374374374374597e-01	-7.442934524396203066e-01	1.667419051633932447e+00
4.384384384384384381e-01	-1.309857256991391328e+00	2.244615913658542183e+00
4.394394394394394165e-01	-8.039128724187398767e-01	1.749380245012602808e+00
4.404404404404404505e-01	-4.709070140330858245e-01	1.426148171631372863e+00
4.414414414414414289e-01	6.859532597960246725e-02	8.954750208365478414e-01
4.424424424424424629e-01	-7.192949929154079936e-01	1.691241202367641971e+00
4.434434434434434413e-01	-9.415235840921727384e-01	1.920384541506034104e+00
4.444444444444444198e-01	-1.449522582044875163e+00	2.434330335057082628e+00
4.454454454454454537e-01	-7.318980747940743159e-01	1.721678790517857660e+00
4.464464464464464322e-01	-1.146601056266890906e+00	2.140375984272314902e+00
4.474474474474474661e-01	-7.507697690956860459e-02	1.071863417066603041e+00
4.484484484484484446e-01	-2.150546810162871914e-01	1.213866955243556367e+00
4.494494494494494230e-01	-6.986656897284049261e-01	1.698516116686705324e+00
4.504504504504504570e-01	-1.408097722357261328e-02	1.013980848990321482e+00
4.514514514514514354e-01	-1.381655465666452365e+00	2.380616025425279947e+00
4.524524524524524693e-01	-1.053225117607433203e+00	2.050258537386123514e+00
4.534534534534534478e-01	-8.908043835533230315e-01	1.884924741043262575e+00
4.544544544544544262e-01	-9.199313196278644522e-01	1.910155573119063144e+00
4.554554554554554602e-01	-2.098425944254375786e+00	3.083774904721992449e+00
4.564564564564564386e-01	-2.387474151758358643e-01	1.218246714556952437e+00
4.574574574574574726e-01	9.960405954295874498e-01	-2.335954072642731916e-02
4.584584584584584510e-01	-7.528001373036999899e-01	1.717701105998439060e+00
4.594594594594594295e-01	-5.371950770404279041e-01	1.493361811779679194e+00
4.604604604604604634e-01	-1.916637891864558796e-01	1.138150778921308337e+00
4.614614614614614418e-01	1.335370347162435911e-01	8.023342708375689192e-01
4.624624624624624758e-01	-2.526291823657260127e-01	1.176959361943034743e+00
4.634634634634634542e-01	-7.004044568464655729e-01	1.612279481161499550e+00
4.644644644644644327e-01	-1.891564494059851387e-01	1.087674605525853266e+00
4.654654654654654666e-01	-2.261856584518787017e+00	3.146129367527565002e+00
4.664664664664664451e-01	2.381402878687404190e-01	6.310127037332592392e-01
4.674674674674674790e-01	1.229368828653037149e-01	7.302368503280888268e-01
4.684684684684684575e-01	1.198273087481455779e+00	-3.619222785156790412e-01
4.694694694694694914e-01	-6.567578485501603947e-01	1.475458702915988907e+00
4.704704704704704699e-01	9.965415340305625591e-01	-1.963002113765301981e-01
4.714714714714714483e-01	-8.371270435651621822e-02	8.647031720024349610e-01
4.724724724724724823e-01	-2.438096485992121421e-01	1.004776974260879641e+00
4.734734734734734607e-01	9.808559866104339664e-02	6.421060980409011298e-01
4.744744744744744946e-01	-1.645118602975363054e+00	2.363802727843900886e+00
4.754754754754754731e-01	-1.040232619239620515e+00	1.736698497288843068e+00
4.764764764764764515e-01	-1.246776665289574204e+00	1.920335592176440453e+00
4.774774774774774855e-01	3.692862459693244115e-01	2.806996770843225852e-01
4.784784784784784639e-01	-1.069035773804898781e+00	1.694805950656706139e+00
4.794794794794794979e-01	-5.783512541977391397e-01	1.179286888360862040e+00
4.804804804804804763e-01	-7.784281851847445477e-01	1.353935037954635767e+00
4.814814814814814548e-01	-9.181129632782891736e-01	1.467621941349096293e+00
4.824824824824824887e-01	5.506156028114027601e-01	-2.764788459559952560e-02
4.834834834834834671e-01	2.077774569751001388e-01	2.881318617092898382e-01
4.844844844844845011e-01	-6.972263470803040653e-01	1.165586883412964792e+00
4.854854854854854795e-01	1.871709981705862669e+00	-1.431361368771243203e+00
4.864864864864864580e-01	-1.121518407513729443e+00	1.533419655757723543e+00
4.874874874874874919e-01	-3.755793263428280904e-01	7.586258989459969682e-01
4.884884884884884704e-01	8.376854251427090503e-02	2.700445766120687652e-01
4.894894894894895043e-01	-7.546815989994677676e-02	3.996979553843184041e-01
4.904904904904904828e-01	8.061292792092574766e-01	-5.118034238899752397e-01
4.914914914914914612e-01	3.409176694444723266e-01	-7.678680012786409659e-02
4.924924924924924952e-01	-6.673585258988918856e-01	9.010332218631442736e-01
4.934934934934934736e-01	-7.270320733791819645e-01	9.300195254059446803e-01
4.944944944944945076e-01	-1.687613330944846668e+00	1.859712813709015089e+00
4.954954954954954860e-01	4.021812652738390170e-01	-2.611399333489187735e-01
4.964964964964965199e-01	8.515975355819838111e-01	-7.417538240394830895e-01
4.974974974974974984e-01	7.636671869049063144e-01	-6.851297153392362782e-01
4.984984984984984768e-01	1.149946520451394338e+00	-1.102792951099086816e+00
4.994994994994995108e-01	4.500479308963691305e-01	-4.343248918393282643e-01
5.005005005005005447e-01	1.228414859760281197e-01	-1.385645250330695410e-01
5.015015015015015232e-01	4.265462579579465952e-01	-4.736998273102529522e-01
5.025025025025025016e-01	-3.481343149120212921e-01	2.695968433463524772e-01
5.035035035035034801e-01	6.252360509564315327e-01	-7.350797624989310330e-01
5.045045045045044585e-01	7.137432083044462638e-01	-8.547845402293635653e-01
5.055055055055055480e-01	8.815452370973553275e-01	-1.053644719861524415e+00
5.065065065065065264e-01	1.626287902293411136e+00	-1.829275354320172742e+00
5.075075075075075048e-01	1.586088740503120542e+00	-1.819763436467371820e+00
5.085085085085084833e-01	1.306229673097440314e+00	-1.570360542414045657e+00
5.095095095095094617e-01	-4.887834428004408927e-01	1.944575874811598215e-01
5.105105105105105512e-01	-1.118722716023040353e-01	-2.123575238820681610e-01
5.115115115115115296e-01	-4.493573478313354630e-01	9.554422870499695852e-02
5.125125125125125081e-01	1.521376930423866236e+00	-1.904423503027032449e+00
5.135135135135134865e-01	1.971226134553951015e+00	-2.383127382797940896e+00
5.145145145145144649e-01	1.011120886994418377e+00	-1.451469499929036733e+00
5.155155155155155544e-01	4.333182609604419033e-01	-9.016787972931031847e-01
5.165165165165165329e-01	2.252627008478760573e-01	-7.211720195322649518e-01
5.175175175175175113e-01	-1.650935018764770057e-01	-3.578742163393235920e-01
5.185185185185184897e-01	3.910292720498941832e-01	-9.405382501207000256e-01
5.195195195195194682e-01	-6.832884680951549772e-01	1.077816153252663112e-01
5.205205205205205576e-01	7.683560129029620711e-01	-1.369291647066085194e+00
5.215215215215215361e-01	1.282058991615224741e+00	-1.907829168467029657e+00
5.225225225225225145e-01	1.836536069106641689e+00	-2.486521992160286132e+00
5.235235235235234930e-01	1.267483877267126413e+00	-1.941042804153991774e+00
5.245245245245244714e-01	4.522542794854748638e-01	-1.148720157534695030e+00
5.255255255255255609e-01	1.269173260060086683e+00	-1.987857384928624960e+00
5.265265265265265393e-01	-4.589339443395480667e-02	-6.942983022679877214e-01
5.275275275275275177e-01	-3.823204179253995028e-01	-3.786469077362684121e-01
5.285285285285284962e-01	2.363567696213710878e+00	-3.144558163859627609e+00
5.295295295295294746e-01	1.719392526078379613e-02	-8.174352479148143669e-01
5.305305305305305641e-01	2.272219990534687817e+00	-3.090920844900515441e+00
5.315315315315315425e-01	3.734204906443251981e-01	-1.209771299610100215e+00
5.325325325325325210e-01	-1.794323809969907424e-01	-6.737413521964020768e-01
5.335335335335334994e-01	6.963113824884116232e-01	-1.565464374090409727e+00
5.345345345345344779e-01	1.641822271079672158e+00	-2.526095054088448588e+00
5.355355355355355673e-01	1.109157844470462617e+00	-2.007676000590329579e+00
5.365365365365365458e-01	8.449832296264989662e-01	-1.756858253941533166e+00
5.375375375375375242e-01	8.068190879494575585e-01	-1.731149267526765900e+00
5.385385385385385026e-01	8.518111941231448769e-01	-1.787682499676956249e+00
5.395395395395394811e-01	7.920172712490285427e-01	-1.738504260983879890e+00
5.405405405405405705e-01	5.537039907122055515e-01	-1.509870725451456064e+00
5.415415415415415490e-01	1.566435669331359470e+00	-2.531336638026098651e+00
5.425425425425425274e-01	8.325686129113242240e-01	-1.805249667614484022e+00
5.435435435435435059e-01	-4.424422524214190466e-01	-5.370570469596969154e-01
5.445445445445444843e-01	9.137834250297440786e-01	-1.899132385497360076e+00
5.455455455455455738e-01	9.487502234100207987e-01	-1.938974476901219601e+00
5.465465465465465522e-01	-1.405842857021218917e-01	-8.535360717878174297e-01
5.475475475475475307e-01	2.508350691435037305e+00	-3.505384111213727394e+00
5.485485485485485091e-01	-2.087568538590825473e-01	-7.902037058997446461e-01
5.495495495495495986e-01	1.099730909181722227e+00	-2.099630780948471109e+00
5.505505505505505770e-01	5.252211756265920961e-01	-1.525071602584892494e+00
5.515515515515515554e-01	5.519486372709878630e-01	-1.550760911498257011e+00
5.525525525525525339e-01	-8.659190300973182430e-02	-9.101945371473025848e-01
5.535535535535535123e-01	8.262035147368775867e-01	-1.819978442742302249e+00
5.545545545545546018e-01	1.091554356200639564e+00	-2.081335071924422575e+00
5.555555555555555802e-01	-3.112630251028715156e-01	-6.735447279093363937e-01
5.565565565565565587e-01	2.319072724758158177e+00	-3.297933682172019765e+00
5.575575575575575371e-01	5.381246153879472027e-01	-1.510070824840181292e+00
5.585585585585585155e-01	1.506776537964454210e+00	-2.470846884780605990e+00
5.595595595595596050e-01	1.072771551508632681e+00	-2.028012709106918887e+00
5.605605605605605835e-01	-9.339334765742559608e-01	-1.153389601960730371e-02
5.615615615615615619e-01	5.627635382493566540e-01	-1.497522194916508065e+00
5.625625625625625403e-01	3.781141975866977312e-01	-1.301239796781011204e+00
5.635635635635635188e-01	1.788370678351082876e+00	-2.698950381943118870e+00
5.645645645645646082e-01	9.919232820188014221e-01	-1.889056657961114993e+00
5.655655655655655867e-01	2.966800768985577430e-01	-1.179479989623177350e+00
5.665665665665665651e-01	1.886340156959834813e-01	-1.056227503363585507e+00
5.675675675675675436e-01	-7.769226689434587281e-03	-8.437599110438782635e-01
5.685685685685685220e-01	3.962771534140475671e-01	-1.230899901661865581e+00
5.695695695695696115e-01	1.211229507881756567e-02	-8.290033322717224040e-01
5.705705705705705899e-01	6.086133225164766514e-02	-8.592128709260538066e-01
5.715715715715715683e-01	1.672108783609020932e+00	-2.451131369192513176e+00
5.725725725725725468e-01	3.262541891657720350e-01	-1.085177480633860769e+00
5.735735735735735252e-01	-2.366952445320302523e-01	-5.013782871003096275e-01
5.745745745745746147e-01	-1.083478094002748027e-01	-6.081461140825079603e-01
5.755755755755755931e-01	5.622614040275387692e-01	-1.256467210168261905e+00
5.765765765765765716e-01	8.526515923858960511e-01	-1.523882811726800401e+00
5.775775775775775500e-01	1.031072492765293003e+00	-1.678665374402687149e+00
5.785785785785785285e-01	2.892143601740084780e-01	-9.125285281122266223e-01
5.795795795795796179e-01	-6.331318067577467179e-01	3.471272036682004902e-02
5.805805805805805964e-01	1.557864659707129951e+00	-2.130796914349151194e+00
5.815815815815815748e-01	6.173562263940443051e-01	-1.164235101887671098e+00
5.825825825825825532e-01	9.311247347975554201e-01	-1.451409446779134971e+00
5.835835835835835317e-01	-4.709996035246761803e-01	-2.217645837480020088e-02
5.845845845845846211e-01	4.898017026667031426e-01	-9.553814344606604836e-01
5.855855855855855996e-01	3.690821634603857482e-01	-8.066051739172916957e-01
5.865865865865865780e-01	1.571496986945000729e-01	-5.661833406352456688e-01
5.875875875875875565e-01	-3.497970707244735245e-01	-3.034272739912430294e-02
5.885885885885885349e-01	2.593848641137793676e-01	-6.102549149651124161e-01
5.895895895895896244e-01	2.150447869490505592e+00	-2.471701213174649858e+00
5.905905905905906028e-01	-4.970049116788070043e-01	2.056859484032610985e-01
5.915915915915915813e-01	-4.471482327937242873e-01	1.860517223816359200e-01
5.925925925925925597e-01	-3.228131429705852901e-03	-2.273877393127359259e-01
5.935935935935935381e-01	5.901562546787344488e-01	-7.900634399035421085e-01
5.945945945945946276e-01	-4.901859627339238967e-01	3.211851424120737430e-01
5.955955955955956060e-01	-5.397310995754980301e-01	4.018037616028453662e-01
5.965965965965965845e-01	7.500610966062817853e-02	-1.817235750319876608e-01
5.975975975975975629e-01	-1.403308407850378248e-01	6.492877620263415306e-02
5.985985985985985414e-01	3.328263971061998783e-01	-3.768384991285851360e-01
5.995995995995996308e-01	-2.545299027856960383e-01	2.419512849469569737e-01
6.006006006006006093e-01	7.091517406809284552e-01	-6.902844358964608240e-01
6.016016016016015877e-01	-7.412837521740009983e-01	7.915783225373661525e-01
6.026026026026025662e-01	2.326341162657143691e-01	-1.509620144025102251e-01
6.036036036036035446e-01	-6.549095665600251914e-01	7.678784379890940537e-01
6.046046046046046341e-01	4.885777773358410125e-01	-3.444238462678811397e-01
6.056056056056056125e-01	-1.138300192440582642e-01	2.890264624959272832e-01
6.066066066066065909e-01	-4.829000551982938760e-01	6.889657666099849864e-01
6.076076076076075694e-01	6.226517729682448099e-01	-3.859205626765679353e-01
6.086086086086086588e-01	-7.127404007934007302e-01	9.799030169279211444e-01
6.096096096096096373e-01	-3.722697524411907599e-01	6.695995891083641460e-01
6.106106106106106157e-01	5.868910663119489834e-01	-2.596880254541776845e-01
6.116116116116115942e-01	2.283025525682718104e-01	1.284501358459581577e-01
6.126126126126125726e-01	-1.191586892613390791e+00	1.577536451608716472e+00
6.136136136136136621e-01	-1.408755824403425949e+00	1.823520605508834880e+00
6.146146146146146405e-01	-6.307644706609845109e-01	1.073934331305111289e+00
6.156156156156156189e-01	-1.045360883910800398e+00	1.516497592993817589e+00
6.166166166166165974e-01	-9.331338670552772330e-01	1.431771538296266577e+00
6.176176176176175758e-01	-1.017466151796126095e+00	1.543111704427446496e+00
6.186186186186186653e-01	-1.694094829484202203e+00	2.246228475837273919e+00
6.196196196196196437e-01	3.145545975413000517e-01	2.635211619590708820e-01
6.206206206206206222e-01	-1.295347849701569798e+00	1.898794088764995003e+00
6.216216216216216006e-01	-5.247460292664971604e-01	1.152966026562137314e+00
6.226226226226225791e-01	-6.484597912916205686e-01	1.300832327813410849e+00
6.236236236236236685e-01	-5.858215381366186358e-01	1.261701511499298656e+00
6.246246246246246470e-01	-5.404790658083655774e-01	1.239198128160732715e+00
6.256256256256256254e-01	8.727578411800866742e-02	6.335914348065753154e-01
6.266266266266266038e-01	-9.559657086059133446e-01	1.698268250351520514e+00
6.276276276276275823e-01	-1.997657717023455737e+00	2.760661551394982371e+00
6.286286286286286717e-01	-7.282388469376199769e-01	1.511189473146083539e+00
6.296296296296296502e-01	-7.366981986879357347e-01	1.538821391442979136e+00
6.306306306306306286e-01	-2.296475593980600860e-01	1.050150134505146271e+00
6.316316316316316071e-01	-6.439324079601316253e-01	1.482003006665358225e+00
6.326326326326325855e-01	-1.021401264357696403e+00	1.876211155664621488e+00
6.336336336336336750e-01	-4.070623261375982405e-01	1.277766226302726071e+00
6.346346346346346534e-01	-3.388917489002322148e-01	1.224628657296761070e+00
6.356356356356356319e-01	-9.134747764729984620e-01	1.813368826996315519e+00
6.366366366366366103e-01	7.778573372404852526e-02	8.353755934489345281e-01
6.376376376376375887e-01	-7.804262052142750816e-01	1.705951824135952144e+00
6.386386386386386782e-01	-1.185737935278740496e+00	2.122712634546178645e+00
6.396396396396396566e-01	-1.533348710436769347e+00	2.480845957157198356e+00
6.406406406406406351e-01	-4.616533579686698530e-01	1.418736213966940829e+00
6.416416416416416135e-01	-1.492557908608988182e+00	2.458279956924342535e+00
6.426426426426425920e-01	-1.213431883465389882e+00	2.186838164221391878e+00
6.436436436436436814e-01	2.428880870118452218e-01	7.372398677103313425e-01
6.446446446446446599e-01	4.250942158319357400e-01	5.607862076154597197e-01
6.456456456456456383e-01	-2.553378715855821324e-01	1.245995870155013785e+00
6.466466466466466168e-01	-1.187142066503004800e+00	2.181598022258282477e+00
6.476476476476475952e-01	-3.570278817876139654e-01	1.354298421160446519e+00
6.486486486486486847e-01	3.990371304128774443e-02	9.591952531633937129e-01
6.496496496496496631e-01	-1.480505796749505887e+00	2.480445224949799687e+00
6.506506506506506415e-01	-4.966389041506373281e-01	1.496429998414563478e+00
6.516516516516516200e-01	1.375851667768423603e+00	-3.771975566919670841e-01
6.526526526526525984e-01	-5.794275156346098132e-01	1.575957118584946803e+00
6.536536536536536879e-01	-6.974815218060362865e-01	1.690901192523847074e+00
6.546546546546546663e-01	-4.582789092944722920e-01	1.447606298947965664e+00
6.556556556556556448e-01	-5.784052962706677237e-01	1.562662102704036382e+00
6.566566566566566232e-01	-1.798895233953397010e-01	1.158102458528548651e+00
6.576576576576576016e-01	7.134867091455445731e-01	2.577150431248326212e-01
6.586586586586586911e-01	3.407385535246570257e-02	9.291563355414464986e-01
6.596596596596596696e-01	4.617659149565710441e-01	4.925402187721776848e-01
6.606606606606606480e-01	4.374896990544263620e-01	5.069487063264028759e-01
6.616616616616616264e-01	6.890252111804439084e-01	2.446115524304032229e-01
6.626626626626626049e-01	-5.485478577536964107e-01	1.470459747438923159e+00
6.636636636636636943e-01	-2.872667774535445639e-01	1.196542155267432461e+00
6.646646646646646728e-01	8.851049216658399277e-02	8.072292315186714307e-01
6.656656656656656512e-01	2.407989036705372454e-01	6.405194084392705767e-01
6.666666666666666297e-01	-2.340562972832815336e-01	1.100081701067721740e+00
6.676676676676676081e-01	-1.024273572305912650e+00	1.874149693496599767e+00
6.686686686686686976e-01	1.233937409710918365e+00	-4.010509760701453930e-01
6.696696696696696760e-01	-4.581680025588369398e-01	1.273241144045099471e+00
6.706706706706706544e-01	2.318245372908411817e-01	5.646293222140891244e-01
6.716716716716716329e-01	1.163191696606651115e+00	-3.861446971243603921e-01
6.726726726726726113e-01	1.181184002342037687e+00	-4.243122503370448939e-01
6.736736736736737008e-01	4.333888073918820694e-01	3.025592600922210607e-01
6.746746746746746792e-01	-4.116994401293613826e-01	1.125996076556383008e+00
6.756756756756756577e-01	-5.183285673972793939e-01	1.210267436374827366e+00
6.766766766766766361e-01	5.109344249680835004e-01	1.579624487762564256e-01
6.776776776776777256e-01	-8.903457484893754215e-01	1.535539184428067694e+00
6.786786786786787040e-01	-1.148671740194237456e+00	1.769523735037481060e+00
6.796796796796796825e-01	-3.727015973052851816e-01	9.685982179391841029e-01
6.806806806806806609e-01	3.450428488141936700e-01	2.253091417637101967e-01
6.816816816816816393e-01	-8.685144164619112983e-01	1.412757781093491261e+00
6.826826826826827288e-01	-5.303599979780144746e-01	1.047956558439891994e+00
6.836836836836837072e-01	-5.656127998106397214e-01	1.056050727727060545e+00
6.846846846846846857e-01	5.771432348482203878e-01	-1.143489118809196681e-01
6.856856856856856641e-01	2.147325447938916554e+00	-1.712632366784521132e+00
6.866866866866866426e-01	-1.390100810197435477e+00	1.796262800751909250e+00
6.876876876876877320e-01	1.313477949568121916e+00	-9.362486852653526537e-01
6.886886886886887105e-01	1.699621347791933912e-01	1.779613779150912845e-01
6.896896896896896889e-01	-1.520400727820978792e+00	1.838674442713289725e+00
6.906906906906906674e-01	2.384524529280722394e-02	2.644639449794148889e-01
6.916916916916916458e-01	-3.917577012074119347e-01	6.498172706362639328e-01
6.926926926926927353e-01	1.361068846431065626e+00	-1.133514081554983566e+00
6.936936936936937137e-01	1.583161420089717941e+00	-1.386336478622011370e+00
6.946946946946946921e-01	6.615771743253315851e-01	-4.956766877566189944e-01
6.956956956956956706e-01	-4.771214862776334553e-01	6.119334662842184080e-01
6.966966966966966490e-01	6.282932701851526858e-01	-5.247031063529110639e-01
6.976976976976977385e-01	9.982249387190540446e-01	-9.259590267984667555e-01
6.986986986986987169e-01	3.088873096825550668e-01	-2.680171102418417717e-01
6.996996996996996954e-01	-3.070571077927591319e-01	3.164911800186555602e-01
7.007007007007006738e-01	1.515854943199697713e+00	-1.537866327125924082e+00
7.017017017017016522e-01	1.348722304122596638e+00	-1.402157378115651332e+00
7.027027027027027417e-01	1.006698597615624191e+00	-1.091504522091132801e+00
7.037037037037037202e-01	-3.732619183548204767e-01	2.571690042295888823e-01
7.047047047047046986e-01	2.642240252089901320e-01	-4.114891298291311617e-01
7.057057057057056770e-01	-1.053749222702915489e+00	8.754575515449412038e-01
7.067067067067066555e-01	-1.712641045395019435e-01	-3.787782839806233537e-02
7.077077077077077449e-01	5.316847848335658488e-01	-7.714701683313007763e-01
7.087087087087087234e-01	-4.051672889798869637e-01	1.349755680961039483e-01
7.097097097097097018e-01	3.967920934144842371e-01	-6.971229710262341062e-01
7.107107107107106803e-01	1.127805412446992950e+00	-1.457978462847827839e+00
7.117117117117116587e-01	8.317643755774829784e-02	-4.428651672022806407e-01
7.127127127127127482e-01	1.121615717384629285e+00	-1.510464445976018588e+00
7.137137137137137266e-01	8.230079600424448083e-01	-1.240632172248912202e+00
7.147147147147147050e-01	-3.853096664630471513e-01	-6.067705922202792923e-02
7.157157157157156835e-01	6.579459793893193131e-01	-1.131854201979760166e+00
7.167167167167166619e-01	1.135078236576309685e+00	-1.636439329163912104e+00
7.177177177177177514e-01	9.145675058007127767e-01	-1.442885694546765407e+00
7.187187187187187298e-01	-1.066123164305050053e-01	-4.481405379536121392e-01
7.197197197197197083e-01	1.050974447410478074e+00	-1.631613396839082464e+00
7.207207207207206867e-01	8.955401217765985855e-01	-1.501490998040144298e+00
7.217217217217216652e-01	9.833034787028775980e-01	-1.613967083745434072e+00
7.227227227227227546e-01	4.975914854700176915e-01	-1.152344183909753461e+00
7.237237237237237331e-01	9.016137587569206246e-01	-1.579808094571586663e+00
7.247247247247247115e-01	1.729700190048598429e+00	-2.430665526816194522e+00
7.257257257257256899e-01	1.217214367967750732e+00	-1.940257552029257759e+00
7.267267267267266684e-01	1.255643774175461136e+00	-2.000049820063879213e+00
7.277277277277277578e-01	-2.956942743001894636e-01	-4.693385231577008598e-01
7.287287287287287363e-01	1.086010532537859917e-02	-7.957631472117825400e-01
7.297297297297297147e-01	1.813903288307235906e-01	-9.853874591976627961e-01
7.307307307307306932e-01	9.164321797580267104e-01	-1.738728361356833840e+00
7.317317317317316716e-01	1.097885142506574097e+00	-1.937667242965112724e+00
7.327327327327327611e-01	8.552166879625052731e-01	-1.711654283855851277e+00
7.337337337337337395e-01	1.193865982385274638e+00	-2.066112180404760412e+00
7.347347347347347180e-01	-1.363358938023779610e+00	4.761666636151768994e-01
7.357357357357356964e-01	2.075280128982561756e+00	-2.976541174528506417e+00
7.367367367367367859e-01	2.790484103798132609e-03	-9.172290835489643746e-01
7.377377377377377643e-01	1.338452612272313269e+00	-2.265164517677598077e+00
7.387387387387387427e-01	4.684242518128294841e-01	-1.406493078708994648e+00
7.397397397397397212e-01	1.053395170665638370e+00	-2.001893304225432324e+00
7.407407407407406996e-01	1.158166367324108714e+00	-2.116155879639597170e+00
7.417417417417417891e-01	1.113587869275159292e+00	-2.080121446833200771e+00
7.427427427427427675e-01	-9.687157466240335912e-01	-5.406133814702562823e-03
7.437437437437437460e-01	3.794375003584437023e-01	-1.360184417578482963e+00
7.447447447447447244e-01	8.286688922212241959e-01	-1.815071028916938722e+00
7.457457457457457028e-01	-1.294553998400773120e-01	-8.616265468289421303e-01
7.467467467467467923e-01	2.723104787702283480e-01	-1.267092198252813606e+00
7.477477477477477708e-01	-2.470446082663647347e-01	-7.504531883281349014e-01
7.487487487487487492e-01	1.575351180637844184e+00	-2.574578672833923498e+00
7.497497497497497276e-01	4.924286560932419204e-02	-1.049211961477070965e+00
7.507507507507507061e-01	-2.672453365006013382e-01	-7.324765377697873836e-01
7.517517517517517955e-01	1.491178105334499682e+00	-2.489664177205022089e+00
7.527527527527527740e-01	-8.302141519229501443e-02	-9.132414955062595485e-01
7.537537537537537524e-01	-9.895710805899190499e-01	-3.483508550448544128e-03
7.547547547547547309e-01	2.380767617548641413e-01	-1.226941041518299969e+00
7.557557557557557093e-01	-3.524293469760147457e-01	-6.312667792035957515e-01
7.567567567567567988e-01	-2.176706576203858712e-01	-7.598845813273004124e-01
7.577577577577577772e-01	7.813497185395120725e-01	-1.751797409059309363e+00
7.587587587587587556e-01	2.622160913409610217e-01	-1.224596600577594341e+00
7.597597597597597341e-01	1.353208446503469498e+00	-2.306570118880899134e+00
7.607607607607607125e-01	5.990156243185970064e-01	-1.542415722590179339e+00
7.617617617617618020e-01	8.287110672484811202e-02	-1.015376744204555814e+00
7.627627627627627804e-01	-2.039498280004583830e-01	-7.167392350524043332e-01
7.637637637637637589e-01	3.133371949814768298e-01	-1.221299254861023087e+00
7.647647647647647373e-01	-1.476727540049520004e-01	-7.466644591260760411e-01
7.657657657657657158e-01	1.195146311819725637e+00	-2.074974307636156645e+00
7.667667667667668052e-01	5.166994348960280981e-01	-1.381148190355893757e+00
7.677677677677677837e-01	4.150568623006355984e-01	-1.263271562213437615e+00
7.687687687687687621e-01	-8.855096460931514146e-01	5.436776377745733413e-02
7.697697697697697405e-01	6.171921447758093038e-01	-1.430439329999543485e+00
7.707707707707707190e-01	8.178015260740911785e-01	-1.612349829986537308e+00
7.717717717717718084e-01	4.443880366743668264e-01	-1.219451765553967393e+00
7.727727727727727869e-01	1.109774530389168623e+00	-1.864587257949967380e+00
7.737737737737737653e-01	3.277312642151720135e-01	-1.061546589491900505e+00
7.747747747747747438e-01	7.193233295978189723e-01	-1.431415615028846400e+00
7.757757757757757222e-01	1.727419206958281439e+00	-2.417084295936546390e+00
7.767767767767768117e-01	4.795893502720352530e-01	-1.146145263454406260e+00
7.777777777777777901e-01	6.470466203797574645e-01	-1.289834230066297049e+00
7.787787787787787686e-01	1.560112305570493962e+00	-2.178495987486710916e+00
7.797797797797797470e-01	4.046317699048878613e-01	-9.980000317425108403e-01
7.807807807807807254e-01	-7.500034969064011126e-01	1.822374108116923130e-01
7.817817817817818149e-01	-7.103111355917017533e-02	-4.705713579890191123e-01
7.827827827827827933e-01	-1.484376062415080355e-01	-3.664656839993051252e-01
7.837837837837837718e-01	1.244163129898796960e+00	-1.731858073712433388e+00
7.847847847847847502e-01	-8.749376828063844258e-02	-3.725105691179758094e-01
7.857857857857857287e-01	1.319271639084177161e-01	-5.637860169217164819e-01
7.867867867867868181e-01	-1.723805974827591903e-01	-2.309057250012216400e-01
7.877877877877877966e-01	-1.272208900688032718e-01	-2.470941098552165704e-01
7.887887887887887750e-01	1.137293822181953074e+00	-1.482267355976546019e+00
7.897897897897897534e-01	1.370336620909379244e-01	-4.523246006664408680e-01
7.907907907907907319e-01	6.369712441239634426e-01	-9.222678101980151810e-01
7.917917917917918214e-01	8.965740230814871203e-02	-3.446774787084591618e-01
7.927927927927927998e-01	6.718898195631972659e-01	-8.963812282007712628e-01
7.937937937937937782e-01	-9.852143223305679376e-01	7.914735710936673385e-01
7.947947947947947567e-01	5.674541851232834944e-01	-7.302526972883787160e-01
7.957957957957957351e-01	5.630935377762266159e-01	-6.947888266118527056e-01
7.967967967967968246e-01	-1.814575143872902141e-01	8.099567653512185217e-02
7.977977977977978030e-01	6.299572732068315917e-01	-6.990863178016180068e-01
7.987987987987987815e-01	1.144984369302090438e-01	-1.522263296089260975e-01
7.997997997997997599e-01	3.756469224260605699e-01	-3.819363557421296962e-01
8.008008008008007383e-01	-1.270585878890858389e+00	1.295741124280231249e+00
8.018018018018018278e-01	-8.381439066247140524e-01	8.947189558085055783e-01
8.028028028028028062e-01	-2.497569390771075537e-01	3.376958474881664451e-01
8.038038038038037847e-01	-2.419338102416347669e-02	1.434091897603365084e-01
8.048048048048047631e-01	-1.023640428410940606e+00	1.174015250224875517e+00
8.058058058058058526e-01	-6.731292249225633295e-01	8.545143607952145892e-01
8.068068068068068310e-01	-7.725346730942773688e-01	9.847507592767840157e-01
8.078078078078078095e-01	-4.245222209052797457e-01	6.673594062838676955e-01
8.088088088088087879e-01	7.630499022953344257e-01	-4.898317486868692949e-01
8.098098098098097664e-01	-4.283134816047455828e-01	7.316424300793700208e-01
8.108108108108108558e-01	-1.553125951389437709e-01	4.884523898810011477e-01
8.118118118118118343e-01	-1.046437316997597566e+00	1.409058530779262908e+00
8.128128128128128127e-01	-1.336593919008876918e+00	1.728337971729274614e+00
8.138138138138137911e-01	-1.285369333758002997e-01	5.490164466450135894e-01
8.148148148148147696e-01	-9.749908320170345144e-01	1.423790012217494239e+00
8.158158158158158590e-01	-1.901698469519567336e+00	2.378373518965994027e+00
8.168168168168168375e-01	-1.645644823054183692e-01	6.686440380967442199e-01
8.178178178178178159e-01	-1.882130064224177834e+00	2.413115664353497891e+00
8.188188188188187944e-01	-6.397339748507607782e-02	6.213399737467169004e-01
8.198198198198197728e-01	-7.160126891772422564e-01	1.299209086383513068e+00
8.208208208208208623e-01	-6.976267688294889302e-01	1.306076289823705050e+00
8.218218218218218407e-01	-7.310345790890127038e-01	1.364135555015834722e+00
8.228228228228228192e-01	-1.191831933561301182e-01	7.763095786253182418e-01
8.238238238238237976e-01	-3.171584850001079592e-01	9.976604763553589272e-01
8.248248248248247760e-01	-2.722879245258449932e-01	9.754926036065263428e-01
8.258258258258258655e-01	-1.028815275115345651e+00	1.754027273875744308e+00
8.268268268268268439e-01	-1.046340884063207355e+00	1.792843072391259618e+00
8.278278278278278224e-01	-2.417224852755569753e+00	3.184279047611167979e+00
8.288288288288288008e-01	-1.768297159490449078e+00	2.555144854862037462e+00
8.298298298298297793e-01	-4.090794079406949169e-01	1.214942524898361631e+00
8.308308308308308687e-01	-1.028766326480423654e+00	1.852847982583788911e+00
8.318318318318318472e-01	-1.518077527389878112e+00	2.359562824689928284e+00
8.328328328328328256e-01	-8.071407499779066352e-01	1.665197580833593261e+00
8.338338338338338041e-01	-7.111711268950917653e-01	1.584950996807818813e+00
8.348348348348347825e-01	-7.975595296811366364e-01	1.686198396333492111e+00
8.358358358358358720e-01	-1.374597231408072107e+00	2.277216359077106844e+00
8.368368368368368504e-01	-1.317595249860744056e-01	1.047466353486243396e+00
8.378378378378378288e-01	-5.339757528628417127e-01	1.461864780159350286e+00
8.388388388388388073e-01	-1.098144785960518011e+00	2.037298463580284658e+00
8.398398398398397857e-01	-9.771650821101081075e-01	1.926654722464921088e+00
8.408408408408408752e-01	-9.400940646249523747e-01	1.898980759349602199e+00
8.418418418418418536e-01	-4.802359255145840500e-01	1.447571473911874129e+00
8.428428428428428321e-01	-1.469828842491818666e+00	2.444656689166352592e+00
8.438438438438438105e-01	-2.264845073277939047e+00	3.246201254031497729e+00
8.448448448448447889e-01	-9.750862332166801982e-01	1.962000328269839944e+00
8.458458458458458784e-01	-5.259063398029107939e-01	1.517402433400295569e+00
8.468468468468468568e-01	-1.199724200228188931e+00	2.194821845678454952e+00
8.478478478478478353e-01	-2.298815107711419392e-01	1.227596699967403282e+00
8.488488488488488137e-01	-6.606295991379015908e-02	1.065409096375770970e+00
8.498498498498497922e-01	-6.172924732332512043e-01	1.617281347708965367e+00
8.508508508508508816e-01	1.270074254694252280e+00	-2.704314870320223552e-01
8.518518518518518601e-01	2.057936637278581227e-01	7.925144945434101640e-01
8.528528528528528385e-01	-4.155408981468139973e-01	1.411527264185918673e+00
8.538538538538538170e-01	2.928698036974408114e-01	6.998098831860795066e-01
8.548548548548547954e-01	6.259491502324454615e-02	9.257964756102287085e-01
8.558558558558558849e-01	-3.726173670212754585e-01	1.355743084816979804e+00
8.568568568568568633e-01	4.857363180183762452e-01	4.911515573431167736e-01
8.578578578578578417e-01	-4.146538616705982561e-01	1.384337893328285940e+00
8.588588588588588202e-01	-3.099350071916184834e-01	1.271456317438744321e+00
8.598598598598597986e-01	-7.041700558886864192e-01	1.656577838773138911e+00
8.608608608608608881e-01	-1.509059945918548529e+00	2.451412407452867370e+00
8.618618618618618665e-01	-7.494594621008223712e-01	1.680824751560677566e+00
8.628628628628628450e-01	-6.119462740167488368e-01	1.531403405406954299e+00
8.638638638638638234e-01	-6.553387081358925670e-01	1.561978470912782857e+00
8.648648648648649129e-01	-7.297359634729034816e-01	1.622661821622471967e+00
8.658658658658658913e-01	1.837337493829516721e-01	6.945952291998176431e-01
8.668668668668668698e-01	-4.539973086430190707e-01	1.316860866928949880e+00
8.678678678678678482e-01	-7.549009804651971578e-01	1.601445870795258131e+00
8.688688688688688266e-01	4.398265815337127349e-01	3.895625299913713646e-01
8.698698698698699161e-01	-1.173769805920738873e+00	1.985182992383604850e+00
8.708708708708708945e-01	-1.286456606002430725e+00	2.079091496744116530e+00
8.718718718718718730e-01	-2.918374574924009063e-02	8.022565391379578026e-01
8.728728728728728514e-01	-2.881022253886167395e-01	1.040848463886572484e+00
8.738738738738738299e-01	2.001721399791207556e-01	5.315031861225596455e-01
8.748748748748749193e-01	-9.242000563544083835e-01	1.634080948648837683e+00
8.758758758758758978e-01	4.198093585993321608e-01	2.675751300297772306e-01
8.768768768768768762e-01	-1.571165255096930169e-01	8.213248863153073120e-01
8.778778778778778547e-01	3.245761072385217050e-01	3.157993194345056764e-01
8.788788788788788331e-01	-2.957426646044633567e-01	9.116519181716455922e-01
8.798798798798799226e-01	1.069532344902194509e+00	-4.786983098962354077e-01
8.808808808808809010e-01	-1.168656402412894479e+00	1.733830969178286718e+00
8.818818818818818794e-01	5.508864945051864526e-01	-1.193027214496933386e-02
8.828828828828828579e-01	-1.702624531102180372e-01	6.824673810633342663e-01
8.838838838838838363e-01	5.930373300069780723e-02	4.256434037167932671e-01
8.848848848848849258e-01	4.722775371865001737e-01	-1.506773450742265874e-02
8.858858858858859042e-01	5.509998288476701811e-01	-1.219794747853439887e-01
8.868868868868868827e-01	-7.521086161188107466e-01	1.152515282286615816e+00
8.878878878878878611e-01	3.357627640294129634e-01	3.563426977815770114e-02
8.888888888888888395e-01	-2.234226690617791833e-01	5.654428123874518652e-01
8.898898898898899290e-01	5.691069957715789718e-01	-2.568019515400907782e-01
8.908908908908909074e-01	4.849308983263497796e-01	-2.026497778523779214e-01
8.918918918918918859e-01	-3.042036780867963253e-01	5.561817394719230645e-01
8.928928928928928643e-01	-6.067341009916871197e-01	8.281599333132493301e-01
8.938938938938938428e-01	2.495594999012952786e-01	-5.890485486822960581e-02
8.948948948948949322e-01	1.145941008018593443e+00	-9.862460802310448749e-01
8.958958958958959107e-01	-1.327833670654026355e+00	1.456410965935895696e+00
8.968968968968968891e-01	7.867871482460685462e-01	-6.894546298777638471e-01
8.978978978978978676e-01	1.287544819829357978e+00	-1.221553326202733825e+00
8.988988988988988460e-01	-1.667015066519288879e+00	1.701600279331107801e+00
8.998998998998999355e-01	5.367158949198852502e-01	-5.335711627121493272e-01
9.009009009009009139e-01	1.326565710222669559e+00	-1.354864568305786721e+00
9.019019019019018923e-01	7.664629065993321388e-01	-8.261773714825394466e-01
9.029029029029028708e-01	3.621789856151183540e-02	-1.272889212481521648e-01
9.039039039039038492e-01	1.883198617657648177e-01	-3.106573861442200046e-01
9.049049049049049387e-01	9.895047599803638017e-01	-1.142987811876580162e+00
9.059059059059059171e-01	-9.472715319249203070e-01	7.627947251214294289e-01
9.069069069069068956e-01	8.007274158230442973e-01	-1.016015556568131695e+00
9.079079079079078740e-01	1.283181728565030433e+00	-1.529068314318879906e+00
9.089089089089088525e-01	-2.541572838119996458e-01	-2.208460056707239882e-02
9.099099099099099419e-01	-4.704498090992145776e-01	1.641257894924315064e-01
9.109109109109109204e-01	1.123717105663901483e+00	-1.459820350206115780e+00
9.119119119119118988e-01	1.526831398195839018e+00	-1.892381510021058144e+00
9.129129129129128772e-01	-2.158386882465666012e-01	-1.787968145028729361e-01
9.139139139139138557e-01	2.018360345063874295e+00	-2.441691001120406046e+00
9.149149149149149451e-01	1.423013897463544897e+00	-1.874621093840439290e+00
9.159159159159159236e-01	-1.454584089439535100e-01	-3.339787533448541623e-01
9.169169169169169020e-01	6.099021620356093187e-01	-1.116695196003881563e+00
9.179179179179178805e-01	7.552393666120935656e-01	-1.288887127014214373e+00
9.189189189189188589e-01	3.242959894492091766e-01	-8.842707755868017827e-01
9.199199199199199484e-01	7.298902567100225003e-01	-1.315638334251860719e+00
9.209209209209209268e-01	1.525360054422229883e+00	-2.136302202967653496e+00
9.219219219219219053e-01	-3.167604085050694240e-01	-3.187716773393140524e-01
9.229229229229228837e-01	-2.926687437933936375e-01	-3.668248297425005799e-01
9.239239239239238621e-01	4.973985166351854170e-01	-1.180201433798371724e+00
9.249249249249249516e-01	6.321118244756854798e-01	-1.337548891621637370e+00
9.259259259259259300e-01	-9.782636639444048932e-01	2.508900223713559363e-01
9.269269269269269085e-01	9.571697936009396779e-01	-1.705760741935929525e+00
9.279279279279278869e-01	9.414783143592443393e-01	-1.710546320933559405e+00
9.289289289289288654e-01	4.931749705520424021e-01	-1.281959537984671105e+00
9.299299299299299548e-01	-2.735561429015769264e-01	-5.341649911722307076e-01
9.309309309309309333e-01	-3.618107397182644402e-01	-4.640482412452786032e-01
9.319319319319319117e-01	1.006517703255348506e+00	-1.849697875641569844e+00
9.329329329329328901e-01	6.202931532754112354e-01	-1.479960733456154864e+00
9.339339339339339796e-01	1.822367649081281460e+00	-2.697672549759094096e+00
9.349349349349349581e-01	1.015581752880561961e+00	-1.905658423702468296e+00
9.359359359359359365e-01	1.406135112577998836e+00	-2.310103396040014800e+00
9.369369369369369149e-01	1.537875333488909035e+00	-2.454841335284921655e+00
9.379379379379378934e-01	-4.232399244778337066e-01	-5.058170484765276420e-01
9.389389389389389828e-01	1.414258035647628420e+00	-2.354487276357386971e+00
9.399399399399399613e-01	1.235336862107517364e+00	-2.185808619407628939e+00
9.409409409409409397e-01	5.663216611138229828e-01	-1.526096055467011769e+00
9.419419419419419182e-01	-9.691510611018994137e-02	-8.712128467919282304e-01
9.429429429429428966e-01	5.124893350551016358e-01	-1.488013507536939395e+00
9.439439439439439861e-01	-1.123621818380543980e+00	1.416660790830370775e-01
9.449449449449449645e-01	9.535935314606541757e-01	-1.941009824917443005e+00
9.459459459459459429e-01	7.308113268552742792e-01	-1.722711762114151002e+00
9.469469469469469214e-01	6.974981801826857231e-01	-1.692901910716698044e+00
9.479479479479478998e-01	-1.573336459628384976e-01	-8.405890690654046482e-01
9.489489489489489893e-01	5.220629776165698344e-01	-1.521517875445639323e+00
9.499499499499499677e-01	9.707095508504923753e-01	-1.970708314679089801e+00
9.509509509509509462e-01	1.521592889364206780e+00	-2.521146664585970587e+00
9.519519519519519246e-01	6.486364225159160224e-01	-1.646756794554062431e+00
9.529529529529529031e-01	-1.824978607083315441e-01	-8.132021109985062557e-01
9.539539539539539925e-01	1.125593874826638086e+00	-2.117888842481451483e+00
9.549549549549549710e-01	4.124170871738228050e-01	-1.400325814114000922e+00
9.559559559559559494e-01	5.886671974015413866e-01	-1.571212784324169665e+00
9.569569569569569278e-01	1.425240462557253174e-01	-1.118734897230155623e+00
9.579579579579579063e-01	1.338410883588919242e+00	-2.307321666825069340e+00
9.589589589589589957e-01	-9.280678686234149488e-01	-3.258473379890602928e-02
9.599599599599599742e-01	1.704385952256011194e+00	-2.655830426939188360e+00
9.609609609609609526e-01	1.030237841360638118e+00	-1.971533346890142369e+00
9.619619619619619311e-01	9.007339545404405290e-02	-1.020289126282648562e+00
9.629629629629629095e-01	5.248226254815633318e-01	-1.443038732361838328e+00
9.639639639639639990e-01	1.430500927508266684e-01	-1.048358592333423323e+00
9.649649649649649774e-01	1.101249832255063899e+00	-1.992755504953348522e+00
9.659659659659659559e-01	7.705394041088274859e-01	-1.647360679341982603e+00
9.669669669669669343e-01	6.715569058683660275e-01	-1.532826733807597375e+00
9.679679679679679127e-01	-4.724300778794909283e-01	-3.724366310763283505e-01
9.689689689689690022e-01	1.225617879622328543e-01	-9.501899265649643711e-01
9.699699699699699806e-01	3.845264398061701283e-02	-8.480238073213621774e-01
9.709709709709709591e-01	1.073620674031204647e+00	-1.864334312946298589e+00
9.719719719719719375e-01	-1.285483028305329511e-01	-6.425259098681926906e-01
9.729729729729729160e-01	3.786800806037760592e-01	-1.129352385856502439e+00
9.739739739739740054e-01	-4.833989941472834340e-01	-2.461290969749057589e-01
9.749749749749749839e-01	-9.347544196927619620e-01	2.270919408062557210e-01
9.759759759759759623e-01	7.542607559176363052e-01	-1.439357846401417618e+00
9.769769769769769407e-01	7.970977051185369477e-01	-1.458951944948406521e+00
9.779779779779779192e-01	1.079871300853991745e+00	-1.717828211607106415e+00
9.789789789789790087e-01	5.337510305143026157e-01	-1.147179764780965616e+00
9.799799799799799871e-01	6.734587080934365533e-01	-1.261752673294241234e+00
9.809809809809809655e-01	1.077601317324762831e-01	-6.703375899509140812e-01
9.819819819819819440e-01	4.394187608474812157e-01	-9.757234040848657974e-01
9.829829829829829224e-01	5.808408958199529071e-01	-1.090342396103829437e+00
9.839839839839840119e-01	-5.081373435437226416e-01	2.594280974167317844e-02
9.849849849849849903e-01	9.398145271844758897e-01	-1.394225273629353223e+00
9.859859859859859688e-01	-8.001194818778181728e-02	-3.461656641846547755e-01
9.869869869869869472e-01	4.912670149201445180e-01	-8.887900650040601036e-01
9.879879879879879256e-01	-3.586694738312963260e-01	-9.805920978957716194e-03
9.889889889889890151e-01	-8.646235173466567669e-01	5.255601468519826014e-01
9.899899899899899935e-01	3.485651659236752020e-01	-6.578812273125445031e-01
9.909909909909909720e-01	-2.176191261810780375e-01	-6.164375711175379413e-02
9.919919919919919504e-01	-5.084077831554926347e-02	-1.980927761513456564e-01
9.929929929929930399e-01	6.082054337676315869e-01	-8.265635000122782960e-01
9.939939939939940183e-01	-1.880423736777698529e-01	4.757203019334355076e-04
9.949949949949949968e-01	-2.584528756073748434e-01	1.018631114788163816e-01
9.959959959959959752e-01	-3.634226116156752395e-01	2.379645814353769095e-01
9.969969969969969537e-01	4.159962984189326252e-02	-1.358018661695233054e-01
9.979979979979980431e-01	-2.025336602845499157e-01	1.396803702400697400e-01
9.989989989989990216e-01	6.478978206350168856e-01	-6.793400115541372575e-01
1.000000000000000000e+00	1.062806396574183729e-02	-1.062806396574306200e-02
