# Time	RLS_Output	RLS_Error
0.000000000000000000e+00	0.000000000000000000e+00	0.000000000000000000e+00
1.001001001001000992e-03	0.000000000000000000e+00	0.000000000000000000e+00
2.002002002002001985e-03	0.000000000000000000e+00	0.000000000000000000e+00
3.003003003003002977e-03	0.000000000000000000e+00	0.000000000000000000e+00
4.004004004004003969e-03	0.000000000000000000e+00	0.000000000000000000e+00
5.005005005005004962e-03	0.000000000000000000e+00	0.000000000000000000e+00
6.006006006006005954e-03	0.000000000000000000e+00	0.000000000000000000e+00
7.007007007007006946e-03	0.000000000000000000e+00	0.000000000000000000e+00
8.008008008008007939e-03	0.000000000000000000e+00	0.000000000000000000e+00
9.009009009009008931e-03	0.000000000000000000e+00	0.000000000000000000e+00
1.001001001001000992e-02	0.000000000000000000e+00	0.000000000000000000e+00
1.101101101101101092e-02	0.000000000000000000e+00	0.000000000000000000e+00
1.201201201201201191e-02	0.000000000000000000e+00	0.000000000000000000e+00
1.301301301301301290e-02	0.000000000000000000e+00	0.000000000000000000e+00
1.401401401401401389e-02	0.000000000000000000e+00	0.000000000000000000e+00
1.501501501501501488e-02	0.000000000000000000e+00	0.000000000000000000e+00
1.601601601601601588e-02	0.000000000000000000e+00	0.000000000000000000e+00
1.701701701701701513e-02	0.000000000000000000e+00	0.000000000000000000e+00
1.801801801801801786e-02	0.000000000000000000e+00	0.000000000000000000e+00
1.901901901901902059e-02	0.000000000000000000e+00	0.000000000000000000e+00
2.002002002002001985e-02	0.000000000000000000e+00	0.000000000000000000e+00
2.102102102102101910e-02	0.000000000000000000e+00	0.000000000000000000e+00
2.202202202202202183e-02	0.000000000000000000e+00	0.000000000000000000e+00
2.302302302302302456e-02	0.000000000000000000e+00	0.000000000000000000e+00
2.402402402402402382e-02	0.000000000000000000e+00	0.000000000000000000e+00
2.502502502502502307e-02	0.000000000000000000e+00	7.076624788865043536e-01
2.602602602602602580e-02	3.087614715448243063e-01	4.207666195773641094e-01
2.702702702702702853e-02	4.756162737836152621e-01	2.750560314691090635e-01
2.802802802802802778e-02	5.786771991915115043e-01	1.923970135072131660e-01
2.902902902902902704e-02	6.294533074423923624e-01	1.612603314727013570e-01
3.003003003003002977e-02	7.580595415860676978e-01	5.151162175467627335e-02
3.103103103103103250e-02	7.909128399269619303e-01	3.671529867576928119e-02
3.203203203203203175e-02	8.082953235778932433e-01	3.657138537792448130e-02
3.303303303303303101e-02	7.731709777177122600e-01	8.809885022151853207e-02
3.403403403403403027e-02	7.786679367450678457e-01	9.815333848808560635e-02
3.503503503503503647e-02	8.352647990241331977e-01	5.624087367415075978e-02
3.603603603603603572e-02	8.563204089031641875e-01	4.898809067943243889e-02
3.703703703703703498e-02	9.130799561288593935e-01	5.136150751414603199e-03
3.803803803803804118e-02	9.425358780109760470e-01	-1.232014718237184336e-02
3.903903903903904044e-02	9.769982736210846008e-01	-3.570276809158134945e-02
4.004004004004003969e-02	9.906425670024099350e-01	-3.919809231923321313e-02
4.104104104104103895e-02	9.267349939889372168e-01	3.391760843338376130e-02
4.204204204204203821e-02	8.678227316368882782e-01	1.010880515992612638e-01
4.304304304304304440e-02	9.398367585478117903e-01	3.637409242661782116e-02
4.404404404404404366e-02	9.710497452870490154e-01	1.149584163557870742e-02
4.504504504504504292e-02	9.843179487767721447e-01	3.590778163405916601e-03
4.604604604604604912e-02	9.601674665461945590e-01	3.212750110861917197e-02
4.704704704704704837e-02	1.007761915504132633e+00	-1.206194379729497168e-02
4.804804804804804763e-02	1.046939941687820896e+00	-4.881956964967459900e-02
4.904904904904904689e-02	1.024023604712243074e+00	-2.446982949047926681e-02
5.005005005005004615e-02	1.047832462614235682e+00	-4.783369878563825672e-02
5.105105105105105234e-02	1.009233194602753514e+00	-9.778296773684247434e-03
5.205205205205205160e-02	1.009640038218118097e+00	-1.171732318987483978e-02
5.305305305305305086e-02	9.615457063884241817e-01	3.385802414558836126e-02
5.405405405405405705e-02	9.409901187615580254e-01	5.091031649731880826e-02
5.505505505505505631e-02	9.357285426005720330e-01	5.168775085621690746e-02
5.605605605605605557e-02	9.397217717305796914e-01	4.223396756692698872e-02
5.705705705705705483e-02	1.005852752505324910e+00	-3.032858002348615134e-02
5.805805805805805409e-02	1.035408299789387421e+00	-6.728034688726858281e-02
5.905905905905906028e-02	1.008909544227211574e+00	-4.913514987402256562e-02
6.006006006006005954e-02	1.018060008765123481e+00	-6.758825146501190595e-02
6.106106106106105880e-02	1.030429475275593143e+00	-9.020023456583414756e-02
6.206206206206206499e-02	9.793424091994895608e-01	-5.028543624512682442e-02
6.306306306306305731e-02	9.278636948877299062e-01	-1.089769309171639833e-02
6.406406406406406351e-02	9.143391276006664903e-01	-1.037084413865030363e-02
6.506506506506506970e-02	9.339860296294004716e-01	-4.390935880749458065e-02
6.606606606606606202e-02	9.066271919865038775e-01	-3.132229130869079725e-02
6.706706706706706822e-02	9.504977308132677161e-01	-9.083015063252253274e-02
6.806806806806806054e-02	8.809871200367968003e-01	-3.780694765057412976e-02
6.906906906906906674e-02	8.761420334633239770e-01	-5.028305249978071156e-02
7.007007007007007293e-02	9.079150910301378996e-01	-1.001939569563311538e-01
7.107107107107106525e-02	9.165132357152367959e-01	-1.277286682826053177e-01
7.207207207207207145e-02	9.050567852534433522e-01	-1.359887786791263986e-01
7.307307307307307764e-02	8.917863710775435493e-01	-1.431954227425529247e-01
7.407407407407406996e-02	8.977864303642328903e-01	-1.704127887911840444e-01
7.507507507507507616e-02	8.760087703685983662e-01	-1.705717032226452545e-01
7.607607607607608236e-02	8.323567977437703602e-01	-1.495538805805812776e-01
7.707707707707707467e-02	7.993290592605131195e-01	-1.398354857246170146e-01
7.807807807807808087e-02	7.874090772511496139e-01	-1.518769914067654714e-01
7.907907907907907319e-02	7.737051796123376457e-01	-1.627630310669145874e-01
8.008008008008007939e-02	7.222209739698910447e-01	-1.364728964280517154e-01
8.108108108108108558e-02	7.580412499345590138e-01	-1.980664637969635766e-01
8.208208208208207790e-02	7.528282696757462311e-01	-2.191805092736236471e-01
8.308308308308308410e-02	7.041767114476642497e-01	-1.973836774793916726e-01
8.408408408408407642e-02	7.141270856249744003e-01	-2.346899233361644521e-01
8.508508508508508261e-02	7.544178126556480013e-01	-3.028106162787526090e-01
8.608608608608608881e-02	7.725118727583145661e-01	-3.491812167017800395e-01
8.708708708708708113e-02	7.570752302222952812e-01	-3.624397274728541896e-01
8.808808808808808732e-02	7.013291856708800953e-01	-3.357790738456610802e-01
8.908908908908909352e-02	6.938107040773011658e-01	-3.577074595350853148e-01
9.009009009009008584e-02	6.958274739262608755e-01	-3.895034543194770826e-01
9.109109109109109204e-02	6.886785304930008733e-01	-4.124366461139263862e-01
9.209209209209209823e-02	6.641360160182862016e-01	-4.182494302644360618e-01
9.309309309309309055e-02	6.613114848367476206e-01	-4.460233440916572811e-01
9.409409409409409675e-02	6.525890472869509962e-01	-4.681122404834584527e-01
9.509509509509508907e-02	6.863349017324953394e-01	-5.328518498362786460e-01
9.609609609609609526e-02	6.749133575781274264e-01	-5.525758331996700745e-01
9.709709709709710146e-02	7.281336390073251952e-01	-6.370626163206845050e-01
9.809809809809809378e-02	6.675018419893742339e-01	-6.077873771061639285e-01
9.909909909909909997e-02	6.075988529163844909e-01	-5.792999948332662186e-01
1.001001001001000923e-01	6.684817636157543985e-01	-6.716264958234904325e-01
1.011011011011010985e-01	5.084122050168550233e-01	-5.429974178286722797e-01
1.021021021021021047e-01	2.917724596822728333e-01	-3.577639533088934898e-01
1.031031031031030970e-01	2.416477165319798337e-01	-3.389802349002820070e-01
1.041041041041041032e-01	6.978233339529229737e-03	-1.355555286213977195e-01
1.051051051051051094e-01	1.086187652218937455e-02	-1.705568043097388797e-01
1.061061061061061017e-01	-8.127823824534981256e-02	-1.093764067877146390e-01
1.071071071071071079e-01	-2.409197226274509274e-01	1.949389030589204763e-02
1.081081081081081141e-01	-2.342546397611744158e-01	-1.772342162395076914e-02
1.091091091091091064e-01	-6.566121171655148192e-02	-2.166199087574200433e-01
1.101101101101101126e-01	-3.739226493139254093e-02	-2.749127793000969988e-01
1.111111111111111049e-01	4.196576305465840595e-04	-3.424398009562147904e-01
1.121121121121121111e-01	-1.835437221180739320e-01	-1.878533116894939570e-01
1.131131131131131173e-01	-1.894503128258883118e-01	-2.109563533419155368e-01
1.141141141141141097e-01	-1.652976115171819749e-01	-2.637227425451443286e-01
1.151151151151151159e-01	-2.292415285009855030e-01	-2.279682741780936772e-01
1.161161161161161082e-01	-1.612652618119929382e-01	-3.236818749054943822e-01
1.171171171171171144e-01	-1.841481467036069908e-01	-3.280567812495071012e-01
1.181181181181181206e-01	-2.162757946628232064e-01	-3.226804276973932462e-01
1.191191191191191129e-01	-1.866257354868682550e-01	-3.785488312785244558e-01
1.201201201201201191e-01	-1.900651753441423009e-01	-4.007688596618154686e-01
1.211211211211211253e-01	-4.496544591896614040e-01	-1.662547943775181114e-01
1.221221221221221176e-01	-4.008756704240046265e-01	-2.394997562490212006e-01
1.231231231231231238e-01	-5.008021376865976482e-01	-1.634062231190163139e-01
1.241241241241241300e-01	-7.116302308979985947e-01	2.424574226888842610e-02
1.251251251251251362e-01	-6.618392711177436549e-01	-4.804162117668497878e-02
1.261261261261261146e-01	-8.475142510675501839e-01	1.158389249658722253e-01
1.271271271271271208e-01	-8.279674800753686892e-01	7.522124157741405526e-02
1.281281281281281270e-01	-8.741691800200133144e-01	1.010963866312958315e-01
1.291291291291291332e-01	-9.950113994839647757e-01	2.023765087422800812e-01
1.301301301301301394e-01	-1.061522148050205727e+00	2.501089615873398619e-01
1.311311311311311179e-01	-1.023109335465913539e+00	1.937202239408311044e-01
1.321321321321321240e-01	-1.216889259542414115e+00	3.703443692123536968e-01
1.331331331331331302e-01	-1.210346019782288618e+00	3.474824614963575309e-01
1.341341341341341364e-01	-1.192380804235906977e+00	3.140518256531381613e-01
1.351351351351351426e-01	-1.080816525209369550e+00	1.878906670598011752e-01
1.361361361361361211e-01	-9.607398847778054751e-01	5.410012200091651735e-02
1.371371371371371273e-01	-1.086185816811789273e+00	1.667286854215841441e-01
1.381381381381381335e-01	-1.000410270886607389e+00	6.904498142675341565e-02
1.391391391391391397e-01	-1.122117772952393455e+00	1.797653114180748357e-01
1.401401401401401459e-01	-1.209963089249541435e+00	2.575553063650899421e-01
1.411411411411411521e-01	-1.190159058261027303e+00	2.286377480139016871e-01
1.421421421421421305e-01	-1.234000619400920540e+00	2.643165877432329669e-01
1.431431431431431367e-01	-1.161085561944160682e+00	1.841976865826681076e-01
1.441441441441441429e-01	-9.171108771624918443e-01	-6.601484063321227946e-02
1.451451451451451491e-01	-8.296986387441624977e-01	-1.586927518893102018e-01
1.461461461461461553e-01	-9.854900166222555491e-01	-7.189670261264713425e-03
1.471471471471471337e-01	-8.695150637614732503e-01	-1.264713022776310369e-01
1.481481481481481399e-01	-8.849443294565748630e-01	-1.133638288146933126e-01
1.491491491491491461e-01	-9.415579078810487612e-01	-5.808485978118116400e-02
1.501501501501501523e-01	-9.722685989270701823e-01	-2.772027554864386900e-02
1.511511511511511585e-01	-8.764791573879439079e-01	-1.228669790740369860e-01
1.521521521521521647e-01	-8.862906455387347116e-01	-1.114245436575267423e-01
1.531531531531531432e-01	-9.389626742147808569e-01	-5.613497123548527590e-02
1.541541541541541493e-01	-9.265389612054668600e-01	-6.495713239191802657e-02
1.551551551551551555e-01	-1.006452551388087535e+00	1.953845633492745648e-02
1.561561561561561617e-01	-8.822605373950614949e-01	-9.909564335849796457e-02
1.571571571571571679e-01	-1.030985766776568502e+00	5.615792010203435325e-02
1.581581581581581464e-01	-1.124939877700377844e+00	1.576043293030875425e-01
1.591591591591591526e-01	-1.198732818396142319e+00	2.398461236714924949e-01
1.601601601601601588e-01	-1.178583109504683923e+00	2.290934691498706099e-01
1.611611611611611650e-01	-1.047939510018235820e+00	1.087858323984678410e-01
1.621621621621621712e-01	-1.011182457179043537e+00	8.329342988253407576e-02
1.631631631631631496e-01	-9.925227312195203933e-01	7.681590271935090364e-02
1.641641641641641558e-01	-1.096060485073414137e+00	1.934413574043798434e-01
1.651651651651651620e-01	-9.969532166281100949e-01	1.083143499757540651e-01
1.661661661661661682e-01	-9.931085272107833539e-01	1.193286572980547522e-01
1.671671671671671744e-01	-1.051746478471606627e+00	1.936896476159192249e-01
1.681681681681681528e-01	-9.377618340859713575e-01	9.627653678592096309e-02
1.691691691691691590e-01	-8.284540644098608020e-01	4.372408306496322616e-03
1.701701701701701652e-01	-7.113431304548359924e-01	-9.451998650283355285e-02
1.711711711711711714e-01	-7.057927721373323804e-01	-8.105492323425789181e-02
1.721721721721721776e-01	-5.110605258616950364e-01	-2.559936689939038557e-01
1.731731731731731838e-01	-5.508780595694099391e-01	-1.956241287586419908e-01
1.741741741741741623e-01	-5.844139133846327772e-01	-1.407980853757649919e-01
1.751751751751751685e-01	-5.517950817637992111e-01	-1.514095973168848586e-01
1.761761761761761746e-01	-5.212705563663391217e-01	-1.592314349889133451e-01
1.771771771771771808e-01	-5.700823346238004241e-01	-8.704405064538800474e-02
1.781781781781781870e-01	-6.160574341734690318e-01	-1.704354175335187627e-02
1.791791791791791655e-01	-6.461666000178913905e-01	3.771707902367349430e-02
1.801801801801801717e-01	-7.167922045155310506e-01	1.335958073092571308e-01
1.811811811811811779e-01	-7.370082916402651563e-01	1.796417153786226129e-01
1.821821821821821841e-01	-7.718638504095998165e-01	2.408782502802793157e-01
1.831831831831831903e-01	-8.946582634396720302e-01	3.905787076483474562e-01
1.841841841841841965e-01	-8.135689362954275916e-01	3.368938868490004568e-01
1.851851851851851749e-01	-9.156456201575678966e-01	4.668464399571054524e-01
1.861861861861861811e-01	-8.720732832623379061e-01	4.515937699931235616e-01
1.871871871871871873e-01	-8.132181317152975542e-01	4.214740789948996369e-01
1.881881881881881935e-01	-7.952907243686245797e-01	4.326695105869572955e-01
1.891891891891891997e-01	-7.162557030156901927e-01	3.831159082736325106e-01
1.901901901901901781e-01	-6.781494165019326115e-01	3.748204680273052869e-01
1.911911911911911843e-01	-6.186989405452870683e-01	3.454807869368207718e-01
1.921921921921921905e-01	-5.572096446123356861e-01	3.143724592337483470e-01
1.931931931931931967e-01	-4.611470319556059128e-01	2.489309457730980724e-01
1.941941941941942029e-01	-3.601251042636737232e-01	1.787399683910229631e-01
1.951951951951951814e-01	-2.172596059767262777e-01	6.688478416278928473e-02
1.961961961961961876e-01	-9.502084871638101504e-02	-2.419496001979323796e-02
1.971971971971971938e-01	1.082319398131602328e-01	-1.961708482242221219e-01
1.981981981981981999e-01	2.806422200475310880e-01	-3.372172692313238351e-01
1.991991991991992061e-01	3.702055852644952072e-01	-3.953608306538711759e-01
2.002002002002001846e-01	4.371395643113633600e-01	-4.308501309952963432e-01
2.012012012012011908e-01	4.366711505593015019e-01	-3.989432578805847673e-01
2.022022022022021970e-01	5.345416614661692156e-01	-4.654126168713848544e-01
2.032032032032032032e-01	5.481638782545815713e-01	-4.477020404024135702e-01
2.042042042042042094e-01	5.819437351616274512e-01	-4.502484463260034708e-01
2.052052052052052156e-01	4.051937985038377987e-01	-2.423952863387437429e-01
2.062062062062061940e-01	3.544198747999927623e-01	-1.606791235630959935e-01
2.072072072072072002e-01	2.989109829442613830e-01	-7.441957430668938445e-02
2.082082082082082064e-01	2.764715569964369957e-01	-2.145148059612689284e-02
2.092092092092092126e-01	3.209986810889820519e-01	-3.570211501493236739e-02
2.102102102102102188e-01	4.018975170029529531e-01	-8.660657842745034252e-02
2.112112112112111972e-01	4.040348537923518224e-01	-5.906131999776176311e-02
2.122122122122122034e-01	4.985201622511983288e-01	-1.242051623271795968e-01
2.132132132132132096e-01	4.217474485586102939e-01	-1.846112607462979671e-02
2.142142142142142158e-01	4.336047669883862921e-01	-1.745913975089385950e-03
2.152152152152152220e-01	3.971110346510864364e-01	6.289330274752436001e-02
2.162162162162162282e-01	3.922077412277445441e-01	9.548720258588999643e-02
2.172172172172172067e-01	3.890921741853362037e-01	1.258111160554759578e-01
2.182182182182182129e-01	5.012964114334709231e-01	4.030606011471882244e-02
2.192192192192192191e-01	5.381848206526181899e-01	2.958126544208961040e-02
2.202202202202202252e-01	4.312236333945664857e-01	1.621446284430539952e-01
2.212212212212212314e-01	4.348341774535453008e-01	1.835495044626704320e-01
2.222222222222222099e-01	4.060708089446559144e-01	2.367168007418825604e-01
2.232232232232232161e-01	5.583667704891646100e-01	1.081891426932067857e-01
2.242242242242242223e-01	5.049296441322452811e-01	1.847354448460162279e-01
2.252252252252252285e-01	5.125816830209604102e-01	1.995106024100649078e-01
2.262262262262262347e-01	5.209456649236894332e-01	2.128696603530383369e-01
2.272272272272272131e-01	6.028189861708169728e-01	1.519937413899814516e-01
2.282282282282282193e-01	5.888638575538654996e-01	1.861998713257358995e-01
2.292292292292292255e-01	6.474077397824651303e-01	1.471405641299784461e-01
2.302302302302302317e-01	5.226710896098631931e-01	2.905760956138698781e-01
2.312312312312312379e-01	5.400894029889153902e-01	2.910524793267779131e-01
2.322322322322322163e-01	5.221529654771686069e-01	3.260617344356331326e-01
2.332332332332332225e-01	5.890373637467768431e-01	2.754113917130877054e-01
2.342342342342342287e-01	5.416803841675276177e-01	3.381476116489015027e-01
2.352352352352352349e-01	6.569323654176211225e-01	2.374048477134059754e-01
2.362362362362362411e-01	7.950382178923913745e-01	1.129238419871547716e-01
2.372372372372372473e-01	6.319125298687943149e-01	2.887765331840689287e-01
2.382382382382382258e-01	7.103041874756037544e-01	2.222014500041035179e-01
2.392392392392392320e-01	8.445677113964303873e-01	9.883238687515050191e-02
2.402402402402402382e-01	8.375166446857856828e-01	1.158450276916433985e-01
2.412412412412412444e-01	7.757542082170924003e-01	1.866263010195410299e-01
2.422422422422422505e-01	7.544895023371107623e-01	2.159581881826861949e-01
2.432432432432432290e-01	8.395882561107859132e-01	1.379669828369001205e-01
2.442442442442442352e-01	8.827632642362687188e-01	1.009328619433412788e-01
2.452452452452452414e-01	7.523291463765249265e-01	2.365351333869107897e-01
2.462462462462462476e-01	8.073840996994182673e-01	1.856704894409494377e-01
2.472472472472472538e-01	9.491646358234818726e-01	4.709827487507256549e-02
2.482482482482482600e-01	9.730749811922034809e-01	2.541109067831892609e-02
2.492492492492492384e-01	8.373079284775051256e-01	1.624139457928835961e-01
2.502502502502502724e-01	8.926216388525284318e-01	1.073474570152184171e-01
2.512512512512512508e-01	8.969715908824409389e-01	1.022559013136384864e-01
2.522522522522522292e-01	9.750072738641908376e-01	2.249052273030893723e-02
2.532532532532532632e-01	9.317439185776493771e-01	6.303780090493593669e-02
2.542542542542542416e-01	9.605085511507973628e-01	3.057339551822235713e-02
2.552552552552552756e-01	9.945526575722413165e-01	-8.150520876526901048e-03
2.562562562562562540e-01	9.394116736463404838e-01	4.133524357369933178e-02
2.572572572572572325e-01	8.391443474573311301e-01	1.349775329814052460e-01
2.582582582582582664e-01	7.542027513535047856e-01	2.123308262045366934e-01
2.592592592592592449e-01	7.489509158764571239e-01	2.090385964390317763e-01
2.602602602602602788e-01	7.077236908281518968e-01	2.407744427316432789e-01
2.612612612612612573e-01	7.434358043528286331e-01	1.946330225433376970e-01
2.622622622622622357e-01	6.261086002161593278e-01	3.006033051891260355e-01
2.632632632632632697e-01	6.654355792278389137e-01	2.490030202173271201e-01
2.642642642642642481e-01	6.043779884005354708e-01	2.968830571454094125e-01
2.652652652652652820e-01	6.380566140747125914e-01	2.491356603338915621e-01
2.662662662662662605e-01	6.955684240812266550e-01	1.766777739382595636e-01
2.672672672672672389e-01	6.814248369270242689e-01	1.750127589663224015e-01
2.682682682682682729e-01	7.381341671776622260e-01	1.016479332808771785e-01
2.692692692692692513e-01	7.665912633554063937e-01	5.570491824340351172e-02
2.702702702702702853e-01	7.289224667304460281e-01	7.507466363649495378e-02
2.712712712712712637e-01	5.524028417827335780e-01	2.325002001036711174e-01
2.722722722722722422e-01	7.601416802960415664e-01	4.891117161849645179e-03
2.732732732732732761e-01	7.668257495582594396e-01	-2.241970366984058494e-02
2.742742742742742545e-01	6.411078228586278849e-01	8.193536120288236191e-02
2.752752752752752885e-01	6.436872327682923167e-01	5.727810399930466367e-02
2.762762762762762669e-01	6.713773772561908437e-01	6.816958558476082786e-03
2.772772772772773009e-01	7.071853615457953657e-01	-5.243266310606131686e-02
2.782782782782782793e-01	5.984710535182246050e-01	3.219255152433286860e-02
2.792792792792792578e-01	7.204782683830857071e-01	-1.145273921195361089e-01
2.802802802802802917e-01	7.140479811999377313e-01	-1.334090317713323426e-01
2.812812812812812702e-01	7.983518219521755777e-01	-2.435989675680574340e-01
2.822822822822823041e-01	7.428563977196538382e-01	-2.145382089736030951e-01
2.832832832832832826e-01	7.459241532202707248e-01	-2.445630606326641976e-01
2.842842842842842610e-01	7.951346588010744787e-01	-3.212264362106309057e-01
2.852852852852852950e-01	8.194062064168553539e-01	-3.734194807317791631e-01
2.862862862862862734e-01	6.795203757740764239e-01	-2.618961635676095301e-01
2.872872872872873073e-01	6.623336694201027441e-01	-2.734849408287155503e-01
2.882882882882882858e-01	6.844775755978022014e-01	-3.247888459532654037e-01
2.892892892892892642e-01	7.165635979832735147e-01	-3.863905475824359059e-01
2.902902902902902982e-01	6.323060137573590644e-01	-3.319751361456079741e-01
2.912912912912912766e-01	5.532303953088044679e-01	-2.830386744250219522e-01
2.922922922922923106e-01	6.153587655518805155e-01	-3.755733820541444223e-01
2.932932932932932890e-01	5.346081557487268876e-01	-3.254662228111596667e-01
2.942942942942942675e-01	4.545101959493905164e-01	-2.762185247914132336e-01
2.952952952952953014e-01	5.088439710755124912e-01	-3.615788664553720166e-01
2.962962962962962798e-01	3.558829851777896014e-01	-2.397900710525585621e-01
2.972972972972973138e-01	3.939227486915339305e-01	-3.091168242160241553e-01
2.982982982982982922e-01	3.448636638971690482e-01	-2.914285899041113570e-01
2.992992992992992707e-01	2.276493495844348069e-01	-2.056379656582054405e-01
3.003003003003003046e-01	7.093513596601304372e-02	-8.036920819191004095e-02
3.013013013013012831e-01	1.199220213234876153e-01	-1.607922207641979406e-01
3.023023023023023170e-01	7.476987701162274291e-02	-1.470357889322105316e-01
3.033033033033032955e-01	-9.967189574802627627e-02	-3.918268084212306324e-03
3.043043043043043294e-01	-6.982837466025543227e-02	-6.498360534632832697e-02
3.053053053053053079e-01	-1.624325657619170860e-01	-3.467920806796087607e-03
3.063063063063062863e-01	-2.773876010434739858e-01	8.056265957577024572e-02
3.073073073073073203e-01	-4.388092529838074074e-01	2.112544881077246806e-01
3.083083083083082987e-01	-4.360472581228467814e-01	1.779876886939976699e-01
3.093093093093093326e-01	-4.543331521410346463e-01	1.660239618688119645e-01
3.103103103103103111e-01	-4.542512595467625980e-01	1.359775446544546629e-01
3.113113113113112895e-01	-4.223654127287550519e-01	7.444190003447148651e-02
3.123123123123123235e-01	-4.915927655757175163e-01	1.143635012729476985e-01
3.133133133133133019e-01	-5.255072767919750643e-01	1.193452862375041224e-01
3.143143143143143359e-01	-5.504163131662127562e-01	1.157232320118167235e-01
3.153153153153153143e-01	-5.706614906342482030e-01	1.078671676669501478e-01
3.163163163163162928e-01	-5.757402010845464879e-01	8.530227316812666327e-02
3.173173173173173267e-01	-6.024809020778454371e-01	8.488434161596747352e-02
3.183183183183183051e-01	-6.533999320958119306e-01	1.091565674642331896e-01
3.193193193193193391e-01	-6.575774085338716990e-01	8.722541795597027470e-02
3.203203203203203175e-01	-6.842579503850648726e-01	8.836132975116695043e-02
3.213213213213212960e-01	-7.451237583793549613e-01	1.242717635361123563e-01
3.223223223223223299e-01	-7.174206951960826473e-01	7.222725925739004182e-02
3.233233233233233084e-01	-7.921014314175547355e-01	1.232045576732158088e-01
3.243243243243243423e-01	-8.770580062475589189e-01	1.851191372700130566e-01
3.253253253253253208e-01	-9.017380112407674675e-01	1.874413748137465641e-01
3.263263263263262992e-01	-8.798482438300726516e-01	1.439001763459704097e-01
3.273273273273273332e-01	-7.129350306234115697e-01	-4.393672138158044582e-02
3.283283283283283116e-01	-7.359143126358193010e-01	-4.113268684646842477e-02
3.293293293293293456e-01	-6.923478285261337462e-01	-1.041060309787958937e-01
3.303303303303303240e-01	-6.572482531881153056e-01	-1.578248882981465595e-01
3.313313313313313024e-01	-7.324681619896227236e-01	-1.004182716511495821e-01
3.323323323323323364e-01	-6.883628666688919040e-01	-1.615132545217944360e-01
3.333333333333333148e-01	-7.488667531531171262e-01	-1.171586506313206932e-01
3.343343343343343488e-01	-9.700594507809237044e-01	8.874113867111643739e-02
3.353353353353353272e-01	-9.817501575729963292e-01	8.601043388774143317e-02
3.363363363363363057e-01	-1.089112708411845265e+00	1.798373305979571457e-01
3.373373373373373396e-01	-1.066009019343905351e+00	1.440971296586804895e-01
3.383383383383383181e-01	-1.086848639343577450e+00	1.532118757327313174e-01
3.393393393393393520e-01	-9.810276977541692034e-01	3.658929237334029860e-02
3.403403403403403304e-01	-9.204724853160209941e-01	-3.383364841272740176e-02
3.413413413413413644e-01	-9.159800623241004525e-01	-4.725012856981225529e-02
3.423423423423423428e-01	-9.786308312596295744e-01	7.429078989253490306e-03
3.433433433433433213e-01	-1.040361547469375259e+00	6.214861233616697511e-02
3.443443443443443552e-01	-1.035264937420132814e+00	5.100813098676426627e-02
3.453453453453453337e-01	-1.039113308149395731e+00	4.978591849590219276e-02
3.463463463463463676e-01	-1.063495999855799790e+00	7.007632913798911289e-02
3.473473473473473461e-01	-1.057281312308087529e+00	6.075170935775076053e-02
3.483483483483483245e-01	-1.049394153107606975e+00	5.074004203115056733e-02
3.493493493493493585e-01	-1.046052061354550089e+00	4.626096709062399448e-02
3.503503503503503369e-01	-1.058235346279067901e+00	5.829591807877421150e-02
3.513513513513513709e-01	-1.135894841281455570e+00	1.367958750767740428e-01
3.523523523523523493e-01	-1.007917324755222888e+00	1.064678538239016703e-02
3.533533533533533277e-01	-1.004502498581058445e+00	1.004654282578076874e-02
3.543543543543543617e-01	-1.003947357219761916e+00	1.328935865033020747e-02
3.553553553553553401e-01	-1.015680048896733911e+00	2.979962544933789648e-02
3.563563563563563741e-01	-1.106711180044956500e+00	1.265832253227801019e-01
3.573573573573573525e-01	-1.136594919538588044e+00	1.631886387825852713e-01
3.583583583583583310e-01	-1.133465360738081573e+00	1.677433124227264427e-01
3.593593593593593649e-01	-1.123419963273591948e+00	1.663371072753211388e-01
3.603603603603603434e-01	-1.058338431603730312e+00	1.108411848833000812e-01
3.613613613613613773e-01	-1.066055860147966827e+00	1.290811608805290112e-01
3.623623623623623557e-01	-9.977467887471644925e-01	7.222116982548620889e-02
3.633633633633633342e-01	-9.138462987620886713e-01	6.849715891050767169e-04
3.643643643643643681e-01	-8.281049705311004372e-01	-7.178907999221795233e-02
3.653653653653653466e-01	-7.770927318873928069e-01	-1.086441765091374911e-01
3.663663663663663805e-01	-7.713393707810005662e-01	-9.936452938412687619e-02
3.673673673673673590e-01	-7.928822474129181286e-01	-6.192764389400862157e-02
3.683683683683683929e-01	-7.906989393621014495e-01	-4.737165934312470572e-02
3.693693693693693714e-01	-8.175824830124673870e-01	-2.920092094620629908e-03
3.703703703703703498e-01	-7.846817686796615510e-01	-1.744142407538262773e-02
3.713713713713713838e-01	-8.213953571394644326e-01	3.844473093100109207e-02
3.723723723723723622e-01	-7.677108052447123576e-01	4.706970873185056803e-03
3.733733733733733962e-01	-7.433283409934395847e-01	1.025799247830416761e-03
3.743743743743743746e-01	-7.151072407589688096e-01	-5.759978165617130053e-03
3.753753753753753530e-01	-6.933749661277149867e-01	-5.344096224653149818e-03
3.763763763763763870e-01	-6.350280961753792530e-01	-4.085187718730043382e-02
3.773773773773773654e-01	-6.844802535634987306e-01	3.210771704170745089e-02
3.783783783783783994e-01	-6.824386983199935974e-01	5.421870102435111249e-02
3.793793793793793778e-01	-6.139802353450591887e-01	1.053399628163298463e-02
3.803803803803803563e-01	-6.714561584345445366e-01	9.338039893417260373e-02
3.813813813813813902e-01	-6.558088838395764730e-01	1.036752374865067550e-01
3.823823823823823687e-01	-7.537865550651816626e-01	2.281410024338601517e-01
3.833833833833834026e-01	-8.012401242806005408e-01	3.026024530396084766e-01
3.843843843843843811e-01	-7.549692438768922376e-01	2.838325347938740473e-01
3.853853853853853595e-01	-7.641706886319934444e-01	3.210008279878656112e-01
3.863863863863863934e-01	-7.962680636729109196e-01	3.815032825675040429e-01
3.873873873873873719e-01	-8.083905184405799638e-01	4.224409594452499528e-01
3.883883883883884058e-01	-7.150337650273669299e-01	3.582810766131357960e-01
3.893893893893893843e-01	-6.379323557882569107e-01	3.107293149304845015e-01
3.903903903903903627e-01	-5.331157207342612780e-01	2.357858840670883915e-01
3.913913913913913967e-01	-5.108529764116174210e-01	2.436903602770957855e-01
3.923923923923923751e-01	-5.016466793114430223e-01	2.649154690197614848e-01
3.933933933933934091e-01	-5.342062321165331751e-01	3.281405207048408434e-01
3.943943943943943875e-01	-4.882275590031543433e-01	3.130311157512841169e-01
3.953953953953953659e-01	-4.174837425943443980e-01	2.733298115263851358e-01
3.963963963963963999e-01	-2.979139861848145721e-01	1.849451147557409914e-01
3.973973973973973783e-01	-1.527870843248346211e-01	7.111498246162750725e-02
3.983983983983984123e-01	-1.527029990341717547e-03	-4.876754037302467870e-02
3.993993993993993907e-01	9.434878125163220774e-02	-1.132160860360992422e-01
4.004004004004003692e-01	1.368358611648956835e-01	-1.242572433261560777e-01
4.014014014014014031e-01	9.588390521657991217e-02	-5.187180319419942842e-02
4.024024024024023816e-01	1.802192285341893685e-01	-1.048171639517886805e-01
4.034034034034034155e-01	2.459139911693254688e-01	-1.391965257979672077e-01
4.044044044044043940e-01	1.987695400520684830e-01	-6.084220207941526404e-02
4.054054054054054279e-01	2.126232758130505718e-01	-4.362245549120161159e-02
4.064064064064064064e-01	2.999053236605098705e-01	-9.999813843570512506e-02
4.074074074074073848e-01	2.853595299086625348e-01	-5.474365916622367378e-02
4.084084084084084187e-01	2.729609697096931908e-01	-1.186445929760426843e-02
4.094094094094093972e-01	2.647616990753857147e-01	2.655726420016069067e-02
4.104104104104104311e-01	1.319807850411689465e-01	1.892725586429742646e-01
4.114114114114114096e-01	2.036884448740946263e-01	1.471816059772355911e-01
4.124124124124123880e-01	1.660954346415653426e-01	2.140443634820297092e-01
4.134134134134134220e-01	2.494110434878109572e-01	1.596225984529351938e-01
4.144144144144144004e-01	3.514760960780020649e-01	8.604691437890110706e-02
4.154154154154154344e-01	4.070669857827136084e-01	5.851274601124423214e-02
4.164164164164164128e-01	4.397318668755180182e-01	5.344419502395575394e-02
4.174174174174173912e-01	5.035112692677682356e-01	1.677344271381031593e-02
4.184184184184184252e-01	6.097059197841006029e-01	-6.282704429047336614e-02
4.194194194194194036e-01	7.402799871675093124e-01	-1.673477325254907333e-01
4.204204204204204376e-01	7.504346917439226328e-01	-1.520156053529955198e-01
4.214214214214214160e-01	7.685124742119365804e-01	-1.451983062737207675e-01
4.224224224224223945e-01	6.756922799863225304e-01	-2.809939834892916100e-02
4.234234234234234284e-01	7.570776685119332550e-01	-8.584644917103101402e-02
4.244244244244244069e-01	7.973372870604643614e-01	-1.031314809197420024e-01
4.254254254254254408e-01	8.130328855042914249e-01	-9.653896202150824557e-02
4.264264264264264193e-01	8.272634415263406815e-01	-8.918990989400277236e-02
4.274274274274273977e-01	6.772571128320505895e-01	8.166617863603742311e-02
4.284284284284284317e-01	6.578274536009945939e-01	1.211951319824958739e-01
4.294294294294294101e-01	6.473175845223242408e-01	1.510339541520812068e-01
4.304304304304304440e-01	6.673480285336554907e-01	1.495430086592496322e-01
4.314314314314314225e-01	5.900020497737888947e-01	2.446206984740283419e-01
4.324324324324324564e-01	6.431429815272000639e-01	2.083861562061112283e-01
4.334334334334334349e-01	6.461959662352204647e-01	2.213975214323810059e-01
4.344344344344344133e-01	6.091172881668384109e-01	2.736826245577805850e-01
4.354354354354354473e-01	5.907121720575835289e-01	3.064212038847301534e-01
4.364364364364364257e-01	6.444820376130482309e-01	2.660976659789870968e-01
4.374374374374374597e-01	5.722578207870235856e-01	3.508677784072885553e-01
4.384384384384384381e-01	5.767156957214655266e-01	3.580429609456854401e-01
4.394394394394394165e-01	6.918445671258154350e-01	2.536228054680474964e-01
4.404404404404404505e-01	7.533080726041370134e-01	2.019330849941499695e-01
4.414414414414414289e-01	6.623846947391865969e-01	3.016856520769637395e-01
4.424424424424424629e-01	6.413413946246191433e-01	3.306048148276147236e-01
4.434434434434434413e-01	7.152323529687709680e-01	2.636286044450903976e-01
4.444444444444444198e-01	8.805290366259357349e-01	1.042787163862719524e-01
4.454454454454454537e-01	9.491366214796255196e-01	4.064409424415793559e-02
4.464464464464464322e-01	1.035331189130909824e+00	-4.155626112548582718e-02
4.474474474474474661e-01	9.037256977236136635e-01	9.306074243342066232e-02
4.484484484484484446e-01	8.791485172723205732e-01	1.196637569549485747e-01
4.494494494494494230e-01	9.055169946635770462e-01	9.433343229472335167e-02
4.504504504504504570e-01	8.603349422472976737e-01	1.395649295194512085e-01
4.514514514514514354e-01	9.636284413360981516e-01	3.533211842272931946e-02
4.524524524524524693e-01	9.167527841213376494e-01	8.028063565735255036e-02
4.534534534534534478e-01	9.278016470334201626e-01	6.631871045651926977e-02
4.544544544544544262e-01	9.684485776809896862e-01	2.177567581020900533e-02
4.554554554554554602e-01	1.084248112356259064e+00	-9.889915188864240037e-02
4.564564564564564386e-01	9.800481096461547414e-01	-5.488102650381687653e-04
4.574574574574574726e-01	8.629592704515925972e-01	1.097217842515675335e-01
4.584584584584584510e-01	8.665333917179720569e-01	9.836757697676701273e-02
4.594594594594594295e-01	8.605180512610128840e-01	9.564868347823851646e-02
4.604604604604604634e-01	8.511010758745735094e-01	9.538591386027883701e-02
4.614614614614614418e-01	7.792640867097921920e-01	1.566072188440202906e-01
4.624624624624624758e-01	7.079006001605365750e-01	2.164295794167720999e-01
4.634634634634634542e-01	7.555172293868260835e-01	1.563577949282078938e-01
4.644644644644644327e-01	7.499944856706225460e-01	1.485236704492456372e-01
4.654654654654654666e-01	8.998386713595435404e-01	-1.556588835076577748e-02
4.664664664664664451e-01	8.057704115778552278e-01	6.338258002414443038e-02
4.674674674674674790e-01	7.401545502310830082e-01	1.130191829623095057e-01
4.684684684684684575e-01	5.976064130205471780e-01	2.387443959452295594e-01
4.694694694694694914e-01	6.562959251830358109e-01	1.624049291827927011e-01
4.704704704704704699e-01	5.594708103264898202e-01	2.407705123275425407e-01
4.714714714714714483e-01	5.405717406216672405e-01	2.404187270242514884e-01
4.724724724724724823e-01	4.626824967207922024e-01	2.982848289408753795e-01
4.734734734734734607e-01	3.919269033037028893e-01	3.482647933982416233e-01
4.744744744744744946e-01	4.665660314406658848e-01	2.521180934278720587e-01
4.754754754754754731e-01	5.142047091361646727e-01	1.822611689130577695e-01
4.764764764764764515e-01	6.039572892862449249e-01	6.960163760062143545e-02
4.774774774774774855e-01	5.737299871864399714e-01	7.625593586720702532e-02
4.784784784784784639e-01	6.207360062682015789e-01	5.034170583605779292e-03
4.794794794794794979e-01	6.994109961140680953e-01	-9.847536195094530598e-02
4.804804804804804763e-01	8.398536331342013606e-01	-2.643467803643102521e-01
4.814814814814814548e-01	8.558405005530923537e-01	-3.063315224822853455e-01
4.824824824824824887e-01	7.313711861790196389e-01	-2.084034679632164044e-01
4.834834834834834671e-01	6.660023869846556366e-01	-1.700930683002656596e-01
4.844844844844845011e-01	7.243994824462736126e-01	-2.560389461136127753e-01
4.854854854854854795e-01	5.091121304027441674e-01	-6.876351746812481291e-02
4.864864864864864580e-01	5.652642827324487751e-01	-1.533630344884546748e-01
4.874874874874874919e-01	5.975206681723330693e-01	-2.144740955691641915e-01
4.884884884884884704e-01	5.631557125224714300e-01	-2.093425933961317598e-01
4.894894894894895043e-01	5.514589886999243795e-01	-2.272291932155527383e-01
4.904904904904904828e-01	5.398916159397603165e-01	-2.455657606204780796e-01
4.914914914914914612e-01	4.694545038004684367e-01	-2.053236344838602068e-01
4.924924924924924952e-01	5.095706759740579184e-01	-2.758959800098055304e-01
4.934934934934934736e-01	4.642305768756490036e-01	-2.612431248488862323e-01
4.944944944944945076e-01	5.824898913409950474e-01	-4.103904085768266263e-01
4.954954954954954860e-01	4.750362904712522316e-01	-3.339949585463319881e-01
4.964964964964965199e-01	3.401522094398833351e-01	-2.303084978973826691e-01
4.974974974974974984e-01	2.325230530954885688e-01	-1.539855815298185604e-01
4.984984984984984768e-01	1.260242607174016094e-01	-7.887069136509403111e-02
4.994994994994995108e-01	7.848631618189211290e-02	-6.276327712485126054e-02
5.005005005005005447e-01	9.438944945308441747e-02	-1.101124885101258249e-01
5.015015015015015232e-01	5.857840551516529243e-02	-1.057319748674716287e-01
5.025025025025025016e-01	4.636111950165268392e-02	-1.248985910673214711e-01
5.035035035035034801e-01	4.891970194341456468e-02	-1.587634134859140234e-01
5.045045045045044585e-01	-1.500514702063790451e-03	-1.395408172228534971e-01
5.055055055055055480e-01	-5.275150360783901343e-02	-1.193479791563299974e-01
5.065065065065065264e-01	-1.576518184972437731e-01	-4.533563352951777703e-02
5.075075075075075048e-01	-3.435182236848262627e-01	1.098435277205750682e-01
5.085085085085084833e-01	-4.267966276859910257e-01	1.626657583693856823e-01
5.095095095095094617e-01	-3.621681257544910881e-01	6.784227043521001699e-02
5.105105105105105512e-01	-4.186503872990741670e-01	9.442059181470197071e-02
5.115115115115115296e-01	-3.433025862767302705e-01	-1.051053284960823397e-02
5.125125125125125081e-01	-4.733091610672131022e-01	9.026258846404699998e-02
5.135135135135134865e-01	-5.794835156666100495e-01	1.675822674226202791e-01
5.145145145145144649e-01	-5.791709005665108823e-01	1.388222876318926380e-01
5.155155155155155544e-01	-6.048690076399617643e-01	1.365084713073004830e-01
5.165165165165165329e-01	-6.395359155160826869e-01	1.436265968316937647e-01
5.175175175175175113e-01	-6.087074926953315313e-01	8.573977447953096132e-02
5.185185185185184897e-01	-5.756006989696501597e-01	2.609172089884426171e-02
5.195195195195194682e-01	-4.081496549818595665e-01	-1.673571977880290995e-01
5.205205205205205576e-01	-4.296550829671046956e-01	-1.712805511960185378e-01
5.215215215215215361e-01	-4.927137095321062477e-01	-1.330564673196987791e-01
5.225225225225225145e-01	-5.779810395980048421e-01	-7.200488345563982318e-02
5.235235235235234930e-01	-6.245551791749758275e-01	-4.900374771188964473e-02
5.245245245245244714e-01	-6.226602617474177315e-01	-7.380561630180249022e-02
5.255255255255255609e-01	-7.150375505402063459e-01	-3.646574328331930737e-03
5.265265265265265393e-01	-7.056883650652319151e-01	-3.450333163671059911e-02
5.275275275275275177e-01	-6.243920384293661918e-01	-1.365752872323017231e-01
5.285285285285284962e-01	-7.848194640687664592e-01	3.828996422849617609e-03
5.295295295295294746e-01	-7.185853033694752368e-01	-8.165601928455534786e-02
5.305305305305305641e-01	-7.929691551105120251e-01	-2.573169925531582081e-02
5.315315315315315425e-01	-7.802195308702197796e-01	-5.613127809555529257e-02
5.325325325325325210e-01	-7.761173366230113002e-01	-7.705639657038154677e-02
5.335335335335334994e-01	-8.515585834126314646e-01	-1.759440818936663931e-02
5.345345345345344779e-01	-9.724906706718446925e-01	8.821788766306826179e-02
5.355355355355355673e-01	-9.715007888398964342e-01	7.298263272002958324e-02
5.365365365365365458e-01	-9.280713234505050258e-01	1.619629913547082634e-02
5.375375375375375242e-01	-9.638947219639960595e-01	3.956454238668782875e-02
5.385385385385385026e-01	-1.002123167322978903e+00	6.625186176916753045e-02
5.395395395395394811e-01	-1.036991865610276564e+00	9.050487587542521695e-02
5.405405405405405705e-01	-1.004963658792573433e+00	4.879692405332292093e-02
5.415415415415415490e-01	-1.076592033280302063e+00	1.116910645855628825e-01
5.425425425425425274e-01	-1.092529556368949883e+00	1.198485016657899749e-01
5.435435435435435059e-01	-9.650781292553700652e-01	-1.442117012574595236e-02
5.445445445445444843e-01	-9.064496431827474554e-01	-7.889931728486843099e-02
5.455455455455455738e-01	-9.260428124052673127e-01	-6.418144108593148989e-02
5.465465465465465522e-01	-8.567675673199319775e-01	-1.373527901700073439e-01
5.475475475475475307e-01	-1.010029376523245537e+00	1.299595674455544803e-02
5.485485485485485091e-01	-9.789361781008759644e-01	-2.002438165795128455e-02
5.495495495495495986e-01	-1.013652656703405430e+00	1.375278493665654800e-02
5.505505505505505770e-01	-1.019252547139303244e+00	1.940212018100284652e-02
5.515515515515515554e-01	-9.841677886829678368e-01	-1.464448554430131111e-02
5.525525525525525339e-01	-8.670283666927370847e-01	-1.297580734642973521e-01
5.535535535535535123e-01	-9.081771558213489470e-01	-8.559777218407560451e-02
5.545545545545546018e-01	-9.269876539629672285e-01	-6.279306176081589363e-02
5.555555555555555802e-01	-9.063784931966694103e-01	-7.842925981553849901e-02
5.565565565565565587e-01	-9.919465670130084289e-01	1.308560959914684130e-02
5.575575575575575371e-01	-9.523157978412092328e-01	-1.963041161102485610e-02
5.585585585585585155e-01	-9.994372273918635807e-01	3.536688057571191202e-02
5.595595595595596050e-01	-1.055380404011465822e+00	1.001392464131795057e-01
5.605605605605605835e-01	-9.759864424169197861e-01	3.051906982305652161e-02
5.615615615615615619e-01	-9.543663780018613041e-01	1.960772133470989331e-02
5.625625625625625403e-01	-9.584445401182802859e-01	3.531894092396692386e-02
5.635635635635635188e-01	-1.038502535554997275e+00	1.279228319629615029e-01
5.645645645645646082e-01	-1.018120582613720515e+00	1.209872066714070549e-01
5.655655655655655867e-01	-9.671001721582574984e-01	8.430025943363783636e-02
5.665665665665665651e-01	-9.355357136058550793e-01	6.794222593825305356e-02
5.675675675675675436e-01	-9.110447778508635741e-01	5.951564011755072769e-02
5.685685685685685220e-01	-8.609513692996433321e-01	2.632862105182542933e-02
5.695695695695696115e-01	-8.373141289444460122e-01	2.042309175154122247e-02
5.705705705705705899e-01	-7.748074841275305324e-01	-2.354405454687558130e-02
5.715715715715715683e-01	-8.168319829450040315e-01	3.780939736151167629e-02
5.725725725725725468e-01	-8.464973609971800927e-01	8.757406952909130293e-02
5.735735735735735252e-01	-7.160777873520688397e-01	-2.199574428027106787e-02
5.745745745745746147e-01	-6.741477927085695043e-01	-4.234613077421323091e-02
5.755755755755755931e-01	-6.745658122303093140e-01	-1.963999391041382214e-02
5.765765765765765716e-01	-6.927198645781875719e-01	2.148864523728311049e-02
5.775775775775775500e-01	-7.124005662192756105e-01	6.480768458188135295e-02
5.785785785785785285e-01	-6.980848237892242070e-01	7.477065585100606260e-02
5.795795795795796179e-01	-6.180689767468254825e-01	1.964989035589881361e-02
5.805805805805805964e-01	-6.286642324544922111e-01	5.573197781247118954e-02
5.815815815815815748e-01	-6.795217510953001083e-01	1.326428756016733157e-01
5.825825825825825532e-01	-7.107525788649632359e-01	1.904678668833836852e-01
5.835835835835835317e-01	-6.849740311970339279e-01	1.917979692975575468e-01
5.845845845845846211e-01	-7.160955165696170077e-01	2.505157847756596667e-01
5.855855855855855996e-01	-6.474091445867826700e-01	2.098861341298767780e-01
5.865865865865865780e-01	-6.151192594333484420e-01	2.060856174926027906e-01
5.875875875875875565e-01	-5.340890018666032413e-01	1.539492037430054139e-01
5.885885885885885349e-01	-5.559373774942428792e-01	2.050673266429098307e-01
5.895895895895896244e-01	-6.773273957630908670e-01	3.560740520789464902e-01
5.905905905905906028e-01	-6.082773051666235942e-01	3.169583418910776884e-01
5.915915915915915813e-01	-5.445959690467062631e-01	2.834994586346178957e-01
5.925925925925925597e-01	-5.217321334229397811e-01	2.911162626804980058e-01
5.935935935935935381e-01	-5.193701418555014548e-01	3.194629566306937951e-01
5.945945945945946276e-01	-3.962512925474253045e-01	2.272504722255751231e-01
5.955955955955956060e-01	-3.006997632520157504e-01	1.627724252793630866e-01
5.965965965965965845e-01	-3.286757857001992855e-01	2.219583203288398032e-01
5.975975975975975629e-01	-2.694602030859216124e-01	1.940581385035179407e-01
5.985985985985985414e-01	-2.073843172093321752e-01	1.633722151869469175e-01
5.995995995995996308e-01	-1.361911866935648918e-01	1.236125688548258272e-01
6.006006006006006093e-01	-1.761406827786229923e-01	1.950079875630905679e-01
6.016016016016015877e-01	-1.254972932587506695e-01	1.757918636221158515e-01
6.026026026026025662e-01	-1.536570119867369522e-01	2.353291138499410962e-01
6.036036036036035446e-01	-1.023650195935108254e-01	2.153338910225796599e-01
6.046046046046046341e-01	-8.721785354608617424e-02	2.313717846140460055e-01
6.056056056056056125e-01	-1.012512443033138920e-01	2.764476875551828972e-01
6.066066066066065909e-01	-5.739257341267507695e-02	2.634582848243662290e-01
6.076076076076075694e-01	-9.138579884426145661e-02	3.281170091359383312e-01
6.086086086086086588e-01	-5.679847335557257348e-03	2.728424634700776785e-01
6.096096096096096373e-01	1.636515228392722981e-02	2.809646843832461771e-01
6.106106106106106157e-01	-5.672488245723801559e-02	3.839279233150093007e-01
6.116116116116115942e-01	-5.202299969813756197e-02	4.087756881123675301e-01
6.126126126126125726e-01	5.947919600187673989e-02	3.264703629934488371e-01
6.136136136136136621e-01	1.600499262851823590e-01	2.547148548202265994e-01
6.146146146146146405e-01	1.267688422142280169e-01	3.164010184298987061e-01
6.156156156156156189e-01	2.462560224687416754e-01	2.248806866142754601e-01
6.166166166166165974e-01	3.700372856048135262e-01	1.286003856361759290e-01
6.176176176176175758e-01	4.668889636840724555e-01	5.875658894724794523e-02
6.186186186186186653e-01	6.093833658740127612e-01	-5.724971952094104477e-02
6.196196196196196437e-01	5.845543272536946056e-01	-6.478567753323671852e-03
6.206206206206206222e-01	6.720843225147316025e-01	-6.863808345130639754e-02
6.216216216216216006e-01	6.636305493405396660e-01	-3.541055204489951258e-02
6.226226226226225791e-01	7.057415777721163241e-01	-5.336904125032593260e-02
6.236236236236236685e-01	7.042074956297633692e-01	-2.832752226708334931e-02
6.246246246246246470e-01	7.088328848854308362e-01	-1.011382253306358781e-02
6.256256256256256254e-01	5.979667726507587044e-01	1.229004462738252368e-01
6.266266266266266038e-01	6.910311811437149787e-01	5.127136060189219080e-02
6.276276276276275823e-01	8.318331766600155497e-01	-6.882934228848902602e-02
6.286286286286286717e-01	9.303330781321739185e-01	-1.473824519237102448e-01
6.296296296296296502e-01	9.016568491124802298e-01	-9.953365635743682827e-02
6.306306306306306286e-01	8.330013869605248367e-01	-1.249881185343859613e-02
6.316316316316316071e-01	8.314582603298918961e-01	6.612338375334592122e-03
6.326326326326325855e-01	8.518952028328422577e-01	2.914688474082827163e-03
6.336336336336336750e-01	8.682786894882765782e-01	2.425210676851197178e-03
6.346346346346346534e-01	8.100661264035683429e-01	7.567078199296051189e-02
6.356356356356356319e-01	7.483537926383856398e-01	1.515402578849314175e-01
6.366366366366366103e-01	6.363188164817284997e-01	2.768425106912545397e-01
6.376376376376375887e-01	7.077823942084346953e-01	2.177432247132424781e-01
6.386386386386386782e-01	8.124791012542378343e-01	1.244955980132002038e-01
6.396396396396396566e-01	9.058393264274990919e-01	4.165792029293013954e-02
6.406406406406406351e-01	9.281322931362343542e-01	2.895056286203656626e-02
6.416416416416416135e-01	1.042746335389925783e+00	-7.702428707457142920e-02
6.426426426426425920e-01	1.145058939780077889e+00	-1.716526590240757821e-01
6.436436436436436814e-01	1.148806739880970262e+00	-1.686787851587937537e-01
6.446446446446446599e-01	9.929343009382924912e-01	-7.053877490897031421e-03
6.456456456456456383e-01	9.881642810435816715e-01	2.493717525850036587e-03
6.466466466466466168e-01	1.034223013672791902e+00	-3.976705791751444785e-02
6.476476476476475952e-01	1.033609960889444013e+00	-3.633942151661151421e-02
6.486486486486486847e-01	9.649216182030239120e-01	3.417734800165750375e-02
6.496496496496496631e-01	1.010408430886807540e+00	-1.046900268651385080e-02
6.506506506506506415e-01	9.475237304241125313e-01	5.226736383981367418e-02
6.516516516516516200e-01	8.228889002228860772e-01	1.757652108535704416e-01
6.526526526526525984e-01	9.165558130108711898e-01	7.997378993946580028e-02
6.536536536536536879e-01	9.222492816616937317e-01	7.117038905611705601e-02
6.546546546546546663e-01	9.439768272937175686e-01	4.535056235977585892e-02
6.556556556556556448e-01	9.421768645284248622e-01	4.207994190494390718e-02
6.566566566566566232e-01	8.782974961191735153e-01	9.991543901403543426e-02
6.576576576576576016e-01	7.778598316384139899e-01	1.933419206319632044e-01
6.586586586586586911e-01	7.510027084353653182e-01	2.122274824585468345e-01
6.596596596596596696e-01	6.741836233106570653e-01	2.801225104180916636e-01
6.606606606606606480e-01	6.070297940035844775e-01	3.374086113772447604e-01
6.616616616616616264e-01	4.789591383962336635e-01	4.546776252146134678e-01
6.626626626626626049e-01	5.018865903117244454e-01	4.200252993735023033e-01
6.636636636636636943e-01	5.166114682114686385e-01	3.926639096024192588e-01
6.646646646646646728e-01	5.353640116059641407e-01	3.603757120792913105e-01
6.656656656656656512e-01	5.104664897974424687e-01	3.708518223123653534e-01
6.666666666666666297e-01	5.769592765711234472e-01	2.890661272133168147e-01
6.676676676676676081e-01	6.795011222116695837e-01	1.703749989790174224e-01
6.686686686686686976e-01	5.648692086176858584e-01	2.680172250230871134e-01
6.696696696696696760e-01	5.713949327610358120e-01	2.436782087252267193e-01
6.706706706706706544e-01	5.066938533594641525e-01	2.897600061454661535e-01
6.716716716716716329e-01	4.335342216173478369e-01	3.435127778649428865e-01
6.726726726726726113e-01	3.430717872155878423e-01	4.137999647894049504e-01
6.736736736736737008e-01	2.820000250267208353e-01	4.539480424573822948e-01
6.746746746746746792e-01	3.603601374696190351e-01	3.539364989574026454e-01
6.756756756756756577e-01	4.166118161183386959e-01	2.753270528592093869e-01
6.766766766766766361e-01	3.112701665029825038e-01	3.576267072413574222e-01
6.776776776776777256e-01	3.759468954365690063e-01	2.692465405021232661e-01
6.786786786786787040e-01	4.850272044559211237e-01	1.358247903873224804e-01
6.796796796796796825e-01	5.484325748106564369e-01	4.746404582324248445e-02
6.806806806806806609e-01	5.439988670593749465e-01	2.635312351852892032e-02
6.816816816816816393e-01	6.108131255557092132e-01	-6.656976092412936197e-02
6.826826826826827288e-01	6.354566765980830256e-01	-1.178601161362055061e-01
6.836836836836837072e-01	7.051555411549955688e-01	-2.147176132385746894e-01
6.846846846846846857e-01	6.421419839137751939e-01	-1.793476609464744742e-01
6.856856856856856641e-01	4.711495247659345798e-01	-3.645644361153904667e-02
6.866866866866866426e-01	5.658555406457818071e-01	-1.596935500913080896e-01
6.876876876876877320e-01	4.828785857269066173e-01	-1.056493214241372991e-01
6.886886886886887105e-01	4.985516737645868668e-01	-1.506281610703021911e-01
6.896896896896896889e-01	6.162207946254404378e-01	-2.979470797331296161e-01
6.906906906906906674e-01	5.746090827950981472e-01	-2.862998925228760205e-01
6.916916916916916458e-01	5.683265994598519777e-01	-3.102670300309999796e-01
6.926926926926927353e-01	4.835112539004376986e-01	-2.559564890243555269e-01
6.936936936936937137e-01	3.043271362390392865e-01	-1.075021947713326043e-01
6.946946946946946921e-01	2.342689056511935153e-01	-6.836841908248089683e-02
6.956956956956956706e-01	2.670966159998749978e-01	-1.322846359932900173e-01
6.966966966966966490e-01	1.930097014793743515e-01	-8.941953764713278519e-02
6.976976976976977385e-01	4.455561310466070457e-02	2.771029881592652899e-02
6.986986986986987169e-01	-2.298169476920194909e-02	6.385189420991527198e-02
6.996996996996996954e-01	3.986169620685767190e-02	-3.042762398096122284e-02
7.007007007007006738e-01	-9.417522978609868534e-02	7.216384585987231648e-02
7.017017017017016522e-01	-1.779591724290112420e-01	1.245240984359565206e-01
7.027027027027027417e-01	-2.392329094119322874e-01	1.544269849364237612e-01
7.037037037037037202e-01	-2.430440655457861698e-01	1.269511514205545755e-01
7.047047047047046986e-01	-2.331166591177184499e-01	8.585155449757742030e-02
7.057057057057056770e-01	-1.062770750137415898e-01	-7.201459614423275091e-02
7.067067067067066555e-01	-5.420600237346583083e-02	-1.549359305640984341e-01
7.077077077077077449e-01	-6.155268357052277872e-02	-1.782326999272121348e-01
7.087087087087087234e-01	9.294577312192605148e-03	-2.794862981959756465e-01
7.097097097097097018e-01	5.905510204346325898e-02	-3.593859796552131836e-01
7.107107107107106803e-01	-7.023925187682031335e-02	-2.599337985240144366e-01
7.117117117117116587e-01	-3.172851855909835511e-02	-3.279602110854339947e-01
7.127127127127127482e-01	-1.882807113992806813e-01	-2.005680171921086774e-01
7.137137137137137266e-01	-2.375760673747354945e-01	-1.800481448317318989e-01
7.147147147147147050e-01	-1.205383865904562229e-01	-3.254483390946188437e-01
7.157157157157156835e-01	-1.336535425060657034e-01	-3.402546800843752606e-01
7.167167167167166619e-01	-1.913583020214717212e-01	-3.100027905661306704e-01
7.177177177177177514e-01	-3.175787766333051931e-01	-2.107394121127475484e-01
7.187187187187187298e-01	-3.348079460168211230e-01	-2.199449083672960215e-01
7.197197197197197083e-01	-4.322417263725057412e-01	-1.483972230560986483e-01
7.207207207207206867e-01	-4.800628376656319030e-01	-1.258880385979139205e-01
7.217217217217216652e-01	-5.681045228681893544e-01	-6.255908217436711993e-02
7.227227227227227546e-01	-6.429094257033645121e-01	-1.184327273637131306e-02
7.237237237237237331e-01	-6.932182040149322821e-01	1.502386820026624381e-02
7.247247247247247115e-01	-7.658233972670595024e-01	6.485806049946341023e-02
7.257257257257256899e-01	-8.815122135026592920e-01	1.584690294411523759e-01
7.267267267267266684e-01	-9.870471233867793570e-01	2.426410774983612795e-01
7.277277277277277578e-01	-9.530345482994919681e-01	1.880017508416016447e-01
7.287287287287287363e-01	-8.924312429127696511e-01	1.075282010263657329e-01
7.297297297297297147e-01	-8.456238710333090491e-01	4.162674066636984360e-02
7.307307307307306932e-01	-8.729548376019562461e-01	5.065865600314900519e-02
7.317317317317316716e-01	-9.342121496628404964e-01	9.443004920430175808e-02
7.327327327327327611e-01	-9.495432403529573406e-01	9.310564445961133639e-02
7.337337337337337395e-01	-9.586409916563727318e-01	8.639479363688706837e-02
7.347347347347347180e-01	-7.631898820288012253e-01	-1.240023923798014849e-01
7.357357357357356964e-01	-9.604300575735714718e-01	5.916901202762703260e-02
7.367367367367367859e-01	-9.054360287421531206e-01	-9.002570703013135223e-03
7.377377377377377643e-01	-1.020628993337006074e+00	9.391708793172115488e-02
7.387387387387387427e-01	-1.020974855609597887e+00	8.290602871343266678e-02
7.397397397397397212e-01	-1.027740371968378197e+00	7.924223840858402035e-02
7.407407407407406996e-01	-1.078471459826530587e+00	1.204819475110420202e-01
7.417417417417417891e-01	-1.156188210727357335e+00	1.896546331693157450e-01
7.427427427427427675e-01	-1.063875924187970057e+00	8.975404374923390272e-02
7.437437437437437460e-01	-1.041027604477469781e+00	6.028068725743052081e-02
7.447447447447447244e-01	-1.078546627992934326e+00	9.214449129721979936e-02
7.457457457457457028e-01	-1.043915599764015489e+00	5.283365309499610252e-02
7.467467467467467923e-01	-1.010929303115045474e+00	1.614758363246016071e-02
7.477477477477477708e-01	-9.448817829795301826e-01	-5.261601361496948126e-02
7.487487487487487492e-01	-1.014007326077166260e+00	1.477983388108694562e-02
7.497497497497497276e-01	-1.012937593428664407e+00	1.296849756091755790e-02
7.507507507507507061e-01	-9.787393914713176102e-01	-2.098248279907111158e-02
7.517517517517517955e-01	-1.125602871839838981e+00	1.271167999693165740e-01
7.527527527527527740e-01	-1.028855988260912735e+00	3.259307756235818587e-02
7.537537537537537524e-01	-8.789741297786443086e-01	-1.140804593617232854e-01
7.547547547547547309e-01	-8.394278192041418896e-01	-1.494364605592939377e-01
7.557557557557557093e-01	-7.798191919343823164e-01	-2.038769342452282363e-01
7.567567567567567988e-01	-7.591583612620289578e-01	-2.183968776856572980e-01
7.577577577577577772e-01	-7.646818301765313519e-01	-2.057658603432660493e-01
7.587587587587587556e-01	-8.384507306618054212e-01	-1.239297785748280090e-01
7.597597597597597341e-01	-8.401863045276329878e-01	-1.131753678497967597e-01
7.607607607607607125e-01	-8.873145538694400258e-01	-5.608554440214219561e-02
7.617617617617618020e-01	-8.626709896740306638e-01	-6.983464780567705255e-02
7.627627627627627804e-01	-8.415913948630869834e-01	-7.909766818977570502e-02
7.637637637637637589e-01	-8.282376288039282608e-01	-7.972443107561810738e-02
7.647647647647647373e-01	-8.090794676060120150e-01	-8.525774552501608206e-02
7.657657657657657158e-01	-8.833435009936920768e-01	3.515505177261069036e-03
7.667667667667668052e-01	-9.256902823992371188e-01	6.124152693937146008e-02
7.677677677677677837e-01	-8.649535969455014461e-01	1.673889703269948459e-02
7.687687687687687621e-01	-7.142251230076620550e-01	-1.169167593080320255e-01
7.697697697697697405e-01	-7.659116753698781421e-01	-4.733550985385615029e-02
7.707707707707707190e-01	-7.649715768673525096e-01	-2.957672704509350936e-02
7.717717717717718084e-01	-7.608089571226638315e-01	-1.425477175693667942e-02
7.727727727727727869e-01	-7.815415134194851898e-01	2.672878585868654344e-02
7.737737737737737653e-01	-7.683485525175840491e-01	3.453322724085550188e-02
7.747747747747747438e-01	-7.572503855347674229e-01	4.515810010373999539e-02
7.757757757757757222e-01	-8.249751180795511507e-01	1.353100291012862000e-01
7.767767767767768117e-01	-8.510148148391071254e-01	1.844589016567360629e-01
7.777777777777777901e-01	-8.650255172093280764e-01	2.222379075227886025e-01
7.787787787787787686e-01	-8.771258842125360111e-01	2.587422022963192791e-01
7.797797797797797470e-01	-8.571433791065218299e-01	2.637751172688989065e-01
7.807807807807807254e-01	-7.403945323821717883e-01	1.726284462874629888e-01
7.817817817817818149e-01	-6.561854965524971384e-01	1.145830250043078369e-01
7.827827827827827933e-01	-6.118553200450891350e-01	9.695202980427597428e-02
7.837837837837837718e-01	-6.394675466160549826e-01	1.517726028024186102e-01
7.847847847847847502e-01	-5.948358772894842827e-01	1.348315398908700447e-01
7.857857857857857287e-01	-5.661773341267838378e-01	1.343184811134850443e-01
7.867867867867868181e-01	-4.789570834948592704e-01	7.567076101087844009e-02
7.877877877877877966e-01	-3.978655659084055496e-01	2.355056598438570736e-02
7.887887887887887750e-01	-4.470031792236602852e-01	1.020296454290673949e-01
7.897897897897897534e-01	-3.780082038581668025e-01	6.271726528266385881e-02
7.907907907907907319e-01	-4.041986751539555778e-01	1.189021090799038394e-01
7.917917917917918214e-01	-3.420893536868866436e-01	8.706927728657620769e-02
7.927927927927927998e-01	-3.614190830781520147e-01	1.369276744405779622e-01
7.937937937937937782e-01	-2.295635505087999240e-01	3.582279927189935265e-02
7.947947947947947567e-01	-2.391633364129605310e-01	7.636482424786525391e-02
7.957957957957957351e-01	-2.657917769601276792e-01	1.340964881245016171e-01
7.967967967967968246e-01	-2.200149485324237875e-01	1.195531106802554255e-01
7.977977977977978030e-01	-2.434942201498543346e-01	1.743651755550678639e-01
7.987987987987987815e-01	-2.405294966907834397e-01	2.028016040120663721e-01
7.997997997997997599e-01	-2.504473462618314050e-01	2.441579129457622788e-01
8.008008008008007383e-01	-1.788925839488937353e-01	2.040478293382666786e-01
8.018018018018018278e-01	-8.346948064509300547e-02	1.400445298288844898e-01
8.028028028028028062e-01	-4.970989935239104873e-02	1.376488077634499541e-01
8.038038038038037847e-01	-6.828930317669147654e-02	1.875051119128645083e-01
8.048048048048047631e-01	2.344477488353444161e-02	1.269300469304004697e-01
8.058058058058058526e-01	1.350300096893616852e-01	4.635512618328960222e-02
8.068068068068068310e-01	2.245060837953545552e-01	-1.228999761284790826e-02
8.078078078078078095e-01	2.843055891275840796e-01	-4.146840374899618542e-02
8.088088088088087879e-01	1.941274754535875779e-01	7.909067815487755282e-02
8.098098098098097664e-01	2.200515508255057595e-01	8.327739764911873399e-02
8.108108108108108558e-01	2.462108127212542519e-01	8.692898202080309722e-02
8.118118118118118343e-01	3.522863302140357145e-01	1.033488356762957139e-02
8.128128128128128127e-01	4.502679340891266868e-01	-5.852388136872904711e-02
8.138138138138137911e-01	3.863529437063587535e-01	3.412656956285448073e-02
8.148148148148147696e-01	4.564885989923365139e-01	-7.689418791876789783e-03
8.158158158158158590e-01	5.676470891279241648e-01	-9.097203968149730757e-02
8.168168168168168375e-01	5.587634173929303394e-01	-5.468386160160454423e-02
8.178178178178178159e-01	6.501256299152604612e-01	-1.191400297859402935e-01
8.188188188188187944e-01	6.405600195333059910e-01	-8.319344327166522390e-02
8.198198198198197728e-01	6.566753099509569092e-01	-7.347891274468609790e-02
8.208208208208208623e-01	6.212138230448317477e-01	-1.276430205061551693e-02
8.218218218218218407e-01	6.665375315981941773e-01	-3.343655567137215900e-02
8.228228228228228192e-01	6.185833852299218449e-01	3.854300003926625084e-02
8.238238238238237976e-01	5.745505914741818598e-01	1.059513998810690527e-01
8.248248248248247760e-01	5.273087449831141971e-01	1.758959340975672081e-01
8.258258258258258655e-01	5.930868428466358200e-01	1.321251559137628373e-01
8.268268268268268439e-01	6.240726538492380460e-01	1.224295344788143280e-01
8.278278278278278224e-01	7.837105425261018388e-01	-1.665634767050372389e-02
8.288288288288288008e-01	8.234977462034813733e-01	-3.665005083189287749e-02
8.298298298298297793e-01	8.240389344235501401e-01	-1.817581746588337044e-02
8.308308308308308687e-01	8.601737627593553093e-01	-3.609210665599005274e-02
8.318318318318318472e-01	9.222196459784937073e-01	-8.073434867844353491e-02
8.328328328328328256e-01	9.589883372500718206e-01	-1.009315063943850843e-01
8.338338338338338041e-01	9.091054523965577117e-01	-3.532558248383066424e-02
8.348348348348347825e-01	9.283175263193337301e-01	-3.967865966697825542e-02
8.358358358358358720e-01	9.832012236069739286e-01	-8.058209593793941306e-02
8.368368368368368504e-01	9.430509252837446788e-01	-2.734409678357574425e-02
8.378378378378378288e-01	9.628710682585689407e-01	-3.498204096206036784e-02
8.388388388388388073e-01	9.756409328138679893e-01	-3.648725519410134233e-02
8.398398398398397857e-01	9.744658348548954629e-01	-2.497619450008248254e-02
8.408408408408408752e-01	1.014565542994561254e+00	-5.567884826991131852e-02
8.418418418418418536e-01	9.420069935852507514e-01	2.532855481203921677e-02
8.428428428428428321e-01	1.023509476890761105e+00	-4.868163021622740061e-02
8.438438438438438105e-01	1.087817043713158682e+00	-1.064608629595998890e-01
8.448448448448447889e-01	1.082083059231906175e+00	-9.516896417874642911e-02
8.458458458458458784e-01	1.071606997615458079e+00	-8.011090401807330341e-02
8.468468468468468568e-01	1.093732990440372532e+00	-9.863534499010662149e-02
8.478478478478478353e-01	1.025860310512554108e+00	-2.814512131629276492e-02
8.488488488488488137e-01	9.752290946451528386e-01	2.411704181682805537e-02
8.498498498498497922e-01	9.613919385249951599e-01	3.859693595071889138e-02
8.508508508508508816e-01	8.251124449932255578e-01	1.745303226690043674e-01
8.518518518518518601e-01	7.543896172988147075e-01	2.439185409724535791e-01
8.528528528528528385e-01	7.750187495229314827e-01	2.209676165161731376e-01
8.538538538538538170e-01	7.354412204708080658e-01	2.572384664127123077e-01
8.548548548548547954e-01	6.585594620412282829e-01	3.298319285922449717e-01
8.558558558558558849e-01	6.174353877809949376e-01	3.656903300147094082e-01
8.568568568568568633e-01	5.512557071689743182e-01	4.256321681925187006e-01
8.578578578578578417e-01	5.133871291110747581e-01	4.562969025466129258e-01
8.588588588588588202e-01	4.674703004405177387e-01	4.940510098066082101e-01
8.598598598598597986e-01	4.621979389828404505e-01	4.902098439016119302e-01
8.608608608608608881e-01	5.281731222386859548e-01	4.141793392956329978e-01
8.618618618618618665e-01	5.311247346077009324e-01	4.002405548521541512e-01
8.628628628628628450e-01	5.455542337173882039e-01	3.739028976728173692e-01
8.638638638638638234e-01	5.799173886134093570e-01	3.267223741634808221e-01
8.648648648648649129e-01	6.419984488065163530e-01	2.509274093430521324e-01
8.658658658658658913e-01	6.200454015737350000e-01	2.582835770090343708e-01
8.668668668668668698e-01	6.494930221018734295e-01	2.133705361840574355e-01
8.678678678678678482e-01	7.277230997861663386e-01	1.188217905438947453e-01
8.688688688688688266e-01	7.058883134344503540e-01	1.235007980906337455e-01
8.698698698698699161e-01	8.033994217702516982e-01	8.013764692614278040e-03
8.708708708708708945e-01	8.808127515843968691e-01	-8.817786084271095337e-02
8.718718718718718730e-01	8.685987356642809187e-01	-9.552594227556321371e-02
8.728728728728728514e-01	8.450901458476685058e-01	-9.234390734971276160e-02
8.738738738738738299e-01	7.615186969192933031e-01	-2.984337081761290200e-02
8.748748748748749193e-01	8.368820695633293338e-01	-1.270011772689001450e-01
8.758758758758758978e-01	7.060504376196055087e-01	-1.866594899049611733e-02
8.768768768768768762e-01	6.758189176215677607e-01	-1.161055681595346556e-02
8.778778778778778547e-01	6.185116708415073772e-01	2.186375583152000424e-02
8.788788788788788331e-01	5.981323314296679294e-01	1.777692213751436157e-02
8.798798798798799226e-01	4.801016799697825910e-01	1.107323550361765108e-01
8.808808808808809010e-01	5.708976406051360364e-01	-5.723073839743797464e-03
8.818818818818818794e-01	4.752411782405291940e-01	6.371504411968792470e-02
8.828828828828828579e-01	4.674110519547605702e-01	4.479387599835565892e-02
8.838838838838838363e-01	4.254607994849957664e-01	5.948633723249530103e-02
8.848848848848849258e-01	3.590388628759812462e-01	9.817093980309626877e-02
8.858858858858859042e-01	3.099213008687540793e-01	1.190990531935721131e-01
8.868868868868868827e-01	3.541375880342553240e-01	4.626907813354969035e-02
8.878878878878878611e-01	3.323298177096774553e-01	3.906721609789320926e-02
8.888888888888888395e-01	3.375624222711039457e-01	4.457721054568763996e-03
8.898898898898899290e-01	2.949636770009246844e-01	1.734136723056350915e-02
8.908908908908909074e-01	2.309037868551780948e-01	5.137733361879376348e-02
8.918918918918918859e-01	2.437614785455503308e-01	8.216582839576463959e-03
8.928928928928928643e-01	3.009491294622777535e-01	-7.952329714071551536e-02
8.938938938938938428e-01	2.731738539551316070e-01	-8.251920892206593416e-02
8.948948948948949322e-01	1.593776989869288840e-01	3.172288006196566368e-04
8.958958958958959107e-01	2.826108941530772745e-01	-1.540335988712080162e-01
8.968968968968968891e-01	2.238021106696395923e-01	-1.264695923013348655e-01
8.978978978978978676e-01	1.057133815401840038e-01	-3.972188791355989179e-02
8.988988988988988460e-01	2.167774147319379008e-01	-1.821922019201190068e-01
8.998998998998999355e-01	2.054014012795378208e-01	-2.022566690718019256e-01
9.009009009009009139e-01	1.206837962939527747e-01	-1.489826543770698397e-01
9.019019019019018923e-01	2.005200017540734181e-02	-7.976646505861467729e-02
9.029029029029028708e-01	-2.238977698090349050e-03	-8.883204498854996300e-02
9.039039039039038492e-01	1.471175395954237020e-02	-1.370492783379975710e-01
9.049049049049049387e-01	-9.576329275987746636e-02	-5.771975913633883848e-02
9.059059059059059171e-01	1.503222611095778212e-02	-1.995090329144486863e-01
9.069069069069068956e-01	-4.693930247622932206e-02	-1.683488382688580753e-01
9.079079079079078740e-01	-1.215016521107229741e-01	-1.243849336431263886e-01
9.089089089089088525e-01	-1.312001077325758713e-01	-1.450417766464961733e-01
9.099099099099099419e-01	-1.065366313449335745e-01	-1.997873882618494967e-01
9.109109109109109204e-01	-1.626946383433793830e-01	-1.734086061988348582e-01
9.119119119119118988e-01	-2.561548939701588923e-01	-1.093952178550602339e-01
9.129129129129128772e-01	-2.763552615790240141e-01	-1.182802411704155232e-01
9.139139139139138557e-01	-4.002179524538165278e-01	-2.311270360271527879e-02
9.149149149149149451e-01	-4.781026912468228085e-01	2.649549486992852643e-02
9.159159159159159236e-01	-5.053603512018312038e-01	2.592318891302353157e-02
9.169169169169169020e-01	-5.178217913279316020e-01	1.102875735965935799e-02
9.179179179179178805e-01	-4.831215651974767877e-01	-5.052619520464401992e-02
9.189189189189188589e-01	-4.754113634011915557e-01	-8.456342273640110596e-02
9.199199199199199484e-01	-5.636822044041799318e-01	-2.206587313765839831e-02
9.209209209209209268e-01	-6.268530679809752870e-01	1.591091943555178467e-02
9.219219219219219053e-01	-5.972474301128452012e-01	-3.828465573153827517e-02
9.229229229229228837e-01	-5.895957896974289847e-01	-6.989778383846523280e-02
9.239239239239238621e-01	-5.161131135427583505e-01	-1.666898036204279565e-01
9.249249249249249516e-01	-5.258027383043358816e-01	-1.796343288416160089e-01
9.259259259259259300e-01	-4.675720927327016163e-01	-2.598015488403473405e-01
9.269269269269269085e-01	-5.074133724675318202e-01	-2.411775758674580272e-01
9.279279279279278869e-01	-5.148985798076871623e-01	-2.541694267666279039e-01
9.289289289289288654e-01	-5.494643807762131793e-01	-2.393201866564156344e-01
9.299299299299299548e-01	-5.229549025392277173e-01	-2.847662315345799167e-01
9.309309309309309333e-01	-3.934075107005580163e-01	-4.324514702629850271e-01
9.319319319319319117e-01	-4.322335680289350890e-01	-4.109466043572863603e-01
9.329329329329328901e-01	-4.870653611466345678e-01	-3.726022190341090612e-01
9.339339339339339796e-01	-5.733553612188772020e-01	-3.019495394589352122e-01
9.349349349349349581e-01	-5.802955149142113855e-01	-3.097811559076949495e-01
9.359359359359359365e-01	-6.823754188590025471e-01	-2.215928646030133065e-01
9.369369369369369149e-01	-8.094849051231914894e-01	-1.074810966728210193e-01
9.379379379379378934e-01	-7.053109807153097321e-01	-2.237459922390516720e-01
9.389389389389389828e-01	-8.538882397601137431e-01	-8.634100094964469729e-02
9.399399399399399613e-01	-9.273027918480098997e-01	-2.316896545210178626e-02
9.409409409409409397e-01	-9.057736711911310579e-01	-5.400072316205772882e-02
9.419419419419419182e-01	-8.462316326871530681e-01	-1.218963202149651037e-01
9.429429429429428966e-01	-8.469425962785186446e-01	-1.285815762033191145e-01
9.439439439439439861e-01	-7.319009875157741485e-01	-2.500547517817327536e-01
9.449449449449449645e-01	-8.196990902028242765e-01	-1.677172032539646640e-01
9.459459459459459429e-01	-8.659333894495440109e-01	-1.259670458093327117e-01
9.469469469469469214e-01	-8.776932163814146204e-01	-1.177105141525977006e-01
9.479479479479478998e-01	-8.126914599488912483e-01	-1.852312550793518975e-01
9.489489489489489893e-01	-7.860357037174923178e-01	-2.134191941115770597e-01
9.499499499499499677e-01	-8.094533437248183638e-01	-1.905454201037790618e-01
9.509509509509509462e-01	-8.752236407223976666e-01	-1.243301344993662516e-01
9.519519519519519246e-01	-8.891762216227185878e-01	-1.089441504154279317e-01
9.529529529529529031e-01	-8.098781773377614623e-01	-1.858217943690763096e-01
9.539539539539539925e-01	-8.160707321832829653e-01	-1.762242354715306547e-01
9.549549549549549710e-01	-7.894720623312643237e-01	-1.984366646089138486e-01
9.559559559559559494e-01	-7.713124402797844059e-01	-2.112331466428437610e-01
9.569569569569569278e-01	-7.273091526107289262e-01	-2.489016983637014624e-01
9.579579579579579063e-01	-7.567080309281052353e-01	-2.122027523080447509e-01
9.589589589589589957e-01	-6.848349080406118672e-01	-2.758176943817091109e-01
9.599599599599599742e-01	-8.337428685176498933e-01	-1.177016061655271617e-01
9.609609609609609526e-01	-9.069230141626198893e-01	-3.437249136688425022e-02
9.619619619619619311e-01	-9.143970034333277486e-01	-1.581872739527678817e-02
9.629629629629629095e-01	-8.610144679395761447e-01	-5.720163894069874022e-02
9.639639639639639990e-01	-8.259631824127793287e-01	-7.934531716981740868e-02
9.649649649649649774e-01	-9.043138101580309174e-01	1.280813745974629381e-02
9.659659659659659559e-01	-9.686731893031161889e-01	9.185191406996107144e-02
9.669669669669669343e-01	-9.401082792320232251e-01	7.883845129279187791e-02
9.679679679679679127e-01	-8.604731107075368479e-01	1.560640175171756905e-02
9.689689689689690022e-01	-7.535080663872620876e-01	-7.412007221546945690e-02
9.699699699699699806e-01	-7.322678006598011269e-01	-7.730336268094406549e-02
9.709709709709709591e-01	-7.664699721165459945e-01	-2.424366679854783602e-02
9.719719719719719375e-01	-7.183587828097415251e-01	-5.271542988898414439e-02
9.729729729729729160e-01	-6.709253951640545832e-01	-7.974691008867185182e-02
9.739739739739740054e-01	-5.982917328486918596e-01	-1.312363582734973333e-01
9.749749749749749839e-01	-4.950599569540403699e-01	-2.126025219324658710e-01
9.759759759759759623e-01	-5.152939480344208567e-01	-1.698031424493603447e-01
9.769769769769769407e-01	-5.477293110046159708e-01	-1.141249288252536020e-01
9.779779779779779192e-01	-5.831156994531768722e-01	-5.484121129993779764e-02
9.789789789789790087e-01	-6.371276245783376035e-01	2.369889031167460303e-02
9.799799799799799871e-01	-6.455137086188459383e-01	5.721974341804125785e-02
9.809809809809809655e-01	-6.410180899041123537e-01	7.844063168567450006e-02
9.819819819819819440e-01	-5.943484186915247713e-01	5.804377545414018957e-02
9.829829829829829224e-01	-6.064509081227164033e-01	9.694940783883976287e-02
9.839839839839840119e-01	-4.826042063434809459e-01	4.096725414314827951e-04
9.849849849849849903e-01	-5.617708189344560177e-01	1.073600724895786840e-01
9.859859859859859688e-01	-5.489349492643581518e-01	1.227573368919215868e-01
9.869869869869869472e-01	-5.571459086939705152e-01	1.596228586100548741e-01
9.879879879879879256e-01	-5.201160939072033695e-01	1.516406990969493274e-01
9.889889889889890151e-01	-4.172125047761442440e-01	7.814913428147007846e-02
9.899899899899899935e-01	-4.466189887483901222e-01	1.373029273595208766e-01
9.909909909909909720e-01	-3.992824355366836331e-01	1.200195522438518014e-01
9.919919919919919504e-01	-3.612628453538620499e-01	1.123292908869671369e-01
9.929929929929930399e-01	-3.452134078064614253e-01	1.268553415618146885e-01
9.939939939939940183e-01	-3.166053799860758522e-01	1.290387266102394348e-01
9.949949949949949968e-01	-2.911582807583902310e-01	1.345685166298317692e-01
9.959959959959959752e-01	-2.652853991333248285e-01	1.398273689530264985e-01
9.969969969969969537e-01	-2.264357308650688794e-01	1.322334945374388226e-01
9.979979979979980431e-01	-1.673144058463143791e-01	1.044611158018342173e-01
9.989989989989990216e-01	-1.667002174313944318e-01	1.352580265122741154e-01
1.000000000000000000e+00	-1.060574284305004500e-01	1.060574284304992287e-01
