# Time	FTRLS_Output	FTRLS_Error
0.000000000000000000e+00	0.000000000000000000e+00	0.000000000000000000e+00
1.001001001001000992e-03	0.000000000000000000e+00	0.000000000000000000e+00
2.002002002002001985e-03	0.000000000000000000e+00	0.000000000000000000e+00
3.003003003003002977e-03	0.000000000000000000e+00	0.000000000000000000e+00
4.004004004004003969e-03	0.000000000000000000e+00	0.000000000000000000e+00
5.005005005005004962e-03	0.000000000000000000e+00	0.000000000000000000e+00
6.006006006006005954e-03	0.000000000000000000e+00	0.000000000000000000e+00
7.007007007007006946e-03	0.000000000000000000e+00	0.000000000000000000e+00
8.008008008008007939e-03	0.000000000000000000e+00	0.000000000000000000e+00
9.009009009009008931e-03	0.000000000000000000e+00	0.000000000000000000e+00
1.001001001001000992e-02	0.000000000000000000e+00	0.000000000000000000e+00
1.101101101101101092e-02	0.000000000000000000e+00	0.000000000000000000e+00
1.201201201201201191e-02	0.000000000000000000e+00	0.000000000000000000e+00
1.301301301301301290e-02	0.000000000000000000e+00	0.000000000000000000e+00
1.401401401401401389e-02	0.000000000000000000e+00	0.000000000000000000e+00
1.501501501501501488e-02	0.000000000000000000e+00	0.000000000000000000e+00
1.601601601601601588e-02	0.000000000000000000e+00	0.000000000000000000e+00
1.701701701701701513e-02	0.000000000000000000e+00	0.000000000000000000e+00
1.801801801801801786e-02	0.000000000000000000e+00	0.000000000000000000e+00
1.901901901901902059e-02	0.000000000000000000e+00	0.000000000000000000e+00
2.002002002002001985e-02	0.000000000000000000e+00	0.000000000000000000e+00
2.102102102102101910e-02	0.000000000000000000e+00	0.000000000000000000e+00
2.202202202202202183e-02	0.000000000000000000e+00	0.000000000000000000e+00
2.302302302302302456e-02	0.000000000000000000e+00	0.000000000000000000e+00
2.402402402402402382e-02	0.000000000000000000e+00	0.000000000000000000e+00
2.502502502502502307e-02	0.000000000000000000e+00	7.076624788865043536e-01
2.602602602602602580e-02	5.376218106024965859e-01	1.919062805196918298e-01
2.702702702702702853e-02	5.576486389195731697e-01	1.930236663331511560e-01
2.802802802802802778e-02	1.243759241071546562e+00	-4.726850283728218916e-01
2.902902902902902704e-02	1.265096278303779354e+00	-4.743826393886856341e-01
3.003003003003002977e-02	7.828536647278810934e-01	2.671749861286287775e-02
3.103103103103103250e-02	8.866275241613513769e-01	-5.899938555862016543e-02
3.203203203203203175e-02	3.995758630493082553e-01	4.452908459065094693e-01
3.303303303303303101e-02	-3.909418470100151088e-02	9.003640126402323585e-01
3.403403403403403027e-02	6.131593381901736528e-01	2.636619370429797993e-01
3.503503503503503647e-02	8.290177337826246662e-01	6.248793891565929126e-02
3.603603603603603572e-02	1.278921356500714701e+00	-3.736128569181180747e-01
3.703703703703703498e-02	1.279421805787458677e+00	-3.612056989071846802e-01
3.803803803803804118e-02	6.481591700056880123e-01	2.820565608229161914e-01
3.903903903903904044e-02	6.893885010758230569e-01	2.519070044536801944e-01
4.004004004004003969e-02	3.921255286127046102e-01	5.593189460704721672e-01
4.104104104104103895e-02	2.406738420145311530e-01	7.199787604077898528e-01
4.204204204204203821e-02	1.228992871237075679e-01	8.460114961124419741e-01
4.304304304304304440e-02	1.656185688003226630e+00	-6.799748370287970189e-01
4.404404404404404366e-02	6.309349375134993831e-01	3.516106494091283396e-01
4.504504504504504292e-02	6.658255063316733668e-01	3.220832206085046945e-01
4.604604604604604912e-02	3.268288786445820437e-01	6.654660890102317428e-01
4.704704704704704837e-02	1.183856807036619330e+00	-1.881568353297816687e-01
4.804804804804804763e-02	1.764344500224153678e-01	8.216859220157308741e-01
4.904904904904904689e-02	7.675600199320615769e-01	2.319937552897022304e-01
5.005005005005004615e-02	4.767910364166292880e-01	5.232077274119681931e-01
5.105105105105105234e-02	1.026897064869844556e+00	-2.744216704077528934e-02
5.205205205205205160e-02	6.392720020239777146e-01	3.586507130042655422e-01
5.305305305305305086e-02	3.472909227610396776e-01	6.481128077729728654e-01
5.405405405405405705e-02	8.439277551286770152e-01	1.479726801301998185e-01
5.505505505505505631e-02	1.039690526182271535e+00	-5.227423272548259447e-02
5.605605605605605557e-02	8.768186898495557990e-01	1.051370494479508810e-01
5.705705705705705483e-02	9.740540251790360537e-01	1.470147302802704559e-03
5.805805805805805409e-02	5.579390108826447481e-01	4.101889420194740898e-01
5.905905905905906028e-02	6.679942279942288064e-01	2.917801663589602024e-01
6.006006006006005954e-02	5.231295078649452757e-01	4.273422494351662992e-01
6.106106106106105880e-02	6.523503954295947205e-01	2.878788452801642750e-01
6.206206206206206499e-02	4.419189427080663091e-01	4.871380302462964274e-01
6.306306306306305731e-02	2.248940454608580608e-02	8.944765972499276740e-01
6.406406406406406351e-02	8.657068744058716847e-01	3.826140905614450194e-02
6.506506506506506970e-02	5.908066504855435941e-01	2.992700203363622968e-01
6.606606606606606202e-02	2.003844938810773676e-02	8.552664512897053539e-01
6.706706706706706822e-02	9.584127683207313009e-01	-9.874518813998611755e-02
6.806806806806806054e-02	3.181068695569793103e-01	5.250733028292433602e-01
6.906906906906906674e-02	7.428132514420389132e-01	8.304572952150435228e-02
7.007007007007007293e-02	1.037950500353654659e+00	-2.302293662798479135e-01
7.107107107107106525e-02	7.418704347739139005e-01	4.691413265871757776e-02
7.207207207207207145e-02	1.189223915738070403e+00	-4.201559091637534493e-01
7.307307307307307764e-02	8.016946132062789665e-02	6.684214870143627696e-01
7.407407407407406996e-02	8.104089937661387300e-01	-8.303535219308988413e-02
7.507507507507507616e-02	2.887229133732546749e-01	4.167141537726984368e-01
7.607607607607608236e-02	1.820934963353019187e-01	5.007094208278871639e-01
7.707707707707707467e-02	2.956293104482176082e-01	3.638642630876784967e-01
7.807807807807808087e-02	3.977321584011533906e-01	2.377999274432307519e-01
7.907907907907907319e-02	5.484442860358831329e-01	6.249786250953992539e-02
8.008008008008007939e-02	-4.555812830246328687e-02	6.313062058443026370e-01
8.108108108108108558e-02	9.049420446642200133e-01	-3.449672585266245761e-01
8.208208208208207790e-02	6.735140604307983114e-01	-1.398663000286757274e-01
8.308308308308308410e-02	-2.918709800625293171e-01	7.986640140308018943e-01
8.408408408408407642e-02	1.110500802151704436e+00	-6.310636398628944876e-01
8.508508508508508261e-02	1.268037996489631114e+00	-8.164308001127357217e-01
8.608608608608608881e-02	8.990224306069473093e-01	-4.756917745504127826e-01
8.708708708708708113e-02	2.406299123543390595e-01	1.540055903951020322e-01
8.808808808808808732e-02	-2.016960948917204677e-01	5.672462067169394828e-01
8.908908908908909352e-02	7.618914190351058213e-01	-4.257881744928899703e-01
9.009009009009008584e-02	5.394067427430096484e-02	2.523833453324828557e-01
9.109109109109109204e-02	7.825877279002364517e-01	-5.063458435211619646e-01
9.209209209209209823e-02	2.823249587058214716e-01	-3.643837295197135950e-02
9.309309309309309055e-02	6.102943187136589120e-01	-3.950061779685685726e-01
9.409409409409409675e-02	2.951506712657586129e-01	-1.106738644622660694e-01
9.509509509509508907e-02	4.303617281638070780e-01	-2.768786762675904400e-01
9.609609609609609526e-02	8.263663303150008133e-02	3.970089134695722888e-02
9.709709709709710146e-02	8.730645642067766943e-01	-7.819935415201360041e-01
9.809809809809809378e-02	8.121462453718820973e-02	-2.150015965397786971e-02
9.909909909909909997e-02	1.799013777251995683e-01	-1.516025196420812959e-01
1.001001001001000923e-01	8.256008981747469111e-01	-8.287456303824829451e-01
1.011011011011010985e-01	-6.651971253173423193e-01	6.306119125055250629e-01
1.021021021021021047e-01	-6.639924963303152072e-01	5.980010027036944953e-01
1.031031031031030970e-01	3.282358821581006225e-01	-4.255684005264028236e-01
1.041041041041041032e-01	-6.756199228939736567e-01	5.470426276121052034e-01
1.051051051051051094e-01	7.191373562711188550e-01	-8.788322840586684226e-01
1.061061061061061017e-01	-3.844797742264514095e-01	1.938251291933869580e-01
1.071071071071071079e-01	-5.618711320631059047e-01	3.404452997415470250e-01
1.081081081081081141e-01	6.257969438833219655e-01	-8.777750052684472060e-01
1.091091091091091064e-01	3.927173767376845315e-01	-6.749984972116560566e-01
1.101101101101101126e-01	5.387074831931335517e-01	-8.510125274246230775e-01
1.111111111111111049e-01	8.256267424025168222e-02	-4.245828175659198678e-01
1.121121121121121111e-01	-7.224791228957946343e-01	3.510820890882267453e-01
1.131131131131131173e-01	4.777864422262623201e-01	-8.781931083940661686e-01
1.141141141141141097e-01	-5.065561314295720097e-01	7.753577736724570624e-02
1.151151151151151159e-01	-6.023289181365904660e-02	-3.969769108654201406e-01
1.161161161161161082e-01	-1.859219361748389032e-02	-4.663549431000034162e-01
1.171171171171171144e-01	-5.203596656286034738e-01	8.154737675489354132e-03
1.181181181181181206e-01	-2.061195405748173781e-01	-3.328366817853990467e-01
1.191191191191191129e-01	-9.319372107168795438e-02	-4.719808456937047425e-01
1.201201201201201191e-01	-3.482066644110606846e-01	-2.426273705948970849e-01
1.211211211211211253e-01	-1.000766510424773825e+00	3.848572568575943098e-01
1.221221221221221176e-01	-4.181904211882991329e-01	-2.221850054847266942e-01
1.231231231231231238e-01	6.627755478076527082e-03	-6.708361162836904423e-01
1.241241241241241300e-01	-8.725752742496837300e-01	1.851907856205735614e-01
1.251251251251251362e-01	-6.552250288831804603e-01	-5.465586341124817338e-02
1.261261261261261146e-01	-7.947271766455596964e-01	6.305185054388173782e-02
1.271271271271271208e-01	1.633314958952787332e-01	-9.160777343932333672e-01
1.281281281281281270e-01	-3.410754822002371456e-01	-4.319973111884803374e-01
1.291291291291291332e-01	-4.624718500403419141e-01	-3.301630407013427804e-01
1.301301301301301394e-01	-9.526635638453258004e-01	1.412503773824599351e-01
1.311311311311311179e-01	-4.198618532227730293e-01	-4.095272583023094048e-01
1.321321321321321240e-01	-9.243397377982341956e-01	7.779484746817377783e-02
1.331331331331331302e-01	-6.327619286480118399e-01	-2.301016296379192472e-01
1.341341341341341364e-01	-8.990182311958455630e-01	2.068925261307674734e-02
1.351351351351351426e-01	-3.516949857305240457e-01	-5.412308724190443288e-01
1.361361361361361211e-01	-3.677688091892388766e-01	-5.388709535876501366e-01
1.371371371371371273e-01	-6.774259522486587581e-01	-2.420311791415463709e-01
1.381381381381381335e-01	-4.077873526720275921e-01	-5.235779367878263812e-01
1.391391391391391397e-01	-1.005536142362319030e+00	6.318368082800041030e-02
1.401401401401401459e-01	-1.157989844658355194e+00	2.055820617739037015e-01
1.411411411411411521e-01	-3.554044859180829907e-01	-6.061168243290426805e-01
1.421421421421421305e-01	-4.582596367490622269e-01	-5.114243949086253460e-01
1.431431431431431367e-01	-2.530323272581767036e-01	-7.238555481033158712e-01
1.441441441441441429e-01	4.764868200952090405e-01	-1.459612537890913053e+00
1.451451451451451491e-01	-1.053647355588440138e-01	-8.830266550746286303e-01
1.461461461461461553e-01	-8.662074768669416613e-01	-1.264722100165786012e-01
1.471471471471471337e-01	-2.377926796595611000e-02	-9.722070980731482015e-01
1.481481481481481399e-01	-9.982850824593171302e-01	-2.307581195104546623e-05
1.491491491491491461e-01	-6.404008191023459196e-01	-3.592419485598840057e-01
1.501501501501501523e-01	-4.693678460291115240e-01	-5.306210284466025273e-01
1.511511511511511585e-01	2.614706639765304041e-01	-1.260816800438511187e+00
1.521521521521521647e-01	-7.214509858172668544e-01	-2.762642033789945994e-01
1.531531531531531432e-01	-7.328151145937656930e-01	-2.622825308565004399e-01
1.541541541541541493e-01	-4.167265557127475262e-01	-5.747695378846373604e-01
1.551551551551551555e-01	-6.419559443287908840e-01	-3.449581507243691947e-01
1.561561561561561617e-01	1.061879354224185973e-01	-1.087544116175978015e+00
1.571571571571571679e-01	-7.935262665144319216e-01	-1.813015801601022270e-01
1.581581581581581464e-01	-8.008302555076259877e-01	-1.665052928896643136e-01
1.591591591591591526e-01	-4.983564402864762433e-01	-4.605302544381735808e-01
1.601601601601601588e-01	-5.007828802928339096e-01	-4.487067600619794039e-01
1.611611611611611650e-01	5.060677517576013251e-01	-1.445221429377369304e+00
1.621621621621621712e-01	1.023100454822670480e-01	-1.030199072778776426e+00
1.631631631631631496e-01	-2.391533906995944592e-01	-6.765534378005750860e-01
1.641641641641641558e-01	-7.709724023536196347e-01	-1.316467253154146588e-01
1.651651651651651620e-01	7.620179636925170086e-02	-9.648406630216077584e-01
1.661661661661661682e-01	-6.620391688994448076e-01	-2.117407010132837941e-01
1.671671671671671744e-01	-8.593539904021506581e-01	1.297159546463255708e-03
1.681681681681681528e-01	2.815546878217038418e-01	-1.123039985121754292e+00
1.691691691691691590e-01	-4.470335166107457930e-02	-7.793783044422899486e-01
1.701701701701701652e-01	2.200524604801427919e-01	-1.025915577437812365e+00
1.711711711711711714e-01	-2.862593447547506081e-02	-7.582217608961152600e-01
1.721721721721721776e-01	2.112575439292050383e-01	-9.783117387848039304e-01
1.731731731731731838e-01	-4.079400142046707423e-01	-3.385621741233811877e-01
1.741741741741741623e-01	-5.483967510105894894e-01	-1.768152477498082797e-01
1.751751751751751685e-01	1.689486228084605413e-01	-8.721533018891446387e-01
1.761761761761761746e-01	-4.073186671911404599e-01	-2.731833241641120069e-01
1.771771771771771808e-01	-3.477893920968302965e-01	-3.093369931723581323e-01
1.781781781781781870e-01	-2.415664303714913363e-01	-3.915345455553295717e-01
1.791791791791791655e-01	-3.317286218241846663e-02	-5.752766588117994573e-01
1.801801801801801717e-01	-1.772671178309265239e-01	-4.059292793753473960e-01
1.811811811811811779e-01	-5.615048442578247645e-01	4.138267996182221076e-03
1.821821821821821841e-01	-2.499341534985052293e-01	-2.810514466308152715e-01
1.831831831831831903e-01	-8.816738819226200841e-01	3.775943261312955102e-01
1.841841841841841965e-01	3.020580550444227352e-01	-7.787331044908498701e-01
1.851851851851851749e-01	-5.975363710278974727e-01	1.487371908274350285e-01
1.861861861861861811e-01	-3.462143940447881540e-01	-7.426511922442619040e-02
1.871871871871871873e-01	1.563022071600596863e-01	-5.480462598804576313e-01
1.881881881881881935e-01	-1.504367577781139942e-01	-2.121844560035532901e-01
1.891891891891891997e-01	7.806145023863468868e-01	-1.113754297128404680e+00
1.901901901901901781e-01	-3.604796228249297907e-01	5.715067435030246612e-02
1.911911911911911843e-01	2.857971562129623111e-01	-5.590153098214285521e-01
1.921921921921921905e-01	1.550897604028982635e-01	-3.979269457814855748e-01
1.931931931931931967e-01	-2.759614238949938958e-01	6.374533771248605540e-02
1.941941941941942029e-01	4.359498658541093308e-01	-6.173350017267600354e-01
1.951951951951951814e-01	1.715187764109069590e-01	-3.218935982248439798e-01
1.961961961961961876e-01	5.702224332757171998e-01	-6.894382420118914112e-01
1.971971971971971938e-01	6.040836302971899219e-01	-6.920225387082518109e-01
1.981981981981981999e-01	1.141684274406975508e+00	-1.198259323590768144e+00
1.991991991991992061e-01	7.844076823574817059e-01	-8.095629277468576745e-01
2.002002002002001846e-01	9.879015848756053653e-02	-9.250072517149350582e-02
2.012012012012011908e-01	1.569946533631990659e-01	-1.192667606844823452e-01
2.022022022022021970e-01	7.037490778649246881e-01	-6.346200332701403823e-01
2.032032032032032032e-01	5.173336212026206082e-01	-4.168717833504526071e-01
2.042042042042042094e-01	5.141090217632390269e-01	-3.824137329276150465e-01
2.052052052052052156e-01	-3.996757244435612533e-01	5.624742366086552536e-01
2.062062062062061940e-01	2.558259707754413359e-01	-6.208521953854456710e-02
2.072072072072072002e-01	-3.053243578396650643e-02	2.550238444215385258e-01
2.082082082082082064e-01	3.733691375948896551e-01	-1.183490611945795523e-01
2.092092092092092126e-01	2.327486954737775227e-01	5.254787060027216183e-02
2.102102102102102188e-01	6.320584572276166657e-01	-3.167675186521140551e-01
2.112112112112111972e-01	3.780508784176976333e-01	-3.307734462310757406e-02
2.122122122122122034e-01	5.723320141686116802e-01	-1.980170142445929482e-01
2.132132132132132096e-01	5.631055666237175239e-02	3.469757658216087171e-01
2.142142142142142158e-01	-1.078629127469042381e-01	5.397217657602011442e-01
2.152152152152152220e-01	1.111541865958541042e-01	3.488501508027567199e-01
2.162162162162162282e-01	2.839301939108047623e-01	2.037647499028297782e-01
2.172172172172172067e-01	4.499694972320621988e-01	6.493379300874996263e-02
2.182182182182182129e-01	1.198983868072408754e+00	-6.573813965242190083e-01
2.192192192192192191e-01	2.543223663225098186e-01	3.134437197721979818e-01
2.202202202202202252e-01	-1.113390330257327115e-01	7.047072948633531508e-01
2.212212212212212314e-01	1.592874635629033808e-01	4.590962183533123797e-01
2.222222222222222099e-01	1.291131632547259933e-01	5.136744464318124814e-01
2.232232232232232161e-01	5.442375044765845882e-01	1.223184087057868075e-01
2.242242242242242223e-01	-2.605589337417341667e-01	9.502240227199956202e-01
2.252252252252252285e-01	4.047765819466353499e-01	3.073157034843899682e-01
2.262262262262262347e-01	4.423574499786632197e-01	2.914578752980645504e-01
2.272272272272272131e-01	4.859770027731045716e-01	2.688357247876938527e-01
2.282282282282282193e-01	1.574499120978682942e-01	6.176138167817331048e-01
2.292292292292292255e-01	3.185088163932764949e-01	4.760394875191670816e-01
2.302302302302302317e-01	-1.743586233976414379e-01	9.876058086213744813e-01
2.312312312312312379e-01	2.191693652570821937e-01	6.119725170586111096e-01
2.322322322322322163e-01	1.977738672650927731e-01	6.504408326477089108e-01
2.332332332332332225e-01	5.955703890796629763e-01	2.688783663802015722e-01
2.342342342342342287e-01	-4.585046973330008518e-02	9.256784655497292125e-01
2.352352352352352349e-01	7.607402619375079889e-01	1.335969511935191090e-01
2.362362362362362411e-01	1.043864494356087302e+00	-1.359024344765411563e-01
2.372372372372372473e-01	-4.074164387175072122e-01	1.328105501770370456e+00
2.382382382382382258e-01	6.197164651516061662e-01	3.127891723281011060e-01
2.392392392392392320e-01	7.050734175556021555e-01	2.383266807159787337e-01
2.402402402402402382e-01	1.595705646068327210e-01	7.937911077705963603e-01
2.412412412412412444e-01	2.616261606353847968e-01	7.007543486012486333e-01
2.422422422422422505e-01	3.746774287397945935e-01	5.957702617800023637e-01
2.432432432432432290e-01	3.305107662844378735e-01	6.470444726632481602e-01
2.442442442442442352e-01	3.256424135459151104e-01	6.580537126336949427e-01
2.452452452452452414e-01	-2.380260261013421308e-01	1.226890305864777764e+00
2.462462462462462476e-01	9.180924727954018483e-01	7.496211634496585674e-02
2.472472472472472538e-01	8.670325276248757040e-01	1.292303830736787340e-01
2.482482482482482600e-01	8.921903637261348330e-02	9.092670354979088820e-01
2.492492492492492384e-01	-1.873503203778640325e-01	1.187072194648252754e+00
2.502502502502502724e-01	6.290905293013312471e-01	3.708785665664156017e-01
2.512512512512512508e-01	1.752817645932822910e-01	8.239457276027971622e-01
2.522522522522522292e-01	4.688405664417488738e-01	5.286572301527509010e-01
2.532532532532532632e-01	2.680638839631943604e-01	7.267178355193909534e-01
2.542542542542542416e-01	6.720922396691448863e-01	3.189897069998748336e-01
2.552552552552552756e-01	6.443804515864381965e-01	3.420216851092762189e-01
2.562562562562562540e-01	4.924632877982564050e-02	9.315005884402142167e-01
2.572572572572572325e-01	-2.224093762981507183e-01	1.196531256736887094e+00
2.582582582582582664e-01	-2.918281539650561252e-01	1.258361731523097493e+00
2.592592592592592449e-01	5.940806058979194448e-01	3.639089064175694554e-01
2.602602602602602788e-01	-1.419626572307993440e-01	1.090460790790594547e+00
2.612612612612612573e-01	1.537766557243478160e-01	7.842921711718184863e-01
2.622622622622622357e-01	9.277315715519575401e-02	8.339387482500896231e-01
2.632632632632632697e-01	3.146320275381281339e-01	5.998065719070378998e-01
2.642642642642642481e-01	-4.510951770026302432e-01	1.352356222548575015e+00
2.652652652652652820e-01	4.145531348719422859e-01	4.726391395366618675e-01
2.662662662662662605e-01	5.343442849465129818e-01	3.379019130729732368e-01
2.672672672672672389e-01	3.406208746014510735e-01	5.158167212918955968e-01
2.682682682682682729e-01	1.642324053746364032e-01	6.755496950839030568e-01
2.692692692692692513e-01	3.191654388382719199e-01	5.031307427605380411e-01
2.702702702702702853e-01	4.125992533953001806e-01	3.913978769716408013e-01
2.712712712712712637e-01	-8.773421620734906945e-01	1.662245203959895390e+00
2.722722722722722422e-01	1.068642993903422544e+00	-3.036101964455313329e-01
2.732732732732732761e-01	3.934630376044188638e-01	3.509430082839999909e-01
2.742742742742742545e-01	-5.989636627967984128e-02	7.829395503411901158e-01
2.752752752752752885e-01	4.621177864046188688e-02	6.547535581271350935e-01
2.762762762762762669e-01	3.912566612211375583e-01	2.869376745935293682e-01
2.772772772772773009e-01	1.279606654704333879e-01	5.267920329693006609e-01
2.782782782782782793e-01	-6.630789935131669033e-01	1.293742598555724488e+00
2.792792792792792578e-01	1.013506084964896248e+00	-4.075552087013466496e-01
2.802802802802802917e-01	1.041984885944926831e-01	4.764404608341127334e-01
2.812812812812812702e-01	5.441105036411273410e-01	1.064235074299080264e-02
2.822822822822823041e-01	-1.875654922800243374e-01	7.158836810260751360e-01
2.832832832832832826e-01	6.950545905973665173e-01	-1.936934980097599901e-01
2.842842842842842610e-01	1.653381056403643301e-01	3.085701169500792429e-01
2.852852852852852950e-01	2.685249369023171018e-01	1.774617887827590890e-01
2.862862862862862734e-01	-4.267917047468645086e-01	8.444159169533314024e-01
2.872872872872873073e-01	4.805404809438166835e-01	-9.169175235242948974e-02
2.882882882882882858e-01	2.431706632379589117e-01	1.165180664065778859e-01
2.892892892892892642e-01	4.523362273366666186e-01	-1.221631769358290098e-01
2.902902902902902982e-01	-3.550468674956682169e-01	6.553777451074193072e-01
2.912912912912912766e-01	-2.966465978704629358e-01	5.668383187542453960e-01
2.922922922922923106e-01	8.263795832942633091e-01	-5.865941997965271604e-01
2.932932932932932890e-01	-5.779009044526339789e-01	7.870428373902011998e-01
2.942942942942942675e-01	-2.039065746898002518e-01	3.821982458477775069e-01
2.952952952952953014e-01	3.053174359038752228e-01	-1.580523312837347483e-01
2.962962962962962798e-01	-1.678143369709761690e-01	2.839072510962072360e-01
2.972972972972973138e-01	3.505681076017742870e-02	4.974911371533231874e-02
2.982982982982982922e-01	-3.779219341383980857e-01	4.313570081314557769e-01
2.992992992992992707e-01	-8.020981282447026128e-02	1.022211967506996277e-01
3.003003003003003046e-01	-7.801973907277790499e-01	7.707633185018820665e-01
3.013013013013012831e-01	4.291133887293952509e-01	-4.699835881701055484e-01
3.023023023023023170e-01	-3.212401544582165203e-01	2.489742425376287316e-01
3.033033033033032955e-01	-5.796534936754259570e-01	4.760633298431873883e-01
3.043043043043043294e-01	-1.728351174346429500e-02	-1.175284682631194677e-01
3.053053053053053079e-01	-4.935533171634561289e-01	3.276528305947429276e-01
3.063063063063062863e-01	-8.443183824760228662e-01	6.474934410083190706e-01
3.073073073073073203e-01	-8.535985590381177657e-01	6.260437941620350388e-01
3.083083083083082987e-01	-7.374480032223502610e-03	-2.506850893966255933e-01
3.093093093093093326e-01	-3.679493784936683221e-01	7.964018822144564025e-02
3.103103103103103111e-01	-3.597799635443084121e-01	4.150624865200047697e-02
3.113113113113112895e-01	1.133770695661575345e-01	-4.613005822604411277e-01
3.123123123123123235e-01	-7.894413462787491786e-01	4.122120819759793608e-01
3.133133133133133019e-01	-6.197984546060349986e-01	2.136364640515640567e-01
3.143143143143143359e-01	-4.681779654160060367e-01	3.348488426161000397e-02
3.153153153153153143e-01	-2.844229292213782956e-01	-1.783713937459197596e-01
3.163163163163162928e-01	-3.535047938114850297e-01	-1.369331341049347950e-01
3.173173173173173267e-01	-4.374457506005605123e-01	-8.015080986131745133e-02
3.183183183183183051e-01	-3.609406026816568969e-01	-1.833027619499218441e-01
3.193193193193193391e-01	-3.871538496834645571e-01	-1.831981408944368672e-01
3.203203203203203175e-01	-6.300044148044713355e-01	3.410779417057341334e-02
3.213213213213212960e-01	-6.661310931468749086e-01	4.527909830363230359e-02
3.223223223223223299e-01	-2.168969601249933210e-01	-4.282964758136992844e-01
3.233233233233233084e-01	-7.018626799430319751e-01	3.296580619869304840e-02
3.243243243243243423e-01	-8.027086414213603360e-01	1.107697724438144737e-01
3.253253253253253208e-01	-4.659597000135085043e-01	-2.483369364135123991e-01
3.263263263263262992e-01	-3.879931622367159272e-01	-3.479549052473863147e-01
3.273273273273273332e-01	5.885804763779411974e-01	-1.345452228382933324e+00
3.283283283283283116e-01	-6.449942357740557908e-01	-1.320527637082319350e-01
3.293293293293293456e-01	3.433481415960680516e-02	-8.307886736645364589e-01
3.303303303303303240e-01	-6.126657084975263567e-02	-7.538065706365092433e-01
3.313313313313313024e-01	-8.692749278600983009e-01	3.638849421932599526e-02
3.323323323323323364e-01	-7.644769416263756667e-02	-7.734284270280488149e-01
3.333333333333333148e-01	-8.722347924190514412e-01	6.209388634613621782e-03
3.343343343343343488e-01	-1.461618829228261474e+00	5.803005171184542066e-01
3.353353353353353272e-01	-1.125475367450345099e-01	-7.831921869402204139e-01
3.363363363363363057e-01	-1.065834567653911158e+00	1.565591898400230386e-01
3.373373373373373396e-01	-1.640027393770738529e-01	-7.579091503081509806e-01
3.383383383383383181e-01	-6.348516682489691032e-01	-2.987850953618770289e-01
3.393393393393393520e-01	3.203715122063234277e-01	-1.264809917587152333e+00
3.403403403403403304e-01	6.765105912866484217e-02	-1.021957192857413155e+00
3.413413413413413644e-01	-5.579075027787083751e-01	-4.053226881152043326e-01
3.423423423423423428e-01	-6.485363557397056944e-01	-3.226653965306703897e-01
3.433433433433433213e-01	-8.525716359670109101e-01	-1.256412991661973733e-01
3.443443443443443552e-01	-5.244957886831352889e-01	-4.597610177502332585e-01
3.453453453453453337e-01	-4.580260278133350127e-01	-5.313013618401585259e-01
3.463463463463463676e-01	-4.929587199380627838e-01	-5.004609507797479484e-01
3.473473473473473461e-01	-2.700799234191317844e-01	-7.264496795312049837e-01
3.483483483483483245e-01	-1.039035617306694748e-01	-8.947505493457869052e-01
3.493493493493493585e-01	-2.080076645513600220e-01	-7.917834297125661003e-01
3.503503503503503369e-01	-6.598775608151535854e-01	-3.400618673851401041e-01
3.513513513513513709e-01	-9.205344221748708033e-01	-7.856454402981072338e-02
3.523523523523523493e-01	2.595856634488476478e-01	-1.256856202821680313e+00
3.533533533533533277e-01	-5.859855712764696634e-01	-4.084703844788080129e-01
3.543543543543543617e-01	-5.467873306200408123e-01	-4.438706679493908958e-01
3.553553553553553401e-01	-4.714405385328250819e-01	-5.144398849145709329e-01
3.563563563563563741e-01	-1.005698814053546553e+00	2.557085933137015488e-02
3.573573573573573525e-01	-4.176227933320904584e-01	-5.557834874239122591e-01
3.583583583583583310e-01	-4.163075029749263578e-01	-5.494145453404287727e-01
3.593593593593593649e-01	1.689761484413764350e-02	-9.739804708424084634e-01
3.603603603603603434e-01	5.870572430892388727e-02	-1.006202971029354076e+00
3.613613613613613773e-01	-2.373408752297614943e-01	-6.996338240376762663e-01
3.623623623623623557e-01	1.538818670162137303e-01	-1.079407485937891931e+00
3.633633633633633342e-01	-9.134602767361278686e-02	-8.218152994993708216e-01
3.643643643643643681e-01	-2.107210294969364406e-01	-6.891730210263820045e-01
3.653653653653653466e-01	-1.167070806542314931e-01	-7.690298277422987772e-01
3.663663663663663805e-01	-2.538825373241999639e-01	-6.168213628409274785e-01
3.673673673673673590e-01	-3.301188465399228500e-01	-5.246910447670039002e-01
3.683683683683683929e-01	-2.753838487236265342e-01	-5.626867499815996210e-01
3.693693693693693714e-01	-6.137437004877964730e-01	-2.067588746192915439e-01
3.703703703703703498e-01	-2.268115041950494876e-02	-7.794420423355392646e-01
3.713713713713713838e-01	-5.326963116549019439e-01	-2.502543145535613967e-01
3.723723723723723622e-01	2.345613606679212704e-01	-9.975651950394486267e-01
3.733733733733733962e-01	-1.969327592851055353e-01	-5.453697824605036049e-01
3.743743743743743746e-01	-5.685303197532957237e-02	-6.640141869492564020e-01
3.753753753753753530e-01	1.276042985167487043e-01	-8.263233608691168408e-01
3.763763763763763870e-01	1.811748333484587137e-01	-8.570548067111384283e-01
3.773773773773773654e-01	-6.943945985181778635e-01	4.202206199638658379e-02
3.783783783783783994e-01	-1.205846031398928181e-01	-5.076353941557496530e-01
3.793793793793793778e-01	3.280248238010136097e-01	-9.314710628644398138e-01
3.803803803803803563e-01	-7.170477705178373018e-01	1.389720110174653689e-01
3.813813813813813902e-01	1.381359752243394023e-01	-6.902696215774091204e-01
3.823823823823823687e-01	-9.276500375235321449e-01	4.020044848922106340e-01
3.833833833833834026e-01	-3.975806798249598706e-01	-1.010569914160321936e-01
3.843843843843843811e-01	6.212470653237643636e-02	-5.332614156153946405e-01
3.853853853853853595e-01	-6.040455250005475341e-01	1.608756643564197009e-01
3.863863863863863934e-01	-3.023901194896622124e-01	-1.123746616157446643e-01
3.873873873873873719e-01	-4.663289975504589790e-01	8.037943855512896807e-02
3.883883883883884058e-01	8.283948632290897285e-01	-1.185147551643320973e+00
3.893893893893893843e-01	2.239470296516949954e-01	-5.511500705094674046e-01
3.903903903903903627e-01	4.000870684178283732e-01	-6.974169050850012042e-01
3.913913913913913967e-01	8.532192048928351202e-02	-3.524845366238051336e-01
3.923923923923923751e-01	4.309018737099978152e-02	-2.798213976626812705e-01
3.933933933933934091e-01	-4.548926511021936792e-01	2.488269396905013475e-01
3.943943943943943875e-01	9.806046558400335900e-02	-2.732569088358736131e-01
3.953953953953953659e-01	-7.386770349516971756e-02	-7.028622757278957245e-02
3.963963963963963999e-01	5.907959636835442563e-01	-7.037648351126177815e-01
3.973973973973973783e-01	7.173747866838025011e-01	-7.990468885470096705e-01
3.983983983983984123e-01	8.461784602670691102e-01	-8.964730306304354857e-01
3.993993993993993907e-01	5.942634081377478061e-01	-6.131307129222148822e-01
4.004004004004003692e-01	1.449809988782112605e-02	-1.919482049081515027e-03
4.014014014014014031e-01	-1.708049491717331669e-01	2.148170511941136507e-01
4.024024024024023816e-01	5.962591551368068288e-01	-5.208570905544060992e-01
4.034034034034034155e-01	4.302351859216086982e-01	-3.235177205502504094e-01
4.044044044044043940e-01	-4.136829557931828161e-01	5.516102937658360350e-01
4.054054054054054279e-01	4.558197220339793576e-01	-2.868189017121304252e-01
4.064064064064064064e-01	6.514956107788123507e-01	-4.515884255540075776e-01
4.074074074074073848e-01	3.219951348507515965e-01	-9.137926410831273549e-02
4.084084084084084187e-01	2.205223941915968044e-01	4.057411622049211797e-02
4.094094094094093972e-01	-2.033713489753864387e-02	3.116560981730850388e-01
4.104104104104104311e-01	-2.797133262242505469e-01	6.009666699083937580e-01
4.114114114114114096e-01	6.423669242809314506e-01	-2.914968734296012332e-01
4.124124124124123880e-01	1.767822014927343810e-01	2.033575966308606708e-01
4.134134134134134220e-01	2.359922773065833701e-01	1.730413646341627809e-01
4.144144144144144004e-01	1.043046472384068224e+00	-6.055234619271649965e-01
4.154154154154154344e-01	6.130986812574109601e-01	-1.475189494634531195e-01
4.164164164164164128e-01	4.828611442668557796e-01	1.031491763261799255e-02
4.174174174174173912e-01	3.886553374189899990e-01	1.316293745625885525e-01
4.184184184184184252e-01	9.330672766292950060e-01	-3.861884011356677693e-01
4.194194194194194036e-01	9.995025631101766006e-01	-4.265703084681580215e-01
4.204204204204204376e-01	6.578249914386176123e-01	-5.940590504769049929e-02
4.214214214214214160e-01	5.212477541418708560e-01	1.020664137963449569e-01
4.224224224224223945e-01	-5.511948480058306288e-01	1.198787729643223887e+00
4.234234234234234284e-01	3.896913667079058841e-01	2.815398526329963569e-01
4.244244244244244069e-01	2.987615642286418627e-01	3.954442419120804963e-01
4.254254254254254408e-01	3.880422918357509521e-01	3.284516316470322272e-01
4.264264264264264193e-01	7.219023860266466919e-01	1.617114560569121728e-02
4.274274274274273977e-01	-7.675982807424824861e-01	1.526521572210570499e+00
4.284284284284284317e-01	1.474374643386744399e-01	6.315851212448160279e-01
4.294294294294294101e-01	4.767791757483040294e-01	3.215723629261014183e-01
4.304304304304304440e-01	1.813650786216638999e-01	6.355259585712411674e-01
4.314314314314314225e-01	-1.877621883293921490e-01	1.022384936577209302e+00
4.324324324324324564e-01	7.550332973810753856e-01	9.649584035223590650e-02
4.334334334334334349e-01	5.047246288325728525e-01	3.628688588350286182e-01
4.344344344344344133e-01	-1.155223722965824720e-02	8.943521499542772535e-01
4.354354354354354473e-01	5.046716530824572056e-01	3.924617228598564767e-01
4.364364364364364257e-01	7.147524184011967430e-01	1.958272851908385848e-01
4.374374374374374597e-01	3.714793780533042211e-01	5.516462211410079197e-01
4.384384384384384381e-01	6.901733764388178205e-01	2.445852802283331462e-01
4.394394394394394165e-01	4.059883881561745511e-01	5.394789844376883803e-01
4.404404404404404505e-01	2.190398240569599031e-01	7.362013335413271076e-01
4.414414414414414289e-01	-8.415724276160788109e-02	1.048227589577758190e+00
4.424424424424424629e-01	3.623996498132024402e-01	6.095465596390314822e-01
4.434434434434434413e-01	4.900272152037370987e-01	4.888337422101242669e-01
4.444444444444444198e-01	7.788344831071818408e-01	2.059732699050258464e-01
4.454454454454454537e-01	3.741835481905270155e-01	6.155971675332564397e-01
4.464464464464464322e-01	6.095459462476181534e-01	3.842289817578058431e-01
4.474474474474474661e-01	2.541271652923270466e-03	9.942451685041110432e-01
4.484484484484484446e-01	8.340832864917288592e-02	9.154039455780962342e-01
4.494494494494494230e-01	3.579103956718142632e-01	6.419400312864861347e-01
4.504504504504504570e-01	-2.776235266997976320e-02	1.027662224436728611e+00
4.514514514514514354e-01	7.473030056617477879e-01	2.516575540970796832e-01
4.524524524524524693e-01	5.595589002497018960e-01	4.374745195289883037e-01
4.534534534534534478e-01	4.678985721695268496e-01	5.262217853204125273e-01
4.544544544544544262e-01	4.853523905824370654e-01	5.048718629087616261e-01
4.554554554554554602e-01	1.151677460066393044e+00	-1.663284995987763804e-01
4.564564564564564386e-01	9.928138780420348031e-02	8.802179115769130924e-01
4.574574574574574726e-01	-5.964061748916495986e-01	1.569087229594809729e+00
4.584584584584584510e-01	3.949154561544475639e-01	5.699855125402915057e-01
4.594594594594594295e-01	2.733751191558498883e-01	6.827916155834015122e-01
4.604604604604604634e-01	7.939506634995603662e-02	8.670919233848962682e-01
4.614614614614614418e-01	-1.025430886743849968e-01	1.038414394228197590e+00
4.624624624624624758e-01	1.174269271531795389e-01	8.069032524241290805e-01
4.634634634634634542e-01	3.723225062345985048e-01	5.395525180804354726e-01
4.644644644644644327e-01	8.415750479783633275e-02	8.143606513220318366e-01
4.654654654654654666e-01	1.257315698279555471e+00	-3.730429152707777085e-01
4.664664664664664451e-01	-1.573490119083718053e-01	1.026502003510371352e+00
4.674674674674674790e-01	-9.077502902974469989e-02	9.439487622231371722e-01
4.684684684684684575e-01	-6.975968623151975745e-01	1.533947671280974312e+00
4.694694694694694914e-01	3.539871627432814583e-01	4.647136916225470538e-01
4.704704704704704699e-01	-5.805800949309500858e-01	1.380821417584982447e+00
4.714714714714714483e-01	3.233477559354931002e-02	7.486556920523693703e-01
4.724724724724724823e-01	1.235006139621129123e-01	6.374667116995547111e-01
4.734734734734734607e-01	-6.938898536127349748e-02	8.095806820632179823e-01
4.744744744744744946e-01	9.178678155132695693e-01	-1.991836906447316258e-01
4.754754754754754731e-01	5.753460584755978324e-01	1.211198195736246097e-01
4.764764764764764515e-01	6.928663339264283794e-01	-1.930740703956201898e-02
4.774774774774774855e-01	-2.212348803773316053e-01	8.712208034309786298e-01
4.784784784784784639e-01	5.937199768488751195e-01	3.205020000293223870e-02
4.794794794794794979e-01	3.164117833128961554e-01	2.845238508502266339e-01
4.804804804804804763e-01	4.306731161594679613e-01	1.448337366104231472e-01
4.814814814814814548e-01	5.099442097735475965e-01	3.956476829725941169e-02
4.824824824824824887e-01	-3.216601238999939327e-01	8.446278421157971117e-01
4.834834834834834671e-01	-1.268062440755026443e-01	6.227155627598925935e-01
4.844844844844845011e-01	3.860335180233339103e-01	8.232701830932692699e-02
4.854854854854854795e-01	-1.067945124561911818e+00	1.508293737496531062e+00
4.864864864864864580e-01	6.272063872124903350e-01	-2.153051389684962347e-01
4.874874874874874919e-01	2.049409186163377306e-01	1.781056539868311472e-01
4.884884884884884704e-01	-5.475201627083228773e-02	4.085651353971719857e-01
4.894894894894895043e-01	3.568206899167791768e-02	2.885477264926937235e-01
4.904904904904904828e-01	-4.625335199292156529e-01	7.568593752484978898e-01
4.914914914914914612e-01	-1.988182148849732267e-01	4.629490842015814289e-01
4.924924924924924952e-01	3.722279237547465591e-01	-1.385532277904941711e-01
4.934934934934934736e-01	4.056414688300085669e-01	-2.026540168032457956e-01
4.944944944944945076e-01	9.495785611282113736e-01	-7.774790783640429526e-01
4.954954954954954860e-01	-2.341492615681750045e-01	3.751905934930952480e-01
4.964964964964965199e-01	-4.883729891161719960e-01	5.982167006586727176e-01
4.974974974974974984e-01	-4.382297432114022895e-01	5.167672147770723257e-01
4.984984984984984768e-01	-6.566821700212850388e-01	7.038357393735925616e-01
4.994994994994995108e-01	-2.596162676596135421e-01	2.753393067166544084e-01
5.005005005005005447e-01	-7.388118563919220116e-02	5.815814658215079369e-02
5.015015015015015232e-01	-2.453638878585117644e-01	1.982103185062054074e-01
5.025025025025025016e-01	1.933191896847230862e-01	-2.718566612503918734e-01
5.035035035035034801e-01	-3.574734616405030874e-01	2.476297500980036426e-01
5.045045045045044585e-01	-4.071669761182073466e-01	2.661256441932901007e-01
5.055055055055055480e-01	-5.016680868724014974e-01	3.295686041082325213e-01
5.065065065065065264e-01	-9.226871262156076670e-01	7.196996741888461724e-01
5.075075075075075048e-01	-8.994929650388016062e-01	6.658182690745504395e-01
5.085085085085084833e-01	-7.405167606555698168e-01	4.763858913389644734e-01
5.095095095095094617e-01	2.764363223592138374e-01	-5.707621776784949086e-01
5.105105105105105512e-01	6.250842876263845715e-02	-3.867382242470106535e-01
5.115115115115115296e-01	2.540134141719716521e-01	-6.078265332983101565e-01
5.125125125125125081e-01	-8.614789453791874552e-01	4.784323727760213529e-01
5.135135135135134865e-01	-1.115491518202191612e+00	7.035902699582018416e-01
5.145145145145144649e-01	-5.711086270094104522e-01	1.307600140747922079e-01
5.155155155155155544e-01	-2.437320569876127441e-01	-2.246284793450485373e-01
5.165165165165165329e-01	-1.256952527457148028e-01	-3.702140659386741195e-01
5.175175175175175113e-01	9.581664864826619499e-02	-6.187843668640667927e-01
5.185185185185184897e-01	-2.184885226977933415e-01	-3.310204553730125565e-01
5.195195195195194682e-01	3.906624239505160912e-01	-9.661692767204047572e-01
5.205205205205205576e-01	-4.310011075993583352e-01	-1.699345265637648983e-01
5.215215215215215361e-01	-7.213750759792515455e-01	9.560489912744651875e-02
5.225225225225225145e-01	-1.034557715743325446e+00	3.845717926896807803e-01
5.235235235235234930e-01	-7.117486854867662860e-01	3.818975859990081378e-02
5.245245245245244714e-01	-2.495644138360158526e-01	-4.469014642132043691e-01
5.255255255255255609e-01	-7.112416158815495493e-01	-7.442508986988727315e-03
5.265265265265265393e-01	3.385417717814342975e-02	-7.740458738800859440e-01
5.275275275275275177e-01	2.249147742212765921e-01	-9.858820998829445070e-01
5.285285285285284962e-01	-1.328739286260536501e+00	5.477488186146196592e-01
5.295295295295294746e-01	3.470234717500401966e-04	-8.005883461257806699e-01
5.305305305305305641e-01	-1.275333757292786085e+00	4.566329029269582396e-01
5.315315315315315425e-01	-1.999834376923579626e-01	-6.363673712734171373e-01
5.325325325325325210e-01	1.128760743291711971e-01	-9.660498075225640857e-01
5.335335335335334994e-01	-3.826754083753592939e-01	-4.864775832266388100e-01
5.345345345345344779e-01	-9.162334972484904583e-01	3.196071423971402758e-02
5.355355355355355673e-01	-6.131198353333880968e-01	-2.853983207864787541e-01
5.365365365365365458e-01	-4.618986960117260621e-01	-4.499763283033081374e-01
5.375375375375375242e-01	-4.397454278055102361e-01	-4.845847517717979946e-01
5.385385385385385026e-01	-4.649329521671007881e-01	-4.709383533867105842e-01
5.395395395395394811e-01	-4.302460833492179337e-01	-5.162409063856334690e-01
5.405405405405405705e-01	-2.942155090921584892e-01	-6.619512256470920786e-01
5.415415415415415490e-01	-8.655824461291514726e-01	-9.931852256558770797e-02
5.425425425425425274e-01	-4.482111233322902399e-01	-5.244699313708696131e-01
5.435435435435435059e-01	2.743099377489160440e-01	-1.253809237130032006e+00
5.445445445445444843e-01	-4.909179721103579253e-01	-4.944309883572579611e-01
5.455455455455455738e-01	-5.091154421385472029e-01	-4.811088113526515997e-01
5.465465465465465522e-01	1.079307157462241901e-01	-1.102051073236163470e+00
5.475475475475475307e-01	-1.389426410888282115e+00	3.923929911095920264e-01
5.485485485485485091e-01	1.488853114185326731e-01	-1.147845871177359811e+00
5.495495495495495986e-01	-5.894389773864903148e-01	-4.104608943802585674e-01
5.505505505505505770e-01	-2.632046419773922397e-01	-7.366457849809081582e-01
5.515515515515515554e-01	-2.758492786609499925e-01	-7.229629955663191554e-01
5.525525525525525339e-01	8.792390994462392917e-02	-1.084710350101658394e+00
5.535535535535535123e-01	-4.281881843644317898e-01	-5.655867436409927063e-01
5.545545545545546018e-01	-5.750429204120374171e-01	-4.147377953117457050e-01
5.555555555555555802e-01	2.180314249173841423e-01	-1.202839177929591941e+00
5.565565565565565587e-01	-1.265739628196979494e+00	2.868786707831179061e-01
5.575575575575575371e-01	-2.547469028889814413e-01	-7.171993065632527031e-01
5.585585585585585155e-01	-7.989798073158512759e-01	-1.650905395003003928e-01
5.595595595595596050e-01	-5.515017947608484850e-01	-4.037393628374378318e-01
5.605605605605605835e-01	5.840054634769719089e-01	-1.529472836070835173e+00
5.615615615615615619e-01	-2.597074937575830078e-01	-6.750511629095683475e-01
5.625625625625625403e-01	-1.527420200788025539e-01	-7.703835791155108081e-01
5.635635635635635188e-01	-9.457059877028635153e-01	3.512628411082774349e-02
5.645645645645646082e-01	-4.918298499508146904e-01	-4.053035259914987698e-01
5.655655655655655867e-01	-9.536695456242183511e-02	-7.874329581621978269e-01
5.665665665665665651e-01	-3.280407077373474756e-02	-8.347894168938673198e-01
5.675675675675675436e-01	8.078601221476958139e-02	-9.323151499480824000e-01
5.685685685685685220e-01	-1.414333602643456089e-01	-6.931893879834722938e-01
5.695695695695696115e-01	7.819020501267573420e-02	-8.950812422055804962e-01
5.705705705705705899e-01	5.322852419965879572e-02	-8.515800628740649580e-01
5.715715715715715683e-01	-8.487728155678949671e-01	6.975022998440261190e-02
5.725725725725725468e-01	-9.011816722051306516e-02	-6.688051242475757663e-01
5.735735735735735252e-01	2.331517927400560963e-01	-9.712253243723960594e-01
5.745745745745746147e-01	1.627004037593700048e-01	-8.791943272421527400e-01
5.755755755755755931e-01	-2.110308729516878756e-01	-4.831749331890352606e-01
5.765765765765765716e-01	-3.698359852126184566e-01	-3.013952341282860048e-01
5.775775775775775500e-01	-4.628712415947391356e-01	-1.847216400426551219e-01
5.785785785785785285e-01	-4.110861166172537218e-02	-5.822055562764927306e-01
5.795795795795796179e-01	4.795511993665596551e-01	-1.077970285757486213e+00
5.805805805805805964e-01	-7.452081953873971321e-01	1.722759407453761105e-01
5.815815815815815748e-01	-2.177199113781282669e-01	-3.291589641154984980e-01
5.825825825825825532e-01	-3.894283172798753689e-01	-1.308563947017041817e-01
5.835835835835835317e-01	3.982526582817222938e-01	-8.914287201811986749e-01
5.845845845845846211e-01	-1.419614964604854479e-01	-3.236182353334718931e-01
5.855855855855855996e-01	-6.389859086829528800e-02	-3.736244195886105901e-01
5.865865865865865780e-01	5.798346981130844680e-02	-4.670171117520540705e-01
5.875875875875875565e-01	3.452668256751103559e-01	-7.254066237987082388e-01
5.885885885885885349e-01	-2.591810321012934931e-03	-3.482782405303201378e-01
5.895895895895896244e-01	-1.063268520548874108e+00	7.420151768647297308e-01
5.905905905905906028e-01	4.277563776585406319e-01	-7.190753409340865376e-01
5.915915915915915813e-01	3.999836043441707956e-01	-6.610801147562591629e-01
5.925925925925925597e-01	1.523829731412640331e-01	-3.829988438837058085e-01
5.935935935935935381e-01	-1.801412947341232973e-01	-1.976589049068439019e-02
5.945945945945946276e-01	4.282129926269214182e-01	-5.972138129487716274e-01
5.955955955955956060e-01	4.547908962304844649e-01	-5.927182342031371842e-01
5.965965965965965845e-01	9.821726645168449288e-02	-2.049347318230439752e-01
5.975975975975975629e-01	2.167443757933761039e-01	-2.921464403757797479e-01
5.985985985985985414e-01	-4.734397367959752856e-02	3.331871657212270854e-03
5.995995995995996308e-01	2.827113749750724825e-01	-2.952899928138115193e-01
6.006006006006006093e-01	-2.619613835656156020e-01	2.808286883500831776e-01
6.016016016016015877e-01	5.450153933428451003e-01	-4.947208229794799461e-01
6.026026026026025662e-01	-1.254100169694848457e-02	9.421310356015261123e-02
6.036036036036035446e-01	4.800649916932061001e-01	-3.670961202641372934e-01
6.046046046046046341e-01	-1.609486072757918274e-01	3.051025383437516725e-01
6.056056056056056125e-01	1.645108744529227285e-01	1.068556879894630440e-02
6.066066066066065909e-01	3.624845463351267782e-01	-1.564188349234356401e-01
6.076076076076075694e-01	-2.682742702702336501e-01	5.050054805619105247e-01
6.086086086086086588e-01	4.812750408453065343e-01	-2.141124247107861200e-01
6.096096096096096373e-01	2.798367019347140494e-01	1.749313473245933670e-02
6.106106106106106157e-01	-2.651082509456678116e-01	5.923112918034391106e-01
6.116116116116115942e-01	-6.633282808970815403e-02	4.230855165039381083e-01
6.126126126126125726e-01	7.274931040365459900e-01	-3.415435450412204199e-01
6.136136136136136621e-01	8.371804548702508342e-01	-4.224156737648418480e-01
6.146146146146146405e-01	3.775759705857438808e-01	6.559389005838284215e-02
6.156156156156156189e-01	6.057459837744721964e-01	-1.346092746914550609e-01
6.166166166166165974e-01	5.366621463580913964e-01	-3.802447511710194128e-02
6.176176176176175758e-01	5.763076392473195364e-01	-5.066208661599913565e-02
6.186186186186186653e-01	9.452767494891078925e-01	-3.931431031360361761e-01
6.196196196196196437e-01	-1.891539988656816829e-01	7.672297583660525611e-01
6.206206206206206222e-01	7.168701750771817593e-01	-1.134239360137565544e-01
6.216216216216216006e-01	2.774160627058490647e-01	3.508039345897910888e-01
6.226226226226225791e-01	3.451673887422843090e-01	3.072051477795060825e-01
6.236236236236236685e-01	3.067326167548712346e-01	3.691473566078087853e-01
6.246246246246246470e-01	2.810608725187555001e-01	4.176581898336117482e-01
6.256256256256256254e-01	-7.432204046156837274e-02	7.951892593861522585e-01
6.266266266266266038e-01	5.179251095735616373e-01	2.243774321720455323e-01
6.276276276276275823e-01	1.105483427674853303e+00	-3.424795933033267792e-01
6.286286286286286717e-01	3.899949587533849127e-01	3.929556674550787609e-01
6.296296296296296502e-01	3.974667776826938947e-01	4.046564150723495068e-01
6.306306306306306286e-01	1.155790403924691484e-01	7.049235347146171060e-01
6.316316316316316071e-01	3.558734776775820396e-01	4.821971210276444486e-01
6.326326326326325855e-01	5.752649886886753716e-01	2.795449026182497132e-01
6.336336336336336750e-01	2.342202145528722301e-01	6.364836856122555453e-01
6.346346346346346534e-01	2.030184678812865240e-01	6.827184405152423308e-01
6.356356356356356319e-01	5.371362576946102640e-01	3.627577928287067932e-01
6.366366366366366103e-01	-1.559762018298360697e-02	9.287589473559666464e-01
6.376376376376375887e-01	4.785597107176813303e-01	4.469659082039958431e-01
6.386386386386386782e-01	7.158329179792366492e-01	2.211417812882013889e-01
6.396396396396396566e-01	9.222193470459045805e-01	2.527789967452465092e-02
6.406406406406406351e-01	3.224641979513727663e-01	6.346186580468982097e-01
6.416416416416416135e-01	9.159978997795014122e-01	4.972414853585294114e-02
6.426426426426425920e-01	7.665765225189671295e-01	2.068297582370349774e-01
6.436436436436436814e-01	-5.467754700113575811e-02	1.034805501723312204e+00
6.446446446446446599e-01	-1.489328221735535807e-01	1.134813245620948985e+00
6.456456456456456383e-01	2.420038254878310868e-01	7.486541730816006490e-01
6.466466466466466168e-01	7.798410679446079463e-01	2.146148878106695079e-01
6.476476476476475952e-01	3.166380430388013867e-01	6.806324963340311118e-01
6.486486486486486847e-01	9.785555937593340414e-02	9.012434068287480393e-01
6.496496496496496631e-01	9.701053386958380376e-01	2.983408950445565200e-02
6.506506506506506415e-01	4.226228274747197977e-01	5.771682667892064078e-01
6.516516516516516200e-01	-6.385764275298643211e-01	1.637230538606320840e+00
6.526526526526525984e-01	4.705754579029557405e-01	5.259541450473812496e-01
6.536536536536536879e-01	5.437337344380878124e-01	4.496859362797229753e-01
6.546546546546546663e-01	4.132380737611704435e-01	5.760893158923230395e-01
6.556556556556556448e-01	4.888666830955277209e-01	4.953901233378410485e-01
6.566566566566566232e-01	2.671045307894138743e-01	7.111084043437950752e-01
6.576576576576576016e-01	-2.408159805398061293e-01	1.212017732810183324e+00
6.586586586586586911e-01	1.474611463614001750e-01	8.157690445325119777e-01
6.596596596596596696e-01	-9.334255929024548593e-02	1.047648693018994326e+00
6.606606606606606480e-01	-8.140458803206490623e-02	1.025842993412894089e+00
6.616616616616616264e-01	-2.225464382101689509e-01	1.156183201821016082e+00
6.626626626626626049e-01	4.807638170425692636e-01	4.411480726426574850e-01
6.636636636636636943e-01	3.314248752007487586e-01	5.778505026131390832e-01
6.646646646646646728e-01	1.131576458459314372e-01	7.825820778393239863e-01
6.656656656656656512e-01	2.575161259437738076e-02	8.555666995154304066e-01
6.666666666666666297e-01	2.899445031445777032e-01	5.760809006398626142e-01
6.676676676676676081e-01	7.373715376226374074e-01	1.125045835680495987e-01
6.686686686686686976e-01	-5.449895283668350077e-01	1.377875962007607979e+00
6.696696696696696760e-01	4.187604110554970505e-01	3.963127304307654808e-01
6.706706706706706544e-01	2.651026559582012054e-02	7.699435939091101577e-01
6.716716716716716329e-01	-5.124888785976107197e-01	1.289535878079901554e+00
6.726726726726726113e-01	-5.306469849165361685e-01	1.287518736921529072e+00
6.736736736736737008e-01	-1.097419973532903770e-01	8.456900648373935070e-01
6.746746746746746792e-01	3.617997651071790388e-01	3.524968713198426418e-01
6.756756756756756577e-01	4.204914350499717179e-01	2.714474339275763648e-01
6.766766766766766361e-01	-1.589838568828430554e-01	8.278807306271829258e-01
6.776776776776777256e-01	6.345761678615418067e-01	1.061726807715046572e-02
6.786786786786787040e-01	7.815133134054018660e-01	-1.606613185621582618e-01
6.796796796796796825e-01	3.399553918389364715e-01	2.559412287949624498e-01
6.806806806806806609e-01	-7.340106000982569989e-02	6.437530505877295806e-01
6.816816816816816393e-01	6.150162268249317332e-01	-7.077286219335188200e-02
6.826826826826827288e-01	4.282325429257363703e-01	8.936401753614114929e-02
6.836836836836837072e-01	4.494168903107560453e-01	4.102103760566483404e-02
6.846846846846846857e-01	-2.000414686040084267e-01	6.628357915713091186e-01
6.856856856856856641e-01	-1.100005212224260065e+00	1.534698293378655709e+00
6.866866866866866426e-01	9.117817973425415001e-01	-5.056198067880677272e-01
6.876876876876877320e-01	-6.309810519780560956e-01	1.008210316280825358e+00
6.886886886886887105e-01	1.154762065714956022e-02	3.363758920371351380e-01
6.896896896896896889e-01	9.750082163782030076e-01	-6.567345014858921859e-01
6.906906906906906674e-01	1.000151297828227176e-01	1.882940604893993952e-01
6.916916916916916458e-01	3.343405045914523144e-01	-7.628093516260031626e-02
6.926926926926927353e-01	-6.728971572456036165e-01	9.004519221216857883e-01
6.936936936936937137e-01	-8.025851981472151842e-01	9.994101396149218663e-01
6.946946946946946921e-01	-2.895530550159090000e-01	4.554535415846215907e-01
6.956956956956956706e-01	3.562666352736892916e-01	-2.214546552671043111e-01
6.966966966966966490e-01	-2.686759324076255506e-01	3.722660962398671169e-01
6.976976976976977385e-01	-4.788776855150541634e-01	5.511435974356413414e-01
6.986986986986987169e-01	-8.974804385271603624e-02	1.306182432934293591e-01
6.996996996996996954e-01	2.567231748432970972e-01	-2.472891026174006412e-01
7.007007007007006738e-01	-7.880531612872972991e-01	7.660417773610709302e-01
7.017017017017016522e-01	-7.002054576086047533e-01	6.467703836155500596e-01
7.027027027027027417e-01	-5.195536578678455752e-01	4.347477333923370768e-01
7.037037037037037202e-01	2.543647484288470428e-01	-3.704576625540786372e-01
7.047047047047046986e-01	-1.130261022115288116e-01	-3.423900240861221800e-02
7.057057057057056770e-01	6.378227086331699214e-01	-8.161143797911443176e-01
7.067067067067066555e-01	1.315625041903019099e-01	-3.407044371278661887e-01
7.077077077077077449e-01	-2.754756559550092243e-01	3.569027245727432462e-02
7.087087087087087234e-01	2.503208998863006851e-01	-5.205126207700836449e-01
7.097097097097097018e-01	-2.062120760010552334e-01	-9.411880161069469120e-02
7.107107107107106803e-01	-6.175846833618399145e-01	2.874116329610051368e-01
7.117117117117116587e-01	-3.810444798821813889e-02	-3.215842816563141970e-01
7.127127127127127482e-01	-6.283051079237245151e-01	2.394563793323351564e-01
7.137137137137137266e-01	-4.663769764834558296e-01	4.875276427698843618e-02
7.147147147147147050e-01	2.072732207003778193e-01	-6.532599463854529276e-01
7.157157157157156835e-01	-3.909392501736169145e-01	-8.296897241682404944e-02
7.167167167167166619e-01	-6.739465112190679008e-01	1.725854186314654815e-01
7.177177177177177514e-01	-5.510183449901049357e-01	2.270015624405219423e-02
7.187187187187187298e-01	3.208551570852082729e-02	-5.868383700926379509e-01
7.197197197197197083e-01	-6.290437541447505554e-01	4.840480471614616587e-02
7.207207207207206867e-01	-5.527842119045374147e-01	-5.316666435900840870e-02
7.217217217217216652e-01	-6.089049028754236481e-01	-2.175870216713282623e-02
7.227227227227227546e-01	-3.358802534101613668e-01	-3.188724450295744584e-01
7.237237237237237331e-01	-5.725034318953015067e-01	-1.056909039193645317e-01
7.247247247247247115e-01	-1.057366207506530209e+00	3.564008707389341168e-01
7.257257257257256899e-01	-7.706745246713013753e-01	4.763134060979445916e-02
7.267267267267266684e-01	-7.967674291050729218e-01	5.236138321665484430e-02
7.277277277277277578e-01	8.386888025605852837e-02	-8.489016777139488656e-01
7.287287287287287363e-01	-9.588930556425945273e-02	-6.890137363221444655e-01
7.297297297297297147e-01	-1.960635835051741105e-01	-6.079335468617650395e-01
7.307307307307306932e-01	-6.273711933783169270e-01	-1.949249882204903139e-01
7.317317317317316716e-01	-7.418261207377733202e-01	-9.795597972076541815e-02
7.327327327327327611e-01	-6.111142668181445137e-01	-2.453233290752014906e-01
7.337337337337337395e-01	-8.164502646236295735e-01	-5.579593339585608991e-02
7.347347347347347180e-01	6.351710395813182641e-01	-1.522363313989921085e+00
7.357357357357356964e-01	-1.320707054459703045e+00	4.194460089137586056e-01
7.367367367367367859e-01	-1.526725136171720454e-01	-7.617660858279942104e-01
7.377377377377377643e-01	-9.145527024141240080e-01	-1.215920299116091119e-02
7.387387387387387427e-01	-4.253249977692452610e-01	-5.127438291269199588e-01
7.397397397397397212e-01	-7.687523317007419754e-01	-1.797458018590522011e-01
7.407407407407406996e-01	-8.355315536241834096e-01	-1.224579586913051577e-01
7.417417417417417891e-01	-8.147130192026670326e-01	-1.518205583553745575e-01
7.427427427427427675e-01	3.693022997879553682e-01	-1.343424180226691522e+00
7.437437437437437460e-01	-3.997020811271610463e-01	-5.810448360928781586e-01
7.447447447447447244e-01	-6.565715995337452204e-01	-3.298305371619693060e-01
7.457457457457457028e-01	-1.125300581694676227e-01	-8.785518884995517919e-01
7.467467467467467923e-01	-3.386813957725689495e-01	-6.561003237100163643e-01
7.477477477477477708e-01	-4.328122230371685836e-02	-9.542165742907827708e-01
7.487487487487487492e-01	-1.079255609499686130e+00	8.002811730360681608e-02
7.497497497497497276e-01	-2.087909390371837925e-01	-7.911781568305630286e-01
7.507507507507507061e-01	-2.218688515534567376e-02	-9.775349891150429960e-01
7.517517517517517955e-01	-1.016979481778903516e+00	1.849340990838110876e-02
7.527527527527527740e-01	-1.260660912561362701e-01	-8.701968194424183345e-01
7.537537537537537524e-01	3.945721516735991585e-01	-1.387626740813966641e+00
7.547547547547547309e-01	-2.955372798287669855e-01	-6.933269999346688417e-01
7.557557557557557093e-01	5.030359455847442651e-02	-1.033999720738084882e+00
7.567567567567567988e-01	-1.250500261093081406e-02	-9.650502363367554626e-01
7.577577577577577772e-01	-5.670095782953882280e-01	-4.034381122244091733e-01
7.587587587587587556e-01	-2.558200670084448958e-01	-7.065604422281885899e-01
7.597597597597597341e-01	-8.635930154516264778e-01	-8.976865692580326961e-02
7.607607607607607125e-01	-4.090821941654685379e-01	-5.343179041061136836e-01
7.617617617617618020e-01	-9.130626316679260612e-02	-8.411993743129151380e-01
7.627627627627627804e-01	9.857617048242003910e-02	-1.019265233535282755e+00
7.637637637637637589e-01	-1.672123358342173238e-01	-7.407497240453290166e-01
7.647647647647647373e-01	1.242028812958589634e-01	-1.018540094426886977e+00
7.657657657657657158e-01	-6.063673313725249647e-01	-2.734606644439060430e-01
7.667667667667668052e-01	-1.878555719087639242e-01	-6.765931835511017622e-01
7.677677677677677837e-01	-9.350154603339171089e-02	-7.547131538794102923e-01
7.687687687687687621e-01	6.661342599101057749e-01	-1.497276142225799855e+00
7.697697697697697405e-01	-1.617890443557904179e-01	-6.514581408679438468e-01
7.707707707707707190e-01	-2.443802272552952071e-01	-5.501680766571508396e-01
7.717717717717718084e-01	-8.781160935722221589e-03	-7.662825679438782789e-01
7.727727727727727869e-01	-3.539163143068809192e-01	-4.008964132539177272e-01
7.737737737737737653e-01	9.582439160096160868e-02	-8.296397168776901143e-01
7.747747747747747438e-01	-1.043516536737197076e-01	-6.077406317573077477e-01
7.757757757757757222e-01	-6.412640254122352612e-01	-4.840106356602968951e-02
7.767767767767768117e-01	6.528803229424541554e-02	-7.318439454766164642e-01
7.777777777777777901e-01	-1.243445589549400758e-02	-6.303531537910455063e-01
7.787787787787787686e-01	-4.920620033671506688e-01	-1.263216785490660632e-01
7.797797797797797470e-01	1.694465625245037133e-01	-7.628148243621266644e-01
7.807807807807807254e-01	8.230270918638517008e-01	-1.390793177958560500e+00
7.817817817817818149e-01	4.455713941890184771e-01	-9.871738657372077785e-01
7.827827827827827933e-01	4.796463537642169372e-01	-9.945496440050300979e-01
7.837837837837837718e-01	-2.937182263474497068e-01	-1.939767174661866656e-01
7.847847847847847502e-01	4.377745731908034288e-01	-8.977789105894176114e-01
7.857857857857857287e-01	3.051822887877825852e-01	-7.370411418010813787e-01
7.867867867867868181e-01	4.706229234375017279e-01	-8.739092459214825581e-01
7.877877877877877966e-01	4.431822406795157820e-01	-8.174972406035356798e-01
7.887887887887887750e-01	-2.635052509211447402e-01	-8.146828287344815012e-02
7.897897897897897534e-01	3.028000172098981868e-01	-6.180909557854010750e-01
7.907907907907907319e-01	7.963271853481838219e-03	-2.932598379275335732e-01
7.917917917917918214e-01	3.074202591989694811e-01	-5.624403355992799725e-01
7.927927927927927998e-01	-2.188661383200905114e-02	-2.026047948055650083e-01
7.937937937937937782e-01	9.103343382731113875e-01	-1.104075089510011987e+00
7.947947947947947567e-01	2.804283476528198621e-02	-1.908413469303772703e-01
7.957957957957957351e-01	2.227596471438815853e-02	-1.539712535500142310e-01
7.967967967967968246e-01	4.292708778244657131e-01	-5.297327156766340472e-01
7.977977977977978030e-01	-4.191523513663693995e-02	-2.721380945814951685e-02
7.987987987987987815e-01	2.419605685486642677e-01	-2.796884612273813353e-01
7.997997997997997599e-01	8.436278315591581867e-02	-9.065221647198495880e-02
8.008008008008007383e-01	9.615990774377137784e-01	-9.364438320483408074e-01
8.018018018018018278e-01	6.906409704013304340e-01	-6.340659212175389081e-01
8.028028028028028062e-01	3.377653819033957228e-01	-2.498264734923368313e-01
8.038038038038037847e-01	1.778314669932151149e-01	-5.861565825704208310e-02
8.048048048048047631e-01	7.133225136890170015e-01	-5.629476918750820902e-01
8.058058058058058526e-01	5.101081461593776067e-01	-3.287230102867263470e-01
8.068068068068068310e-01	5.484647022636024438e-01	-3.362486160810957969e-01
8.078078078078078095e-01	3.409343095812442104e-01	-9.809712420265631616e-02
8.088088088088087879e-01	-3.451834636809055223e-01	6.184016172893707086e-01
8.098098098098097664e-01	3.172471271053457498e-01	-1.391817863072125627e-02
8.108108108108108558e-01	1.524633215037703715e-01	1.806764732382869776e-01
8.118118118118118343e-01	6.368796813427145542e-01	-2.742584675610492684e-01
8.128128128128128127e-01	7.759772224370151683e-01	-3.842331697166175286e-01
8.138138138138137911e-01	6.643372542439025807e-02	3.540457878448229900e-01
8.148148148148147696e-01	5.217830428675673815e-01	-7.298386266710765735e-02
8.158158158158158590e-01	1.000165021921652020e+00	-5.234899724752251071e-01
8.168168168168168375e-01	7.714382114788684297e-03	4.963651736765370970e-01
8.178178178178178159e-01	9.341696359905775626e-01	-4.031840358612573949e-01
8.188188188188187944e-01	-8.581361232286510710e-02	6.431801885845058742e-01
8.198198198198197728e-01	2.583498621711340371e-01	3.248465350351367742e-01
8.208208208208208623e-01	2.239074128615246295e-01	3.845421081326916291e-01
8.218218218218218407e-01	2.299083811645315778e-01	4.031925947622904127e-01
8.228228228228228192e-01	-1.317036002558524266e-01	7.888299855250404669e-01
8.238238238238237976e-01	-2.998414419720991930e-02	7.104861355524608735e-01
8.248248248248247760e-01	-6.843165756850683179e-02	7.716363366491882925e-01
8.258258258258258655e-01	3.599130712724420422e-01	3.652989274879566151e-01
8.268268268268268439e-01	3.640288464910754196e-01	3.824733418369769544e-01
8.278278278278278224e-01	1.107435147786604457e+00	-3.403809529310063420e-01
8.288288288288288008e-01	7.142232826617742614e-01	7.262441270981423447e-02
8.298298298298297793e-01	-4.875304139194062969e-02	8.546161583496073577e-01
8.308308308308308687e-01	2.955997368552228943e-01	5.284819192481423622e-01
8.318318318318318472e-01	5.613095218072396975e-01	2.801757754928104749e-01
8.328328328328328256e-01	1.526506210012078257e-01	7.054062098544788828e-01
8.338338338338338041e-01	7.894503186634832526e-02	7.948348380463787777e-01
8.348348348348347825e-01	1.222585005883756321e-01	7.663803660639798565e-01
8.358358358358358720e-01	4.332020603205464782e-01	4.694170673484880374e-01
8.368368368368368504e-01	-2.603658111925161722e-01	1.176072639692685051e+00
8.378378378378378288e-01	-2.418581091613052417e-02	9.520748382126390519e-01
8.388388388388388073e-01	2.836700750002394966e-01	6.554836026195272058e-01
8.398398398398397857e-01	2.147632470169052732e-01	7.347263933379076795e-01
8.408408408408408752e-01	2.041494528621453086e-01	7.547372418625046819e-01
8.418418418418418536e-01	-5.934780667500572787e-02	1.026683355072295800e+00
8.428428428428428321e-01	5.053061315559327360e-01	4.695217151186009685e-01
8.438438438438438105e-01	9.326844428845996182e-01	4.867173786895917509e-02
8.448448448448447889e-01	2.004538340749811853e-01	7.864602609781785603e-01
8.458458458458458784e-01	-5.149150050125392286e-02	1.042987594098638615e+00
8.468468468468468568e-01	3.257804028458283208e-01	6.693172426044375900e-01
8.478478478478478353e-01	-2.234296648863957346e-01	1.221144854082657050e+00
8.488488488488488137e-01	-3.130429370370321762e-01	1.312389073499013126e+00
8.498498498498497922e-01	-3.573050592212682897e-03	1.003561925067926630e+00
8.508508508508508816e-01	-1.049980543929185384e+00	2.049623311591415309e+00
8.518518518518518601e-01	-4.358246353570026654e-01	1.434132793628271063e+00
8.528528528528528385e-01	-6.572191165501178878e-02	1.061708277694116465e+00
8.538538538538538170e-01	-4.474056869784617807e-01	1.440085373861982099e+00
8.548548548548547954e-01	-3.116738507884130316e-01	1.300065241421886286e+00
8.558558558558558849e-01	-5.848749766205676992e-02	1.041613215457761088e+00
8.568568568568568633e-01	-5.260492543098226337e-01	1.502937129671315653e+00
8.578578578578578417e-01	-1.161416562732585367e-02	9.812981972850135515e-01
8.588588588588588202e-01	-6.559256846752750669e-02	1.027113878714653428e+00
8.598598598598597986e-01	1.603525400761753317e-01	7.920552428082769936e-01
8.608608608608608881e-01	6.170342532154330373e-01	3.253182083188859153e-01
8.618618618618618665e-01	1.847803047292720935e-01	7.465849847305829901e-01
8.628628628628628450e-01	1.084751964574331429e-01	8.109819349327724858e-01
8.638638638638638234e-01	1.385433264470988246e-01	7.680964363297912989e-01
8.648648648648649129e-01	1.847215140523233989e-01	7.082043440972450865e-01
8.658658658658658913e-01	-3.217819023973532699e-01	1.200110880980122641e+00
8.668668668668668698e-01	4.153082587395898889e-02	8.213327324119719108e-01
8.678678678678678482e-01	2.190573815001864988e-01	6.274875088298745851e-01
8.688688688688688266e-01	-4.353419161439842089e-01	1.264731027669068197e+00
8.698698698698699161e-01	4.791597858378894847e-01	3.322534006249764915e-01
8.708708708708708945e-01	5.406813158586403212e-01	2.519535748830455946e-01
8.718718718718718730e-01	-1.597306513402609318e-01	9.328034447289785813e-01
8.728728728728728514e-01	-1.046547601158953969e-02	7.632117145095452804e-01
8.738738738738738299e-01	-2.817823198732118950e-01	1.013457645974892296e+00
8.748748748748749193e-01	3.555878283653426397e-01	3.542930639290865491e-01
8.758758758758758978e-01	-4.073333214752098419e-01	1.094717810104319344e+00
8.768768768768768762e-01	-8.057358363325517470e-02	7.447819444388694698e-01
8.778778778778778547e-01	-3.460016651212866612e-01	9.863770917943139871e-01
8.788788788788788331e-01	3.387599093852123808e-03	6.125216544733301793e-01
8.798798798798799226e-01	-7.606796862836916473e-01	1.351513721289650860e+00
8.808808808808809010e-01	5.026410340476005212e-01	6.253353271779171774e-02
8.818818818818818794e-01	-4.681062627676375043e-01	1.007062485127854679e+00
8.828828828828828579e-01	-5.705002752780208297e-02	5.692549554809183121e-01
8.838838838838838363e-01	-1.831485092249004465e-01	6.680956459423914584e-01
8.848848848848849258e-01	-4.081512854464349194e-01	8.653610881255124898e-01
8.858858858858859042e-01	-4.386739108795010833e-01	8.676942649418273312e-01
8.868868868868868827e-01	3.005058600589666229e-01	9.990080610883839141e-02
8.878878878878878611e-01	-3.073114854600683676e-01	6.787085192676389767e-01
8.888888888888888395e-01	1.364054287755113795e-02	3.283796004481215891e-01
8.898898898898899290e-01	-4.250055317931140109e-01	7.373105760246021489e-01
8.908908908908909074e-01	-3.735366620901920953e-01	6.558177825641640091e-01
8.918918918918918859e-01	7.590740785706598381e-02	1.760706535280608109e-01
8.928928928928928643e-01	2.499941807268315774e-01	-2.856834840526933927e-02
8.938938938938938428e-01	-2.338278846014663070e-01	4.244825296345319798e-01
8.948948948948949322e-01	-7.258297368356861901e-01	8.855246646232347585e-01
8.958958958958959107e-01	6.755288245372087497e-01	-5.469515292553395192e-01
8.968968968968968891e-01	-5.141305709938787105e-01	6.114630893621834096e-01
8.978978978978978676e-01	-7.863160585768323996e-01	8.523075522034565532e-01
8.988988988988988460e-01	8.766691766641440120e-01	-8.420839638523250903e-01
8.998998998998999355e-01	-3.596308710147647081e-01	3.627756032225005756e-01
9.009009009009009139e-01	-7.989259923480415138e-01	7.706271342649244627e-01
9.019019019019018923e-01	-4.742086580973367549e-01	4.144941932141293917e-01
9.029029029029028708e-01	-6.012718328200362256e-02	-3.094383940463669297e-02
9.039039039039038492e-01	-1.406904626090537958e-01	1.835293823059858109e-02
9.049049049049049387e-01	-5.917331104327225866e-01	4.382500585365062817e-01
9.059059059059059171e-01	5.080749576985846838e-01	-6.925517645020755619e-01
9.069069069069068956e-01	-4.764647445218815891e-01	2.611766037767941917e-01
9.079079079079078740e-01	-7.380085362362972523e-01	4.921219504824478896e-01
9.089089089089088525e-01	1.331457605474120898e-01	-4.093876449264841622e-01
9.099099099099099419e-01	2.531342944665240235e-01	-5.594583140733071502e-01
9.109109109109109204e-01	-6.426825681397982937e-01	3.065793235975840525e-01
9.119119119119118988e-01	-8.545405363705174118e-01	4.889904245452982856e-01
9.129129129129128772e-01	1.312905004153568367e-01	-5.259260031647963185e-01
9.139139139139138557e-01	-1.116394546376315411e+00	6.930638903197836598e-01
9.149149149149149451e-01	-7.711837400695726874e-01	3.195765436926784053e-01
9.159159159159159236e-01	1.159313271908783832e-01	-5.953684894796860139e-01
9.169169169169169020e-01	-3.024988531438663752e-01	-2.042941808244058688e-01
9.179179179179178805e-01	-3.728737156537350050e-01	-1.607740447483858026e-01
9.189189189189188589e-01	-1.245733290920058717e-01	-4.354014570455868038e-01
9.199199199199199484e-01	-3.527458170843745244e-01	-2.330022604574638057e-01
9.209209209209209268e-01	-7.815308786265934282e-01	1.705887300811699259e-01
9.219219219219219053e-01	2.582108372010982755e-01	-8.937429230454817519e-01
9.229229229229228837e-01	2.388007479106256936e-01	-8.982943214465198833e-01
9.239239239239238621e-01	-1.906519027948787581e-01	-4.921510143683075489e-01
9.249249249249249516e-01	-2.618905569523075627e-01	-4.435465101936443277e-01
9.259259259259259300e-01	6.389851749156523208e-01	-1.366358816488701278e+00
9.269269269269269085e-01	-4.509328490115814270e-01	-2.976580993234084205e-01
9.279279279279278869e-01	-4.322576318657929129e-01	-3.368103747085221533e-01
9.289289289289288654e-01	-1.724753149142166098e-01	-6.163092525184121762e-01
9.299299299299299548e-01	2.574329590448600769e-01	-1.065154093118667600e+00
9.309309309309309333e-01	3.153256439442933545e-01	-1.141184624907836342e+00
9.319319319319319117e-01	-4.531345545194452873e-01	-3.900456178667761620e-01
9.329329329329328901e-01	-2.348639960320623998e-01	-6.248035841486812014e-01
9.339339339339339796e-01	-8.967879219790522161e-01	2.148302130123980191e-02
9.349349349349349581e-01	-4.253972427229235631e-01	-4.646794280989827719e-01
9.359359359359359365e-01	-6.391913774035755669e-01	-2.647769060584402867e-01
9.369369369369369149e-01	-7.086345570209644507e-01	-2.083314447750480580e-01
9.379379379379378934e-01	4.045939293122050584e-01	-1.333650902266566352e+00
9.389389389389389828e-01	-6.343215121366724274e-01	-3.059077285730860130e-01
9.399399399399399613e-01	-5.297719743931320613e-01	-4.206997829069796246e-01
9.409409409409409397e-01	-1.413347138475753439e-01	-8.184396805056134427e-01
9.419419419419419182e-01	2.336462110947528092e-01	-1.201774163996871092e+00
9.429429429429428966e-01	-1.083034875788549400e-01	-8.672206849029828746e-01
9.439439439439439861e-01	8.110499062984936058e-01	-1.793005645596000619e+00
9.449449449449449645e-01	-3.580130365008588611e-01	-6.294032569559300239e-01
9.459459459459459429e-01	-2.341698393621813035e-01	-7.577305958966954469e-01
9.469469469469469214e-01	-2.035558949181785204e-01	-7.918478356158338283e-01
9.479479479479478998e-01	2.856333166134650825e-01	-1.283556031641708284e+00
9.489489489489489893e-01	-9.427614673513974586e-02	-9.051787510939296455e-01
9.499499499499499677e-01	-3.411449226715686511e-01	-6.588538411570288300e-01
9.509509509509509462e-01	-6.276551362844892124e-01	-3.718986389372747059e-01
9.519519519519519246e-01	-1.308775464539989608e-01	-8.672428255841475586e-01
9.529529529529529031e-01	3.352894555748512362e-01	-1.330989427281688897e+00
9.539539539539539925e-01	-3.942155015737603407e-01	-5.980794660810533347e-01
9.549549549549549710e-01	2.064569717334414564e-02	-1.008554424113522252e+00
9.559559559559559494e-01	-6.498022795644384231e-02	-9.175653589661842968e-01
9.569569569569569278e-01	1.858815257862907189e-01	-1.162092376760721191e+00
9.579579579579579063e-01	-4.780457100964382589e-01	-4.908650731397117273e-01
9.589589589589589957e-01	7.848861233972411755e-01	-1.745538725819562043e+00
9.599599599599599742e-01	-6.928783084378089541e-01	-2.585661662453681009e-01
9.609609609609609526e-01	-3.103821373569671804e-01	-6.309133681725369591e-01
9.619619619619619311e-01	2.123738622148090838e-01	-1.142589593043413565e+00
9.629629629629629095e-01	-1.993891141734364242e-02	-8.982771954629312772e-01
9.639639639639639990e-01	1.883524385019104685e-01	-1.093660938084507261e+00
9.649649649649649774e-01	-3.505664655312846212e-01	-5.409392071670000579e-01
9.659659659659659559e-01	-1.574725962119426781e-01	-7.193486790212124671e-01
9.669669669669669343e-01	-8.933233840547803728e-02	-7.719374895337532960e-01
9.679679679679679127e-01	5.521803962770635010e-01	-1.397047105232882780e+00
9.689689689689690022e-01	2.338397720373178168e-01	-1.061467910640049306e+00
9.699699699699699806e-01	2.767995916088071828e-01	-1.086370754949552264e+00
9.709709709709709591e-01	-2.999358493291232608e-01	-4.907777895859705697e-01
9.719719719719719375e-01	3.754862280124527940e-01	-1.146560440711178464e+00
9.729729729729729160e-01	9.930397823181208450e-02	-8.499762834845385751e-01
9.739739739739740054e-01	5.801152296205949188e-01	-1.309643320742784223e+00
9.749749749749749839e-01	8.178225743851097462e-01	-1.525485053271615987e+00
9.759759759759759623e-01	-1.435399489112027804e-01	-5.415571415725783933e-01
9.769769769769769407e-01	-1.640699136808300707e-01	-4.977843261490395022e-01
9.779779779779779192e-01	-3.065837090953960620e-01	-3.313732016577186079e-01
9.789789789789790087e-01	-2.846575569695107555e-03	-6.105821586969678583e-01
9.799799799799799871e-01	-7.681199175520299349e-02	-5.114819734456016453e-01
9.809809809809809655e-01	2.384842983731233490e-01	-8.010617565915612026e-01
9.819819819819819440e-01	5.621471634971349218e-02	-5.925193595870981156e-01
9.829829829829829224e-01	-3.262987723272166990e-02	-4.768716230511549914e-01
9.839839839839840119e-01	5.900976408030650378e-01	-1.072292174605114390e+00
9.849849849849849903e-01	-2.375363103330537518e-01	-2.168744361118235819e-01
9.859859859859859688e-01	3.246653968573693927e-01	-7.508430092298059577e-01
9.869869869869869472e-01	7.653973487667276032e-03	-4.051770235715829171e-01
9.879879879879879256e-01	4.762844881704071942e-01	-8.447598829806612919e-01
9.889889889889890151e-01	7.488274626522970490e-01	-1.087890833146971215e+00
9.899899899899899935e-01	5.196937299371422181e-02	-3.612854343825834813e-01
9.909909909909909720e-01	3.568775089565657255e-01	-6.361403922493975571e-01
9.919919919919919504e-01	2.503360074727932205e-01	-4.992695619396881335e-01
9.929929929929930399e-01	-1.089439771504305959e-01	-1.094140890942161409e-01
9.939939939939940183e-01	3.342307319736013693e-01	-5.217973853494377590e-01
9.949949949949949968e-01	3.673771891808985668e-01	-5.239669533094570841e-01
9.959959959959959752e-01	4.027073585348682205e-01	-5.281653887151664950e-01
9.969969969969969537e-01	1.729014975328454773e-01	-2.671037338604755340e-01
9.979979979979980431e-01	2.985142299622888240e-01	-3.613675200067689719e-01
9.989989989989990216e-01	-1.692974460480755061e-01	1.378552551289551897e-01
1.000000000000000000e+00	2.020016516879765966e-01	-2.020016516879778179e-01
