# Time	RLS_Output	RLS_Error
0.000000000000000000e+00	0.000000000000000000e+00	0.000000000000000000e+00
1.001001001001000992e-03	0.000000000000000000e+00	0.000000000000000000e+00
2.002002002002001985e-03	0.000000000000000000e+00	0.000000000000000000e+00
3.003003003003002977e-03	0.000000000000000000e+00	0.000000000000000000e+00
4.004004004004003969e-03	0.000000000000000000e+00	0.000000000000000000e+00
5.005005005005004962e-03	0.000000000000000000e+00	0.000000000000000000e+00
6.006006006006005954e-03	0.000000000000000000e+00	0.000000000000000000e+00
7.007007007007006946e-03	0.000000000000000000e+00	0.000000000000000000e+00
8.008008008008007939e-03	0.000000000000000000e+00	0.000000000000000000e+00
9.009009009009008931e-03	0.000000000000000000e+00	0.000000000000000000e+00
1.001001001001000992e-02	0.000000000000000000e+00	0.000000000000000000e+00
1.101101101101101092e-02	0.000000000000000000e+00	0.000000000000000000e+00
1.201201201201201191e-02	0.000000000000000000e+00	0.000000000000000000e+00
1.301301301301301290e-02	0.000000000000000000e+00	0.000000000000000000e+00
1.401401401401401389e-02	0.000000000000000000e+00	0.000000000000000000e+00
1.501501501501501488e-02	0.000000000000000000e+00	0.000000000000000000e+00
1.601601601601601588e-02	0.000000000000000000e+00	0.000000000000000000e+00
1.701701701701701513e-02	0.000000000000000000e+00	0.000000000000000000e+00
1.801801801801801786e-02	0.000000000000000000e+00	0.000000000000000000e+00
1.901901901901902059e-02	0.000000000000000000e+00	0.000000000000000000e+00
2.002002002002001985e-02	0.000000000000000000e+00	0.000000000000000000e+00
2.102102102102101910e-02	0.000000000000000000e+00	0.000000000000000000e+00
2.202202202202202183e-02	0.000000000000000000e+00	0.000000000000000000e+00
2.302302302302302456e-02	0.000000000000000000e+00	0.000000000000000000e+00
2.402402402402402382e-02	0.000000000000000000e+00	0.000000000000000000e+00
2.502502502502502307e-02	0.000000000000000000e+00	7.076624788865043536e-01
2.602602602602602580e-02	3.241183621230909750e-01	4.054097289990974406e-01
2.702702702702702853e-02	4.916177447971650238e-01	2.590545604555593018e-01
2.802802802802802778e-02	5.930247404748110185e-01	1.780494722239136518e-01
2.902902902902902704e-02	6.417452527216565006e-01	1.489683861934372189e-01
3.003003003003002977e-02	7.699704680218398822e-01	3.960069531890408889e-02
3.103103103103103250e-02	8.007919069285137637e-01	2.683623167421744782e-02
3.203203203203203175e-02	8.172732918261090829e-01	2.759341712970864169e-02
3.303303303303303101e-02	7.803435397055205058e-01	8.092628823371028624e-02
3.403403403403403027e-02	7.855231313781479985e-01	9.129814385500545360e-02
3.503503503503503647e-02	8.449064850486907030e-01	4.659918764959325443e-02
3.603603603603603572e-02	8.644521652003032131e-01	4.085633438229341330e-02
3.703703703703703498e-02	9.189612515893864630e-01	-7.451447091124663302e-04
3.803803803803804118e-02	9.484960175281259565e-01	-1.828028669952175278e-02
3.903903903903904044e-02	9.865417132872329464e-01	-4.524620775772969505e-02
4.004004004004003969e-02	1.005488962619119020e+00	-5.404448793594229805e-02
4.104104104104103895e-02	9.399302912704677881e-01	2.072231115185318995e-02
4.204204204204203821e-02	8.653753822468238655e-01	1.035354009893256766e-01
4.304304304304304440e-02	9.454175236846068531e-01	3.079332728982275835e-02
4.404404404404404366e-02	9.906650890439203661e-01	-8.119502121292643260e-03
4.504504504504504292e-02	9.892702309697217755e-01	-1.361504029543714189e-03
4.604604604604604912e-02	9.482831661664157252e-01	4.401180148839800577e-02
4.704704704704704837e-02	9.980076844091338995e-01	-2.307712702296238483e-03
4.804804804804804763e-02	1.065621952275933371e+00	-6.750158023778707328e-02
4.904904904904904689e-02	1.055359625651052680e+00	-5.580585042928887241e-02
5.005005005005004615e-02	1.073285089417087779e+00	-7.328632558849035306e-02
5.105105105105105234e-02	9.925032843186210041e-01	6.951613510448262367e-03
5.205205205205205160e-02	1.023546119348040406e+00	-2.562340431979714950e-02
5.305305305305305086e-02	9.846458270172311344e-01	1.075790351678140855e-02
5.405405405405405705e-02	9.472692441362441373e-01	4.463119112263269628e-02
5.505505505505505631e-02	9.225695995935087046e-01	6.484669386328023588e-02
5.605605605605605557e-02	9.243893801069188454e-01	5.756635919058783468e-02
5.705705705705705483e-02	1.007309181024357736e+00	-3.178500854251897767e-02
5.805805805805805409e-02	1.044926662204653356e+00	-7.679870930253451800e-02
5.905905905905906028e-02	1.004964114402587372e+00	-4.518972004939836307e-02
6.006006006006005954e-02	1.018759870129315903e+00	-6.828811282920432824e-02
6.106106106106105880e-02	1.041228137862392877e+00	-1.009988971526338819e-01
6.206206206206206499e-02	9.925961577043956874e-01	-6.353918475003295097e-02
6.306306306306305731e-02	9.396263783225533572e-01	-2.266037652653984935e-02
6.406406406406406351e-02	9.182566550731642296e-01	-1.428837161114804299e-02
6.506506506506506970e-02	9.370229482286194234e-01	-4.694627740671353244e-02
6.606606606606606202e-02	9.086280387451425300e-01	-3.332313806732944972e-02
6.706706706706706822e-02	9.573592244314516053e-01	-9.769164425070642199e-02
6.806806806806806054e-02	8.823319606821179439e-01	-3.915178829589527343e-02
6.906906906906906674e-02	8.734265609251641305e-01	-4.756757996162086499e-02
7.007007007007007293e-02	9.098673095585291248e-01	-1.021461754847223791e-01
7.107107107107106525e-02	9.186271214854665468e-01	-1.298425540528350686e-01
7.207207207207207145e-02	9.072246003837713957e-01	-1.381565938094544421e-01
7.307307307307307764e-02	8.906022890233912248e-01	-1.420113406884006002e-01
7.407407407407406996e-02	8.954695497721261166e-01	-1.680959081990772708e-01
7.507507507507507616e-02	8.702658649626452414e-01	-1.648287978166921297e-01
7.607607607607608236e-02	8.288165765300489207e-01	-1.460136593668598382e-01
7.707707707707707467e-02	7.944341681899699248e-01	-1.349405946540738199e-01
7.807807807807808087e-02	7.826257375761545010e-01	-1.470936517317703585e-01
7.907907907907907319e-02	7.697256160617398368e-01	-1.587834675163167786e-01
8.008008008008007939e-02	7.221497448765484828e-01	-1.364016673347091535e-01
8.108108108108108558e-02	7.644170158028378292e-01	-2.044422296652423920e-01
8.208208208208207790e-02	7.580320983509426513e-01	-2.243843379488200673e-01
8.308308308308308410e-02	7.107802563970877507e-01	-2.039872224288151736e-01
8.408408408408407642e-02	7.138630015108797799e-01	-2.344258392220698317e-01
8.508508508508508261e-02	7.542484282315806698e-01	-3.026412318546852775e-01
8.608608608608608881e-02	7.762314566751263856e-01	-3.529008006185918589e-01
8.708708708708708113e-02	7.656466794322805969e-01	-3.710111766828395052e-01
8.808808808808808732e-02	7.040834362873189534e-01	-3.385333244620999382e-01
8.908908908908909352e-02	6.928473289054191131e-01	-3.567440843632032621e-01
9.009009009009008584e-02	6.975940837016372242e-01	-3.912700640948534314e-01
9.109109109109109204e-02	6.876690314928975978e-01	-4.114271471138231107e-01
9.209209209209209823e-02	6.674462781864480831e-01	-4.215596924325979433e-01
9.309309309309309055e-02	6.680543541239024607e-01	-4.527662133788121213e-01
9.409409409409409675e-02	6.618064276521061773e-01	-4.773296208486136338e-01
9.509509509509508907e-02	7.002697136055221483e-01	-5.467866617093055659e-01
9.609609609609609526e-02	6.978592680499001721e-01	-5.755217436714428203e-01
9.709709709709710146e-02	7.662736283441277108e-01	-6.752026056574870205e-01
9.809809809809809378e-02	6.996546847923358348e-01	-6.399402199091255294e-01
9.909909909909909997e-02	6.378597810463899620e-01	-6.095609229632716897e-01
1.001001001001000923e-01	7.099156358179293802e-01	-7.130603680256654142e-01
1.011011011011010985e-01	5.175436070458987459e-01	-5.521288198577160022e-01
1.021021021021021047e-01	2.402808587763140546e-01	-3.062723524029347111e-01
1.031031031031030970e-01	1.772931823219161263e-01	-2.746257006902182995e-01
1.041041041041041032e-01	-9.303825161149792411e-02	-3.553904367037055700e-02
1.051051051051051094e-01	-8.648091109756915473e-02	-7.321401668998035739e-02
1.061061061061061017e-01	-1.647388080954360345e-01	-2.591583693762841700e-02
1.071071071071071079e-01	-3.196692852268107621e-01	9.824345290525188235e-02
1.081081081081081141e-01	-3.223097775533844134e-01	7.033171616825922845e-02
1.091091091091091064e-01	-1.003041607252653927e-01	-1.819769597487061463e-01
1.101101101101101126e-01	-5.265969247879471321e-02	-2.596453517526948196e-01
1.111111111111111049e-01	-9.111635141457486223e-03	-3.329085081842107496e-01
1.121121121121121111e-01	-2.111814643818103465e-01	-1.602155694257575425e-01
1.131131131131131173e-01	-2.249842702691481899e-01	-1.754223958986556586e-01
1.141141141141141097e-01	-1.982180401331775088e-01	-2.308023139291487946e-01
1.151151151151151159e-01	-2.672884350727593450e-01	-1.899213676063198353e-01
1.161161161161161082e-01	-1.736618156250376299e-01	-3.112853210924496627e-01
1.171171171171171144e-01	-1.722213592277927474e-01	-3.399835687253213723e-01
1.181181181181181206e-01	-2.005468366471016284e-01	-3.384093857131148519e-01
1.191191191191191129e-01	-1.872531808679491760e-01	-3.779213858974435070e-01
1.201201201201201191e-01	-1.786228903082378028e-01	-4.122111446977199667e-01
1.211211211211211253e-01	-5.033421415382201003e-01	-1.125671120289594151e-01
1.221221221221221176e-01	-4.192305521086518993e-01	-2.211448745643739278e-01
1.231231231231231238e-01	-5.341367966504332321e-01	-1.300715641551807300e-01
1.241241241241241300e-01	-7.671428109397052664e-01	7.975832231059509780e-02
1.251251251251251362e-01	-6.789049994646911834e-01	-3.097589282973745028e-02
1.261261261261261146e-01	-8.561523527596739402e-01	1.244770266579959817e-01
1.271271271271271208e-01	-8.212184019363623078e-01	6.847216343840767383e-02
1.281281281281281270e-01	-8.883904058778684387e-01	1.153176124891509557e-01
1.291291291291291332e-01	-1.032978384980995701e+00	2.403434942393110063e-01
1.301301301301301394e-01	-1.101205102550388615e+00	2.897919160875227496e-01
1.311311311311311179e-01	-1.046740867945388898e+00	2.173517564203064634e-01
1.321321321321321240e-01	-1.269051457769383884e+00	4.225065674393234660e-01
1.331331331331331302e-01	-1.268474384894823004e+00	4.056108266088919168e-01
1.341341341341341364e-01	-1.220363283469194871e+00	3.420343048864260549e-01
1.351351351351351426e-01	-1.072385786076835767e+00	1.794599279272673931e-01
1.361361361361361211e-01	-9.331892088553462861e-01	2.654944607845732829e-02
1.371371371371371273e-01	-1.058222869384205289e+00	1.387657379940001601e-01
1.381381381381381335e-01	-9.782891367670787375e-01	4.692384730722476416e-02
1.391391391391391397e-01	-1.103756854414973620e+00	1.614043928806550010e-01
1.401401401401401459e-01	-1.193644827755821147e+00	2.412370448713696547e-01
1.411411411411411521e-01	-1.165818856887951060e+00	2.042975466408254448e-01
1.421421421421421305e-01	-1.204676203774065923e+00	2.349921721163783506e-01
1.431431431431431367e-01	-1.123975393416279722e+00	1.470875180547871475e-01
1.441441441441441429e-01	-8.514113115023254075e-01	-1.317144062933787163e-01
1.451451451451451491e-01	-7.814762587948919093e-01	-2.069151318385807903e-01
1.461461461461461553e-01	-9.424021210137997207e-01	-5.027756586972054187e-02
1.471471471471471337e-01	-8.240798918314981014e-01	-1.719064742076061858e-01
1.481481481481481399e-01	-8.087578273666722328e-01	-1.895503309045959428e-01
1.491491491491491461e-01	-8.691130891108541645e-01	-1.305296785513757607e-01
1.501501501501501523e-01	-9.036146408851231104e-01	-9.637423359059094086e-02
1.511511511511511585e-01	-8.153083909894035530e-01	-1.840377454725773410e-01
1.521521521521521647e-01	-8.353034330578515965e-01	-1.624117561384098574e-01
1.531531531531531432e-01	-9.088151561416022428e-01	-8.628248930866388999e-02
1.541541541541541493e-01	-9.076624847876469948e-01	-8.383360880973789175e-02
1.551551551551551555e-01	-9.754357148897023766e-01	-1.147838016345770207e-02
1.561561561561561617e-01	-8.326228461617519727e-01	-1.487333345918074867e-01
1.571571571571571679e-01	-9.865211534248550240e-01	1.169330675032087541e-02
1.581581581581581464e-01	-1.083363197376346676e+00	1.160276489790563748e-01
1.591591591591591526e-01	-1.160025406341125720e+00	2.011387116164758959e-01
1.601601601601601588e-01	-1.146463945913678062e+00	1.969743055588647485e-01
1.611611611611611650e-01	-1.019368237092759921e+00	8.021455947299194200e-02
1.621621621621621712e-01	-9.902275948809228234e-01	6.233856758441336243e-02
1.631631631631631496e-01	-9.818100192341298049e-01	6.610319073396031531e-02
1.641641641641641558e-01	-1.071288855032264564e+00	1.686697273632302707e-01
1.651651651651651620e-01	-9.750313224273190471e-01	8.639245577496301731e-02
1.661661661661661682e-01	-9.596072986551946737e-01	8.582742874246607201e-02
1.671671671671671744e-01	-1.032748624775852830e+00	1.746917939201654280e-01
1.681681681681681528e-01	-9.164394064568682774e-01	7.495410915681788300e-02
1.691691691691691590e-01	-8.031096070968095635e-01	-2.097204900655491588e-02
1.701701701701701652e-01	-6.767591180520440286e-01	-1.291039989056255166e-01
1.711711711711711714e-01	-6.847155805854149291e-01	-1.021321147861753431e-01
1.721721721721721776e-01	-4.870337153861323820e-01	-2.800204794694665100e-01
1.731731731731731838e-01	-5.253362898868219055e-01	-2.211658984412300244e-01
1.741741741741741623e-01	-5.464280252298319152e-01	-1.787839735305658539e-01
1.751751751751751685e-01	-5.129674178328086365e-01	-1.902372612478754332e-01
1.761761761761761746e-01	-4.698486989306951411e-01	-2.106532924245573257e-01
1.771771771771771808e-01	-5.397778088814079167e-01	-1.173485763877805121e-01
1.781781781781781870e-01	-5.885860306876610215e-01	-4.451494523915988655e-02
1.791791791791791655e-01	-6.527301530855730283e-01	4.428063209135513212e-02
1.801801801801801717e-01	-7.237661405395030556e-01	1.405697433332291357e-01
1.811811811811811779e-01	-7.474538954458505025e-01	1.900873191842079590e-01
1.821821821821821841e-01	-7.760463480932955349e-01	2.450607479639750341e-01
1.831831831831831903e-01	-8.918574091488015165e-01	3.877778533574769426e-01
1.841841841841841965e-01	-8.061046589531649653e-01	3.294296095067378305e-01
1.851851851851851749e-01	-9.183094601335504148e-01	4.695102799330879706e-01
1.861861861861861811e-01	-8.551072115084574765e-01	4.346276982392431321e-01
1.871871871871871873e-01	-7.940399861522419167e-01	4.022959334318439995e-01
1.881881881881881935e-01	-7.720983081677436077e-01	4.094770943860763235e-01
1.891891891891891997e-01	-7.023134700071167469e-01	3.691736752650590647e-01
1.901901901901901781e-01	-6.560842668963950963e-01	3.527553184217677718e-01
1.911911911911911843e-01	-6.114705382404215239e-01	3.382523846319552274e-01
1.921921921921921905e-01	-5.354705207611331064e-01	2.926333353825457673e-01
1.931931931931931967e-01	-4.473744375983025323e-01	2.351583514157946919e-01
1.941941941941942029e-01	-3.498051320824702715e-01	1.684199962098195114e-01
1.951951951951951814e-01	-2.032777620760740644e-01	5.290294026213707146e-02
1.961961961961961876e-01	-1.027619513369498333e-01	-1.645385739922441970e-02
1.971971971971971938e-01	1.297557081202615481e-01	-2.176946165313234371e-01
1.981981981981981999e-01	2.677417250468874799e-01	-3.243167742306802270e-01
1.991991991991992061e-01	3.583034364870434363e-01	-3.834586818764194049e-01
2.002002002002001846e-01	4.000226091691624353e-01	-3.937331758530954184e-01
2.012012012012011908e-01	3.947109016127979819e-01	-3.569830089340812473e-01
2.022022022022021970e-01	4.935673072844465326e-01	-4.244382626896621713e-01
2.032032032032032032e-01	4.815392513129327368e-01	-3.810774134607647357e-01
2.042042042042042094e-01	5.191964194880686057e-01	-3.875011306524446253e-01
2.052052052052052156e-01	2.913703716058420046e-01	-1.285718594407479487e-01
2.062062062062061940e-01	2.419997280080579682e-01	-4.825897677116119944e-02
2.072072072072072002e-01	1.824455113172830656e-01	4.204589732028893301e-02
2.082082082082082064e-01	1.810542785506930596e-01	7.396579784961704318e-02
2.092092092092092126e-01	2.425603441789458969e-01	4.273622189510378755e-02
2.102102102102102188e-01	3.766717221062735876e-01	-6.138078353077097704e-02
2.112112112112111972e-01	3.721415676820587493e-01	-2.716803388746868997e-02
2.122122122122122034e-01	5.017656676801897087e-01	-1.274506677561709767e-01
2.132132132132132096e-01	4.044353049466505867e-01	-1.148982462670089522e-03
2.142142142142142158e-01	4.339069291798324235e-01	-2.048076166535517384e-03
2.152152152152152220e-01	4.084956328345833998e-01	5.150870456402739661e-02
2.162162162162162282e-01	4.030799816045280703e-01	8.461496220910647015e-02
2.172172172172172067e-01	3.944819291152379392e-01	1.204213611255742222e-01
2.182182182182182129e-01	4.915518904172542225e-01	5.005058113093552308e-02
2.192192192192192191e-01	5.161260321498453152e-01	5.164005394486248512e-02
2.202202202202202252e-01	3.637958877750983588e-01	2.295723740625221221e-01
2.212212212212212314e-01	3.661352523835184058e-01	2.522484295326973269e-01
2.222222222222222099e-01	3.171588820582520452e-01	3.256287276282864296e-01
2.232232232232232161e-01	5.019238701737352981e-01	1.646320430086360975e-01
2.242242242242242223e-01	4.417050771139167664e-01	2.479600118643447426e-01
2.252252252252252285e-01	4.485273180078795940e-01	2.635649674231457240e-01
2.262262262262262347e-01	4.600979011157349530e-01	2.737174241609928171e-01
2.272272272272272131e-01	5.453378940808267794e-01	2.094748334799716449e-01
2.282282282282282193e-01	5.447413172892658917e-01	2.303224115903355074e-01
2.292292292292292255e-01	6.143408610932870051e-01	1.802074428191565714e-01
2.302302302302302317e-01	4.933127337341710605e-01	3.199344514895620106e-01
2.312312312312312379e-01	5.108383983972383247e-01	3.203034839184549787e-01
2.322322322322322163e-01	4.998013707733667821e-01	3.484133291394349574e-01
2.332332332332332225e-01	5.602845257124697831e-01	3.041642297473947654e-01
2.342342342342342287e-01	5.159963385941503944e-01	3.638316572222787260e-01
2.352352352352352349e-01	6.464624000692680283e-01	2.478748130617590695e-01
2.362362362362362411e-01	8.168276623650694290e-01	9.113439751447671711e-02
2.372372372372372473e-01	6.109728843355929362e-01	3.097161787172703074e-01
2.382382382382382258e-01	6.900896117078815228e-01	2.424160257718257494e-01
2.392392392392392320e-01	8.515878083359719186e-01	9.181228993560897056e-02
2.402402402402402382e-01	8.555296939468123307e-01	9.783197843061675059e-02
2.412412412412412444e-01	7.840410822033582194e-01	1.783394270332752107e-01
2.422422422422422505e-01	7.285391202770704622e-01	2.419085702427264950e-01
2.432432432432432290e-01	8.258936959733601535e-01	1.516615429743258803e-01
2.442442442442442352e-01	8.698840630264672580e-01	1.138120631531427396e-01
2.452452452452452414e-01	7.492063745668929853e-01	2.396579051965427309e-01
2.462462462462462476e-01	7.803095024886940179e-01	2.127450866516736872e-01
2.472472472472472538e-01	9.462491633160413640e-01	5.001374738251307406e-02
2.482482482482482600e-01	9.928226574598647547e-01	5.663414410657652276e-03
2.492492492492492384e-01	8.603110073305640926e-01	1.394108669398246292e-01
2.502502502502502724e-01	9.088613591505982914e-01	9.110773671714855748e-02
2.512512512512512508e-01	9.149899688761976568e-01	8.423752331988176856e-02
2.522522522522522292e-01	1.015640952755594739e+00	-1.814315616109496432e-02
2.532532532532532632e-01	9.749614120776450843e-01	1.982030740494022947e-02
2.542542542542542416e-01	1.015409407397309449e+00	-2.432746072828972927e-02
2.552552552552552756e-01	1.043564486695393034e+00	-5.716234999967861885e-02
2.562562562562562540e-01	9.679166997749113488e-01	1.283021744512846674e-02
2.572572572572572325e-01	8.801528995367606800e-01	9.396898090197569609e-02
2.582582582582582664e-01	7.902283368398242969e-01	1.763052407182171821e-01
2.592592592592592449e-01	7.532692214667218167e-01	2.047202908487670836e-01
2.602602602602602788e-01	7.198492710336683587e-01	2.286488625261268171e-01
2.612612612612612573e-01	7.681837188377295123e-01	1.698851080584368178e-01
2.622622622622622357e-01	6.549569891201391103e-01	2.717549162851462530e-01
2.632632632632632697e-01	6.800241337156176513e-01	2.344144657295483825e-01
2.642642642642642481e-01	6.302603843036296283e-01	2.710006612423152550e-01
2.652652652652652820e-01	6.815675828698727345e-01	2.056246915387314189e-01
2.662662662662662605e-01	7.569249175913113081e-01	1.153212804281749104e-01
2.672672672672672389e-01	7.121461770317205620e-01	1.442914188616261084e-01
2.682682682682682729e-01	7.902905366313137669e-01	4.949156382722563752e-02
2.692692692692692513e-01	8.260426945896010009e-01	-3.746512990791095454e-03
2.702702702702702853e-01	7.891089621382048058e-01	1.488816822873617607e-02
2.712712712712712637e-01	6.044460872418350172e-01	1.804569546445696782e-01
2.722722722722722422e-01	7.983483327126259521e-01	-3.331553525473474053e-02
2.732732732732732761e-01	8.105772567105614668e-01	-6.617121082214261207e-02
2.742742742742742545e-01	6.921606303701637319e-01	3.088255369134651485e-02
2.752752752752752885e-01	6.880338624673206782e-01	1.293147430027630218e-02
2.762762762762762669e-01	6.929010384390631438e-01	-1.470670262439621734e-02
2.772772772772773009e-01	7.429414772135211065e-01	-8.818877877378705765e-02
2.782782782782782793e-01	6.688384825501376696e-01	-3.817487750758019605e-02
2.792792792792792578e-01	7.658301023117365380e-01	-1.598792260481869398e-01
2.802802802802802917e-01	7.597394320123326272e-01	-1.791004825837272385e-01
2.812812812812812702e-01	8.419859063449232073e-01	-2.872330519608050636e-01
2.822822822822823041e-01	8.095435561351805864e-01	-2.812253673891298433e-01
2.832832832832832826e-01	7.937552451874140269e-01	-2.923941525998074997e-01
2.842842842842842610e-01	8.431156052919255295e-01	-3.692073827014819565e-01
2.852852852852852950e-01	8.722313988519054817e-01	-4.262446731668292910e-01
2.862862862862862734e-01	7.589740946395943100e-01	-3.413498824331274162e-01
2.872872872872873073e-01	7.285688629536343219e-01	-3.397201343622471281e-01
2.882882882882882858e-01	7.179406043005785998e-01	-3.582518746560418021e-01
2.892892892892892642e-01	7.648544237416534664e-01	-4.346813733408158575e-01
2.902902902902902982e-01	7.015023915943638944e-01	-4.011715139826128040e-01
2.912912912912912766e-01	6.270189735394124941e-01	-3.568272526556299784e-01
2.922922922922923106e-01	6.443607562417873469e-01	-4.045753727440512537e-01
2.932932932932932890e-01	5.776669491856152305e-01	-3.685250162480480096e-01
2.942942942942942675e-01	4.912691233425545700e-01	-3.129774521845772872e-01
2.952952952952953014e-01	5.295237500279829090e-01	-3.822586454078424345e-01
2.962962962962962798e-01	3.751751220924359753e-01	-2.590822079672049361e-01
2.972972972972973138e-01	4.027677042428001175e-01	-3.179617797672903423e-01
2.982982982982982922e-01	3.593545771661679211e-01	-3.059195031731102299e-01
2.992992992992992707e-01	2.223146115154892299e-01	-2.003032275892598635e-01
3.003003003003003046e-01	5.241226489030378216e-02	-6.184633711620078633e-02
3.013013013013012831e-01	6.103874820480872931e-02	-1.019089476455190546e-01
3.023023023023023170e-01	2.610646307598119345e-02	-9.837237499656896478e-02
3.033033033033032955e-01	-1.202118438714504661e-01	1.662168003921188353e-02
3.043043043043043294e-01	-9.441648983187329869e-02	-4.039549017471046055e-02
3.053053053053053079e-01	-2.148509343992506260e-01	4.895044783053745241e-02
3.063063063063062863e-01	-3.337038436559366938e-01	1.368789021882329537e-01
3.073073073073073203e-01	-4.793700993379002018e-01	2.518153344618174749e-01
3.083083083083082987e-01	-4.873019755966285227e-01	2.292424061677794112e-01
3.093093093093093326e-01	-4.978963527236234254e-01	2.095871624514007436e-01
3.103103103103103111e-01	-4.825947446040537714e-01	1.643210297117458363e-01
3.113113113113112895e-01	-4.049931945731286564e-01	5.706968187884509103e-02
3.123123123123123235e-01	-4.775972808483470722e-01	1.003680165455772544e-01
3.133133133133133019e-01	-4.934629015947964992e-01	8.730091104032555727e-02
3.143143143143143359e-01	-5.445467030252957308e-01	1.098536218708996981e-01
3.153153153153153143e-01	-5.427846936018122515e-01	7.999037063451419627e-02
3.163163163163162928e-01	-5.154973134386309219e-01	2.505938552221109727e-02
3.173173173173173267e-01	-5.888438910871840459e-01	7.124733062530608230e-02
3.183183183183183051e-01	-6.395445876391379070e-01	9.530122300755916598e-02
3.193193193193193391e-01	-6.260419228552295268e-01	5.568993227732810247e-02
3.203203203203203175e-01	-6.504437966965233020e-01	5.454717606262537988e-02
3.213213213213212960e-01	-7.094438777147904496e-01	8.859188287154784458e-02
3.223223223223223299e-01	-6.789412188409278404e-01	3.374778290223523491e-02
3.233233233233233084e-01	-7.668561866872998234e-01	9.795931294296089664e-02
3.243243243243243423e-01	-8.667242235530188132e-01	1.747853545754729510e-01
3.253253253253253208e-01	-8.783828356327050280e-01	1.640861992056841245e-01
3.263263263263262992e-01	-8.725807307648236755e-01	1.366326632807214336e-01
3.273273273273273332e-01	-6.933914624871752030e-01	-6.348028951781681251e-02
3.283283283283283116e-01	-7.078524417248261980e-01	-6.919455775746152781e-02
3.293293293293293456e-01	-6.676281380068073146e-01	-1.288257214981223253e-01
3.303303303303303240e-01	-6.307840188607419796e-01	-1.842891226255198855e-01
3.313313313313313024e-01	-6.875000539524516174e-01	-1.453863796883206883e-01
3.323323323323323364e-01	-6.225286006529410221e-01	-2.273475205377453179e-01
3.333333333333333148e-01	-6.952444258091591278e-01	-1.707809779752786916e-01
3.343343343343343488e-01	-9.185021183938282263e-01	3.718380628402095933e-02
3.353353353353353272e-01	-9.326114605649584721e-01	3.687173687970357605e-02
3.363363363363363057e-01	-1.034671052050096351e+00	1.253956742362082322e-01
3.373373373373373396e-01	-9.906318633059287837e-01	6.871997362070392246e-02
3.383383383383383181e-01	-1.022845984515657669e+00	8.920922090481153699e-02
3.393393393393393520e-01	-9.264609054033852154e-01	-1.797749997744368944e-02
3.403403403403403304e-01	-9.127668478791929330e-01	-4.153928584955546288e-02
3.413413413413413644e-01	-9.280558194730993415e-01	-3.517437142081336621e-02
3.423423423423423428e-01	-1.000015223041531343e+00	2.881347077115525845e-02
3.433433433433433213e-01	-1.078405779113486229e+00	1.001928439802779458e-01
3.443443443443443552e-01	-1.053849400860117358e+00	6.959259442674881058e-02
3.453453453453453337e-01	-1.025697266968975896e+00	3.636987731548235736e-02
3.463463463463463676e-01	-1.021227332759334638e+00	2.780766204152396170e-02
3.473473473473473461e-01	-1.007514363892204612e+00	1.098476094186784380e-02
3.483483483483483245e-01	-1.009173822065906334e+00	1.051971098944992633e-02
3.493493493493493585e-01	-1.020562435464412498e+00	2.077134120048640398e-02
3.503503503503503369e-01	-1.018610870521873046e+00	1.867144232157935679e-02
3.513513513513513709e-01	-1.095828895302246364e+00	9.672992909756483737e-02
3.523523523523523493e-01	-9.946313351231660382e-01	-2.639204249666682323e-03
3.533533533533533277e-01	-9.750001285323081079e-01	-1.945582722296956835e-02
3.543543543543543617e-01	-9.808686601048250964e-01	-9.789338464606611723e-03
3.553553553553553401e-01	-9.933935231211360462e-01	7.513099673740031292e-03
3.563563563563563741e-01	-1.068564657687388397e+00	8.843670296521199958e-02
3.573573573573573525e-01	-1.115907208905706272e+00	1.425009281497034985e-01
3.583583583583583310e-01	-1.105985702783460090e+00	1.402636544681049591e-01
3.593593593593593649e-01	-1.082267063433078214e+00	1.251842074348074041e-01
3.603603603603603434e-01	-1.041408689541847066e+00	9.391144282141683508e-02
3.613613613613613773e-01	-1.064264165322768019e+00	1.272894660553302026e-01
3.623623623623623557e-01	-1.014017771513642252e+00	8.849215259196396843e-02
3.633633633633633342e-01	-9.151440534620851608e-01	1.982726289101566230e-03
3.643643643643643681e-01	-8.182295130993965104e-01	-8.166453742392187909e-02
3.653653653653653466e-01	-7.782080532615619495e-01	-1.075288551349683486e-01
3.663663663663663805e-01	-7.712961648153663363e-01	-9.940773534976110604e-02
3.673673673673673590e-01	-7.798416578384598230e-01	-7.496823346846692715e-02
3.683683683683683929e-01	-7.587293902293167358e-01	-7.934120847590941938e-02
3.693693693693693714e-01	-7.765184412114940482e-01	-4.398413389559396869e-02
3.703703703703703498e-01	-7.509422192886066050e-01	-5.118097346643757373e-02
3.713713713713713838e-01	-7.890291613299448281e-01	6.078535121481487558e-03
3.723723723723723622e-01	-7.355562383448586150e-01	-2.744759602666868581e-02
3.733733733733733962e-01	-7.064372566977734635e-01	-3.586528504783570437e-02
3.743743743743743746e-01	-6.908301949286991261e-01	-3.003702399588681349e-02
3.753753753753753530e-01	-6.900791129370482668e-01	-8.639949415319869708e-03
3.763763763763763870e-01	-6.373891813134364703e-01	-3.849079204924321651e-02
3.773773773773773654e-01	-6.850984391662404693e-01	3.272590264444918962e-02
3.783783783783783994e-01	-6.862382312653845240e-01	5.801823396974203906e-02
3.793793793793793778e-01	-6.144461131459418857e-01	1.099987408251568155e-02
3.803803803803803563e-01	-6.615984179459426517e-01	8.352265844557071883e-02
3.813813813813813902e-01	-6.520166412702737002e-01	9.988299491720398215e-02
3.823823823823823687e-01	-7.400885438463280508e-01	2.144429912150065398e-01
3.833833833833834026e-01	-7.834089272309476826e-01	2.847712559899556184e-01
3.843843843843843811e-01	-7.513366696181638105e-01	2.801999605351456202e-01
3.853853853853853595e-01	-7.448319670390581848e-01	3.016621063949303516e-01
3.863863863863863934e-01	-7.724904215325462120e-01	3.577256404271393353e-01
3.873873873873873719e-01	-7.856998202212912563e-01	3.997502612259612453e-01
3.883883883883884058e-01	-7.330935813157569703e-01	3.763408929015258364e-01
3.893893893893893843e-01	-6.694348818696338466e-01	3.422318410118614374e-01
3.903903903903903627e-01	-5.716678908009600324e-01	2.743380541337871459e-01
3.913913913913913967e-01	-5.498259090637857005e-01	2.826632929292640650e-01
3.923923923923923751e-01	-5.514779504970162005e-01	3.147467402053346630e-01
3.933933933933934091e-01	-5.854985101995682228e-01	3.794327987878758912e-01
3.943943943943943875e-01	-5.349136693440522672e-01	3.597172260921820408e-01
3.953953953953953659e-01	-4.369423599769881594e-01	2.927884289090288972e-01
3.963963963963963999e-01	-2.995702213950620640e-01	1.866013499659884833e-01
3.973973973973973783e-01	-1.428704844842197397e-01	6.119838262101262583e-02
3.983983983983984123e-01	3.150922419247626644e-02	-8.180379455584266268e-02
3.993993993993993907e-01	1.257793576479217801e-01	-1.446466624323888006e-01
4.004004004004003692e-01	1.656825043707660650e-01	-1.531038865320264453e-01
4.014014014014014031e-01	1.008741928666197496e-01	-5.686209084423926585e-02
4.024024024024023816e-01	2.049882593993009039e-01	-1.295861948169002020e-01
4.034034034034034155e-01	2.637691297487706477e-01	-1.570516643774123866e-01
4.044044044044043940e-01	1.983852259024596054e-01	-6.045788792980638648e-02
4.054054054054054279e-01	2.066710446024082881e-01	-3.767022428055932792e-02
4.064064064064064064e-01	2.992048642385610746e-01	-9.929767901375632921e-02
4.074074074074073848e-01	2.693727254488298417e-01	-3.875685470639098074e-02
4.084084084084084187e-01	2.514962048860932553e-01	9.600305525995667111e-03
4.094094094094093972e-01	2.715166270723682329e-01	1.980233620317817245e-02
4.104104104104104311e-01	1.242479753712556756e-01	1.970053683128875355e-01
4.114114114114114096e-01	2.046934573338513030e-01	1.461765935174789144e-01
4.124124124124123880e-01	1.308517274879054948e-01	2.492880706356895570e-01
4.134134134134134220e-01	2.354100691273205981e-01	1.736235728134255529e-01
4.144144144144144004e-01	3.096607414362738120e-01	1.278622690206293600e-01
4.154154154154154344e-01	3.588058980529129083e-01	1.067738337410449323e-01
4.164164164164164128e-01	4.097878037484100622e-01	8.338825815106370998e-02
4.174174174174173912e-01	4.888308765562022207e-01	3.145383542537633081e-02
4.184184184184184252e-01	6.215427148495438203e-01	-7.466383935591658361e-02
4.194194194194194036e-01	7.511024626763376233e-01	-1.781702080343190442e-01
4.204204204204204376e-01	7.073204739434713062e-01	-1.089013875525441932e-01
4.214214214214214160e-01	7.127063003999444257e-01	-8.939213246172861282e-02
4.224224224224223945e-01	6.057904028549754294e-01	4.180247878241794002e-02
4.234234234234234284e-01	7.136665703241712455e-01	-4.243535098326900457e-02
4.244244244244244069e-01	7.549029243426690350e-01	-6.069711820194667595e-02
4.254254254254254408e-01	7.841037923771975171e-01	-6.760986889441433778e-02
4.264264264264264193e-01	8.016148075136024787e-01	-6.354127588126456949e-02
4.274274274274273977e-01	6.629894686263395620e-01	9.593382284174845065e-02
4.284284284284284317e-01	6.620114922098546684e-01	1.170110933736357994e-01
4.294294294294294101e-01	6.360096234475764998e-01	1.623419152268289478e-01
4.304304304304304440e-01	6.529977646377526090e-01	1.638932725551525138e-01
4.314314314314314225e-01	5.645030426938947299e-01	2.701197055539225067e-01
4.324324324324324564e-01	6.349216364362183507e-01	2.166075012970929414e-01
4.334334334334334349e-01	6.544084251642729999e-01	2.131850625033284707e-01
4.344344344344344133e-01	6.273427685951661337e-01	2.554571441294528622e-01
4.354354354354354473e-01	5.819560543281701026e-01	3.151773216141435796e-01
4.364364364364364257e-01	6.200893053762130958e-01	2.904903982158222320e-01
4.374374374374374597e-01	4.954757315477228419e-01	4.276498676465892990e-01
4.384384384384384381e-01	4.847373762604879066e-01	4.500212804066630601e-01
4.394394394394394165e-01	6.537987649685992331e-01	2.916686076252636983e-01
4.404404404404404505e-01	7.363987086146812633e-01	2.188424489836057196e-01
4.414414414414414289e-01	6.177571979755135390e-01	3.463131488406367975e-01
4.424424424424424629e-01	5.722586346724219952e-01	3.996875747798118717e-01
4.434434434434434413e-01	6.499904956766682229e-01	3.288704617371931427e-01
4.444444444444444198e-01	8.521194746431152156e-01	1.326882783690924716e-01
4.454454454454454537e-01	9.619591696438305473e-01	2.782154607995290796e-02
4.464464464464464322e-01	1.070197125154136231e+00	-7.642219714871223424e-02
4.474474474474474661e-01	9.090687485193865713e-01	8.771769163764775445e-02
4.484484484484484446e-01	8.980923237077533816e-01	1.007199505195157663e-01
4.494494494494494230e-01	9.238239589263411711e-01	7.602646803195922676e-02
4.504504504504504570e-01	8.636083820834774549e-01	1.362914896832714273e-01
4.514514514514514354e-01	9.953211304443689844e-01	3.639429314458486608e-03
4.524524524524524693e-01	9.424802020959103244e-01	5.455321768277987537e-02
4.534534534534534478e-01	9.520800948905631111e-01	4.204026259937632126e-02
4.544544544544544262e-01	1.001871715992640466e+00	-1.164746250144177431e-02
4.554554554554554602e-01	1.123604096748699099e+00	-1.382551362810824358e-01
4.564564564564564386e-01	1.013729459542681122e+00	-3.423016016156454899e-02
4.574574574574574726e-01	8.929845482245951649e-01	7.969650647856496573e-02
4.584584584584584510e-01	8.908587872375451910e-01	7.404218145719387856e-02
4.594594594594594295e-01	8.876872070471673037e-01	6.847952769208409673e-02
4.604604604604604634e-01	8.834740040875015410e-01	6.301298564735080543e-02
4.614614614614614418e-01	7.899237497185658263e-01	1.459475558352466562e-01
4.624624624624624758e-01	7.086311372901488159e-01	2.156990422871598589e-01
4.634634634634634542e-01	7.653702905984430815e-01	1.465047337165908958e-01
4.644644644644644327e-01	7.634777298781147969e-01	1.350404262417533863e-01
4.654654654654654666e-01	9.140259438125227787e-01	-2.975316080374501571e-02
4.664664664664664451e-01	8.227191661584631888e-01	4.643382544353646946e-02
4.674674674674674790e-01	7.719555462542634361e-01	8.121818693912907783e-02
4.684684684684684575e-01	6.518709875893196060e-01	1.844798213764571315e-01
4.694694694694694914e-01	7.020901286804850372e-01	1.166107256853434748e-01
4.704704704704704699e-01	6.026035565782218439e-01	1.976377660758105170e-01
4.714714714714714483e-01	5.756467059005460074e-01	2.053437617453727215e-01
4.724724724724724823e-01	4.947781237532088427e-01	2.661892019084587391e-01
4.734734734734734607e-01	4.223461853052438708e-01	3.178455113967006418e-01
4.744744744744744946e-01	4.790521638119650816e-01	2.396319610565728619e-01
4.754754754754754731e-01	5.166011750809098579e-01	1.798647029683125842e-01
4.764764764764764515e-01	6.044543945906704074e-01	6.910453229619595295e-02
4.774774774774774855e-01	6.017122120764621940e-01	4.827371097718480275e-02
4.784784784784784639e-01	6.482223343703781282e-01	-2.245215751857077002e-02
4.794794794794794979e-01	7.378100367055053788e-01	-1.368744025423825894e-01
4.804804804804804763e-01	8.777176295410498152e-01	-3.022107767711587067e-01
4.814814814814814548e-01	8.894059684198246662e-01	-3.398969903490176581e-01
4.824824824824824887e-01	7.750356627216966610e-01	-2.520679445058934265e-01
4.834834834834834671e-01	7.120485334999347993e-01	-2.161392148155448223e-01
4.844844844844845011e-01	7.702087906772481229e-01	-3.018482543445872857e-01
4.854854854854854795e-01	5.461716061129044952e-01	-1.058229931782851407e-01
4.864864864864864580e-01	5.850085896727097445e-01	-1.731073414287156442e-01
4.874874874874874919e-01	6.763897684108761688e-01	-2.933431958077072910e-01
4.884884884884884704e-01	6.320788650039774748e-01	-2.782657458776378046e-01
4.894894894894895043e-01	6.387224769570737370e-01	-3.144926814727020958e-01
4.904904904904904828e-01	6.109876159560353459e-01	-3.166617606367531090e-01
4.914914914914914612e-01	5.546543113450681517e-01	-2.905234420284599217e-01
4.924924924924924952e-01	5.988643721516706542e-01	-3.651896761874182662e-01
4.934934934934934736e-01	5.348477020016031425e-01	-3.318602499748403711e-01
4.944944944944945076e-01	6.535321829786777670e-01	-4.814327002145093459e-01
4.954954954954954860e-01	5.430348656561815313e-01	-4.019935337312612877e-01
4.964964964964965199e-01	4.121516390736833513e-01	-3.023079275311826852e-01
4.974974974974974984e-01	2.761303509275052082e-01	-1.975928793618351997e-01
4.984984984984984768e-01	1.846564171723442116e-01	-1.375028478200366333e-01
4.994994994994995108e-01	8.929125147027432152e-02	-7.356821241323346916e-02
5.005005005005005447e-01	1.091244672583427666e-01	-1.248475063153841741e-01
5.015015015015015232e-01	5.771036340097031314e-02	-1.048639327532766563e-01
5.025025025025025016e-01	5.108386864116815779e-02	-1.296213402068369380e-01
5.035035035035034801e-01	6.048406680399937702e-02	-1.703277783464988426e-01
5.045045045045044585e-01	1.559035532219817805e-02	-1.566316872471154586e-01
5.055055055055055480e-01	-4.626474086951894160e-02	-1.258347418946500484e-01
5.065065065065065264e-01	-1.502389768057928177e-01	-5.274847522096873242e-02
5.075075075075075048e-01	-3.670215831368342507e-01	1.333468871725830562e-01
5.085085085085084833e-01	-4.529139181827971372e-01	1.887830488661917938e-01
5.095095095095094617e-01	-3.856757405699128283e-01	9.134988525063175713e-02
5.105105105105105512e-01	-4.454405861561713253e-01	1.212107906717991290e-01
5.115115115115115296e-01	-3.673396550150962447e-01	1.352653588875774027e-02
5.125125125125125081e-01	-5.060698509646772703e-01	1.230232783615111680e-01
5.135135135135134865e-01	-5.873529336902986175e-01	1.754516854463088471e-01
5.145145145145144649e-01	-5.542916512339801649e-01	1.139430382993619206e-01
5.155155155155155544e-01	-5.877748098696844448e-01	1.194142735370231634e-01
5.165165165165165329e-01	-6.410275401543479301e-01	1.451182214699590078e-01
5.175175175175175113e-01	-6.148341037186335623e-01	9.186638550283299232e-02
5.185185185185184897e-01	-5.597620523077893040e-01	1.025307423698340603e-02
5.195195195195194682e-01	-3.999762750730731509e-01	-1.755305776968155151e-01
5.205205205205205576e-01	-4.302065482121592011e-01	-1.707290859509640324e-01
5.215215215215215361e-01	-4.905992111011693857e-01	-1.351709657506356410e-01
5.225225225225225145e-01	-5.538422371401029443e-01	-9.614368591354172100e-02
5.235235235235234930e-01	-5.821101457128147194e-01	-9.144878117405075280e-02
5.245245245245244714e-01	-5.903051054486383453e-01	-1.061607726005818764e-01
5.255255255255255609e-01	-7.165637988441430073e-01	-2.120326024395269293e-03
5.265265265265265393e-01	-7.088295634417840496e-01	-3.136213326015846459e-02
5.275275275275275177e-01	-6.271655378595610841e-01	-1.338017878021068308e-01
5.285285285285284962e-01	-7.994636974192521617e-01	1.847322977333532013e-02
5.295295295295294746e-01	-7.231467481095994465e-01	-7.709457454443113811e-02
5.305305305305305641e-01	-7.806389982688511919e-01	-3.806185609697665395e-02
5.315315315315315425e-01	-7.558269179153023209e-01	-8.052389105047275120e-02
5.325325325325325210e-01	-7.605071721506408977e-01	-9.266656104275194927e-02
5.335335335335334994e-01	-8.355483346252885468e-01	-3.360465697670955709e-02
5.345345345345344779e-01	-9.744948863099526237e-01	9.022210330117619304e-02
5.355355355355355673e-01	-9.826850124160906308e-01	8.416685629622377984e-02
5.365365365365365458e-01	-9.350435126834765187e-01	2.316848836844231929e-02
5.375375375375375242e-01	-9.837449320152109600e-01	5.941475243790272920e-02
5.385385385385385026e-01	-1.005354919554780846e+00	6.948361400096947360e-02
5.395395395395394811e-01	-1.039007865428230204e+00	9.252087569337885675e-02
5.405405405405405705e-01	-9.959005457967998742e-01	3.973381105754936193e-02
5.415415415415415490e-01	-1.080598948400060877e+00	1.156979797053216963e-01
5.425425425425425274e-01	-1.101233501367933965e+00	1.285524466647740560e-01
5.435435435435435059e-01	-9.693771891922041695e-01	-1.012211018891184811e-02
5.445445445445444843e-01	-9.004394319673861835e-01	-8.490952850022970289e-02
5.455455455455455738e-01	-9.161823365847677758e-01	-7.404191690643102675e-02
5.465465465465465522e-01	-8.461610697204504650e-01	-1.479592877694888564e-01
5.475475475475475307e-01	-9.780407239890325233e-01	-1.899269578965756544e-02
5.485485485485485091e-01	-9.728222905129553233e-01	-2.613826924587192568e-02
5.495495495495495986e-01	-1.018004895998741777e+00	1.810502423199289446e-02
5.505505505505505770e-01	-1.014491973755812682e+00	1.464154679751228372e-02
5.515515515515515554e-01	-9.854771247216587149e-01	-1.333514950561043300e-02
5.525525525525525339e-01	-8.755669316197453034e-01	-1.212195085372891334e-01
5.535535535535535123e-01	-9.022375227439141110e-01	-9.153740526151044055e-02
5.545545545545546018e-01	-9.268600893851459688e-01	-6.292062633863715337e-02
5.555555555555555802e-01	-8.967060762230454340e-01	-8.810167678916247525e-02
5.565565565565565587e-01	-9.832141707933665931e-01	4.353213379505005420e-03
5.575575575575575371e-01	-9.575496102459257752e-01	-1.439659920630831369e-02
5.585585585585585155e-01	-1.001627985568350088e+00	3.755763875219841896e-02
5.595595595595596050e-01	-1.060009619454798324e+00	1.047684618565120074e-01
5.605605605605605835e-01	-1.005021222174317330e+00	5.955384958045406574e-02
5.615615615615615619e-01	-9.705821714576354786e-01	3.582351479048406784e-02
5.625625625625625403e-01	-9.714832226702184714e-01	4.835762347590510934e-02
5.635635635635635188e-01	-1.055802493156328348e+00	1.452227895642925759e-01
5.645645645645646082e-01	-1.023838912734542639e+00	1.267055367922291786e-01
5.655655655655655867e-01	-9.755953689724745637e-01	9.279545624785490165e-02
5.665665665665665651e-01	-9.360139554285626939e-01	6.842046776096066818e-02
5.675675675675675436e-01	-9.167442182088523239e-01	6.521508047553947751e-02
5.685685685685685220e-01	-8.616395386417647906e-01	2.701679039394688786e-02
5.695695695695696115e-01	-8.445499100774146450e-01	2.765887288450985526e-02
5.705705705705705899e-01	-7.752897718032973895e-01	-2.306176687110872425e-02
5.715715715715715683e-01	-8.120903563303439876e-01	3.306777074685163242e-02
5.725725725725725468e-01	-8.455970668566511472e-01	8.667377538856235741e-02
5.735735735735735252e-01	-7.113679763033411430e-01	-2.670555532899876461e-02
5.745745745745746147e-01	-6.760560468226758379e-01	-4.043787666010689730e-02
5.755755755755755931e-01	-6.666778780132014415e-01	-2.752792812752169471e-02
5.765765765765765716e-01	-6.775812264848359856e-01	6.350007143931524212e-03
5.775775775775775500e-01	-6.997013319739231463e-01	5.210845033652888869e-02
5.785785785785785285e-01	-6.996786789217331881e-01	7.636451098351504374e-02
5.795795795795796179e-01	-6.341428582816841519e-01	3.572377189075748305e-02
5.805805805805805964e-01	-6.273241579160040438e-01	5.439190327398302216e-02
5.815815815815815748e-01	-6.737436928063582631e-01	1.268648173127314704e-01
5.825825825825825532e-01	-7.059574894191148475e-01	1.856727774375352968e-01
5.835835835835835317e-01	-6.861993017713905463e-01	1.930232398719141651e-01
5.845845845845846211e-01	-7.215259761140002670e-01	2.559462443200429260e-01
5.855855855855855996e-01	-6.456053937042148805e-01	2.080823832473089885e-01
5.865865865865865780e-01	-6.129283860271068640e-01	2.038947440863612126e-01
5.875875875875875565e-01	-5.370836897421883416e-01	1.569438916185905142e-01
5.885885885885885349e-01	-5.578894525813524741e-01	2.070194017300194256e-01
5.895895895895896244e-01	-6.682908567565613023e-01	3.470375130724169255e-01
5.905905905905906028e-01	-5.984828222357810867e-01	3.071638589602351810e-01
5.915915915915915813e-01	-5.506560377091012093e-01	2.895595272970128420e-01
5.925925925925925597e-01	-5.438907751302506366e-01	3.132749043878088613e-01
5.935935935935935381e-01	-5.264666740232707420e-01	3.265594887984630823e-01
5.945945945945946276e-01	-3.952658453295643803e-01	2.262650250077141989e-01
5.955955955955956060e-01	-2.853891348434482444e-01	1.474617968707955806e-01
5.965965965965965845e-01	-3.086919663308915762e-01	2.019745009595320939e-01
5.975975975975975629e-01	-2.256343534205750567e-01	1.502322888381713850e-01
5.985985985985985414e-01	-1.589308535320197724e-01	1.149187515096345147e-01
5.995995995995996308e-01	-8.894369800854021180e-02	7.636508016980114721e-02
6.006006006006006093e-01	-1.257197423843705586e-01	1.445870471688381342e-01
6.016016016016015877e-01	-7.911135858111800756e-02	1.294059289444831895e-01
6.026026026026025662e-01	-1.256266283818531782e-01	2.072987302450572944e-01
6.036036036036035446e-01	-8.464462988633410234e-02	1.976135013154029507e-01
6.046046046046046341e-01	-5.804470467065778183e-02	2.021986357386176270e-01
6.056056056056056125e-01	-8.110381538476610364e-02	2.563002586366351365e-01
6.066066066066065909e-01	-3.994432143082368714e-02	2.460100328425148253e-01
6.076076076076075694e-01	-6.266877333786420590e-02	2.993999836295410666e-01
6.086086086086086588e-01	4.349682366660281158e-02	2.236657924679175957e-01
6.096096096096096373e-01	6.421374427177103938e-02	2.331160923954023467e-01
6.106106106106106157e-01	-2.792678031184657461e-02	3.551298211696178875e-01
6.116116116116115942e-01	-1.508285523718566438e-02	3.718355436514156342e-01
6.126126126126125726e-01	8.726365330326030234e-02	2.986859056920652677e-01
6.136136136136136621e-01	1.931687157314667669e-01	2.215960653739422193e-01
6.146146146146146405e-01	1.597168645781388563e-01	2.834529960659878389e-01
6.156156156156156189e-01	3.116754505790197416e-01	1.594612585039973940e-01
6.166166166166165974e-01	4.631592802867389724e-01	3.547839095425048273e-02
6.176176176176175758e-01	5.708417045370233200e-01	-4.519615190570291929e-02
6.186186186186186653e-01	7.463040764657395965e-01	-1.941704301126678800e-01
6.196196196196196437e-01	6.877846672706428022e-01	-1.097089077702718685e-01
6.206206206206206222e-01	7.558319714281617197e-01	-1.523857323647365147e-01
6.216216216216216006e-01	7.048827173812520774e-01	-7.666272008561192397e-02
6.226226226226225791e-01	7.495089388680827858e-01	-9.713640234629239423e-02
6.236236236236236685e-01	7.415918935616589991e-01	-6.571192019897897918e-02
6.246246246246246470e-01	7.360973363688699811e-01	-3.737827401650273274e-02
6.256256256256256254e-01	6.023883059583350352e-01	1.184789129662489060e-01
6.266266266266266038e-01	7.450228641487524062e-01	-2.720322403145236656e-03
6.276276276276275823e-01	9.156670980139652860e-01	-1.526632636424387623e-01
6.286286286286286717e-01	1.053570788857613127e+00	-2.706201626491494538e-01
6.296296296296296502e-01	9.940614173981605628e-01	-1.919382246431171612e-01
6.306306306306306286e-01	8.871415710423663503e-01	-6.663899593528010978e-02
6.316316316316316071e-01	8.734149682240502921e-01	-3.534436951882380384e-02
6.326326326326325855e-01	8.830990589323057804e-01	-2.828916762538069563e-02
6.336336336336336750e-01	8.845364457936025770e-01	-1.383254562847480162e-02
6.346346346346346534e-01	8.080828676927304111e-01	7.765404070379844370e-02
6.356356356356356319e-01	7.349985690777826042e-01	1.648954814455344531e-01
6.366366366366366103e-01	5.993584592966711977e-01	3.138028678763118418e-01
6.376376376376375887e-01	6.897987571552817165e-01	2.357268617663954569e-01
6.386386386386386782e-01	7.986549008204244515e-01	1.383197984470135866e-01
6.396396396396396566e-01	8.964274520157160531e-01	5.106979470471317839e-02
6.406406406406406351e-01	9.351673701533127492e-01	2.191548584495817131e-02
6.416416416416416135e-01	1.060586175497190142e+00	-9.486412718183578896e-02
6.426426426426425920e-01	1.155758771442011668e+00	-1.823524906860095607e-01
6.436436436436436814e-01	1.156144170162215268e+00	-1.760162154400387591e-01
6.446446446446446599e-01	9.793432350872361969e-01	6.537188360159262857e-03
6.456456456456456383e-01	9.902083475740568463e-01	4.496509953748617505e-04
6.466466466466466168e-01	1.035266580707624673e+00	-4.081062495234721865e-02
6.476476476476475952e-01	1.040698398884630782e+00	-4.342785951179828352e-02
6.486486486486486847e-01	9.679717951342476923e-01	3.112717107043372344e-02
6.496496496496496631e-01	1.023012926176050330e+00	-2.307349797575664052e-02
6.506506506506506415e-01	9.184986490960573846e-01	8.129244516786882091e-02
6.516516516516516200e-01	7.867333235581019935e-01	2.119207875183545253e-01
6.526526526526525984e-01	8.954067610716219816e-01	1.011228418787150085e-01
6.536536536536536879e-01	8.480719744898511658e-01	1.453476962279596219e-01
6.546546546546546663e-01	8.932603528834272000e-01	9.606703677006622755e-02
6.556556556556556448e-01	9.213658685283893091e-01	6.289093790497946035e-02
6.566566566566566232e-01	8.422341155250240297e-01	1.359788196081849199e-01
6.576576576576576016e-01	7.529210546864678610e-01	2.182806975839093333e-01
6.586586586586586911e-01	7.505845770034695885e-01	2.126456138904425641e-01
6.596596596596596696e-01	6.621369269084960152e-01	2.921692068202527137e-01
6.606606606606606480e-01	5.667439646424676791e-01	3.776944407383615587e-01
6.616616616616616264e-01	4.274992816516522409e-01	5.061374819591948349e-01
6.626626626626626049e-01	4.315049374267891924e-01	4.904069522584375562e-01
6.636636636636636943e-01	4.417590512167776096e-01	4.675163265971102877e-01
6.646646646646646728e-01	5.122752534591614726e-01	3.834644702260939786e-01
6.656656656656656512e-01	5.102215676449325388e-01	3.710967444648752833e-01
6.666666666666666297e-01	5.702920332680401216e-01	2.957333705164001403e-01
6.676676676676676081e-01	6.725600845515689041e-01	1.773160366391181020e-01
6.686686686686686976e-01	5.735133763304637311e-01	2.593730573103092407e-01
6.696696696696696760e-01	5.920527206125337782e-01	2.230204208737287530e-01
6.706706706706706544e-01	5.012982278544546588e-01	2.951556316504756472e-01
6.716716716716716329e-01	4.537457116894722531e-01	3.233012877928184703e-01
6.726726726726726113e-01	3.948015156656278779e-01	3.620702363393649148e-01
6.736736736736737008e-01	3.333311031780760159e-01	4.026169643060271142e-01
6.746746746746746792e-01	4.050852114388914793e-01	3.092114249881302013e-01
6.756756756756756577e-01	4.558762700782089117e-01	2.360625988993391711e-01
6.766766766766766361e-01	3.679527484463988030e-01	3.009441252979411230e-01
6.776776776776777256e-01	4.237299102643173887e-01	2.214635256743748837e-01
6.786786786786787040e-01	5.152730734230356324e-01	1.055789214202079718e-01
6.796796796796796825e-01	5.649943769589492737e-01	3.090224367494964763e-02
6.806806806806806609e-01	5.578872197193274207e-01	1.246477085857644607e-02
6.816816816816816393e-01	6.264283320773863517e-01	-8.218496744580650049e-02
6.826826826826827288e-01	6.536480318672438505e-01	-1.360514714053663310e-01
6.836836836836837072e-01	7.362978487702547259e-01	-2.458599208538338465e-01
6.846846846846846857e-01	6.849012112496388749e-01	-2.221068882823381552e-01
6.856856856856856641e-01	5.551760756980658185e-01	-1.204829945436702854e-01
6.866866866866866426e-01	6.573927395717074074e-01	-2.512307490172336899e-01
6.876876876876877320e-01	5.641123061859100174e-01	-1.868830418831406992e-01
6.886886886886887105e-01	5.879752426817284050e-01	-2.400517299874437294e-01
6.896896896896896889e-01	7.100554696846800296e-01	-3.917817547923692079e-01
6.906906906906906674e-01	6.651925488557614008e-01	-3.768833585835392741e-01
6.916916916916916458e-01	6.362419718451215456e-01	-3.781824024162695475e-01
6.926926926926927353e-01	5.395619583772238714e-01	-3.120071935011416997e-01
6.936936936936937137e-01	3.566555116902867528e-01	-1.598305702225800706e-01
6.946946946946946921e-01	2.235854448590648136e-01	-5.768495829035219513e-02
6.956956956956956706e-01	2.935383854129594572e-01	-1.587264054063744767e-01
6.966966966966966490e-01	2.664123762339948298e-01	-1.628222124017532635e-01
6.976976976976977385e-01	1.109585830131975398e-01	-3.869267109261030624e-02
6.986986986986987169e-01	3.898713999193716140e-02	1.883059448776154554e-03
6.996996996996996954e-01	1.663269375977135534e-01	-1.568928653718170974e-01
7.007007007007006738e-01	2.792652065541191900e-03	-2.480403599176755208e-02
7.017017017017016522e-01	-6.923307569566808373e-02	1.579800170261336928e-02
7.027027027027027417e-01	-1.781633898171666175e-01	9.335746534165809130e-02
7.037037037037037202e-01	-2.605559450263333354e-01	1.444630309011017411e-01
7.047047047047046986e-01	-2.420994778190708185e-01	9.483437319892978890e-02
7.057057057057056770e-01	-7.444092094276480442e-02	-1.038507502152095363e-01
7.067067067067066555e-01	-7.380826748842734403e-03	-2.017611061887215340e-01
7.077077077077077449e-01	4.708614036215735127e-03	-2.444939975339506244e-01
7.087087087087087234e-01	7.163017408763787397e-02	-3.418218949714209032e-01
7.097097097097097018e-01	1.611418247050124264e-01	-4.614727023167623510e-01
7.107107107107106803e-01	1.524340169353171834e-02	-3.454164520943664995e-01
7.117117117117116587e-01	2.909063246299340919e-02	-3.887793621075257833e-01
7.127127127127127482e-01	-1.329302030570457260e-01	-2.559185255343436327e-01
7.137137137137137266e-01	-1.718642785104130266e-01	-2.457599336960543668e-01
7.147147147147147050e-01	-7.604304858144068924e-02	-3.699436771036344052e-01
7.157157157157156835e-01	-9.484849636957548569e-02	-3.790597262208654783e-01
7.167167167167166619e-01	-1.377288649070324278e-01	-3.636322276805700193e-01
7.177177177177177514e-01	-2.854268926244672433e-01	-2.428912961215854982e-01
7.187187187187187298e-01	-3.135527618704773700e-01	-2.412000925136397744e-01
7.197197197197197083e-01	-4.388040561933889139e-01	-1.418348932352154756e-01
7.207207207207206867e-01	-4.948600639060378725e-01	-1.110908123575079509e-01
7.217217217217216652e-01	-5.800867004947696248e-01	-5.057690454778684952e-02
7.227227227227227546e-01	-6.562746675680958264e-01	1.521969128360001200e-03
7.237237237237237331e-01	-7.110286150646947245e-01	3.283427925002868619e-02
7.247247247247247115e-01	-8.058813807600612167e-01	1.049160439924651245e-01
7.257257257257256899e-01	-9.062913988913150476e-01	1.832482148298081315e-01
7.267267267267266684e-01	-9.966632584674037787e-01	2.522572125789857012e-01
7.277277277277277578e-01	-9.466431071346457227e-01	1.816103096767553993e-01
7.287287287287287363e-01	-8.828960683363310524e-01	9.799302644992713418e-02
7.297297297297297147e-01	-8.097149564760445228e-01	5.717826109105317300e-03
7.307307307307306932e-01	-8.709567227315403448e-01	4.866054113273310389e-02
7.317317317317316716e-01	-9.518277489622949394e-01	1.120456485037562011e-01
7.327327327327327611e-01	-9.490959471828874783e-01	9.265835128954147404e-02
7.337337337337337395e-01	-9.744759158930813570e-01	1.022297178735956935e-01
7.347347347347347180e-01	-7.333035388427904255e-01	-1.538887355658122846e-01
7.357357357357356964e-01	-9.622408661972343680e-01	6.097982065128992879e-02
7.367367367367367859e-01	-8.998168911394385239e-01	-1.462170830572773195e-02
7.377377377377377643e-01	-1.020554968097705073e+00	9.384306269242015386e-02
7.387387387387387427e-01	-1.049234385233054345e+00	1.111655583368891254e-01
7.397397397397397212e-01	-1.044686401782895402e+00	9.618826822310122537e-02
7.407407407407406996e-01	-1.093755034019379568e+00	1.357655217038910012e-01
7.417417417417417891e-01	-1.169389127384910854e+00	2.028555498268692636e-01
7.427427427427427675e-01	-1.074278854739297850e+00	1.001569743005616964e-01
7.437437437437437460e-01	-1.060459706469063290e+00	7.971278924902402974e-02
7.447447447447447244e-01	-1.100155139045134067e+00	1.137530023494195408e-01
7.457457457457457028e-01	-1.044929525072619603e+00	5.384757840360021586e-02
7.467467467467467923e-01	-9.847527858504182552e-01	-1.002893363216705858e-02
7.477477477477477708e-01	-9.351614943929443813e-01	-6.233630220155528256e-02
7.487487487487487492e-01	-1.009265416650843683e+00	1.003792445476436868e-02
7.497497497497497276e-01	-1.004193415540636458e+00	4.224319672889609301e-03
7.507507507507507061e-01	-9.604496852592444567e-01	-3.927218901114426508e-02
7.517517517517517955e-01	-1.120876402582380527e+00	1.223903307118581196e-01
7.527527527527527740e-01	-1.039090891311859277e+00	4.282798061330472805e-02
7.537537537537537524e-01	-8.641242757076413872e-01	-1.289303134327262068e-01
7.547547547547547309e-01	-8.321585119578708278e-01	-1.567057678055649994e-01
7.557557557557557093e-01	-7.681986765842674370e-01	-2.154974495953431157e-01
7.567567567567567988e-01	-7.530096037745122040e-01	-2.245456351731740519e-01
7.577577577577577772e-01	-7.504575307270550111e-01	-2.199901597927423902e-01
7.587587587587587556e-01	-8.589848666637606156e-01	-1.033956425728728146e-01
7.597597597597597341e-01	-8.638562903831455975e-01	-8.950538199428414998e-02
7.607607607607607125e-01	-8.970641682007604034e-01	-4.633593007082181803e-02
7.617617617617618020e-01	-8.811579029554114095e-01	-5.134773452429630680e-02
7.627627627627627804e-01	-8.680403562164991094e-01	-5.264870683636357906e-02
7.637637637637637589e-01	-8.616721706135717085e-01	-4.628988926597465969e-02
7.647647647647647373e-01	-8.306921191104410518e-01	-6.364509402058704524e-02
7.657657657657657158e-01	-9.092181454531157447e-01	2.939014963668473701e-02
7.667667667667668052e-01	-9.577116617109454610e-01	9.326290625107980237e-02
7.677677677677677837e-01	-8.892394170911853690e-01	4.102471717838340748e-02
7.687687687687687621e-01	-7.351100917455971606e-01	-9.603179057009691988e-02
7.697697697697697405e-01	-7.869597131860558425e-01	-2.628747203767844987e-02
7.707707707707707190e-01	-7.830246935614535442e-01	-1.152361035099247477e-02
7.717717717717718084e-01	-7.826264088912125994e-01	7.562680011612088471e-03
7.727727727727727869e-01	-8.069793282702886206e-01	5.216660070948997419e-02
7.737737737737737653e-01	-7.796134181806765318e-01	4.579809290394798449e-02
7.747747747747747438e-01	-7.779684384712604039e-01	6.587615304023297647e-02
7.757757757757757222e-01	-8.413865531319617563e-01	1.517214641536968056e-01
7.767767767767768117e-01	-8.613769474409960214e-01	1.948210342586249588e-01
7.777777777777777901e-01	-8.795000064989969557e-01	2.367123968124574818e-01
7.787787787787787686e-01	-8.877404654320175670e-01	2.693567835158008350e-01
7.797797797797797470e-01	-8.709973206925960554e-01	2.776290588549731320e-01
7.807807807807807254e-01	-7.709238960708145738e-01	2.031578099761057743e-01
7.817817817817818149e-01	-6.930325590239775346e-01	1.514300874757882331e-01
7.827827827827827933e-01	-6.584861149008153225e-01	1.435828246600021618e-01
7.837837837837837718e-01	-6.819499272134326162e-01	1.942549833997962438e-01
7.847847847847847502e-01	-6.198359420510806128e-01	1.598316046524663747e-01
7.857857857857857287e-01	-5.790536125506784426e-01	1.471947595373796491e-01
7.867867867867868181e-01	-5.012002665189881911e-01	9.791394403500736088e-02
7.877877877877877966e-01	-4.240146358159124218e-01	4.969963589189257958e-02
7.887887887887887750e-01	-4.725714720020699477e-01	1.275979382074770574e-01
7.897897897897897534e-01	-3.867405865109322938e-01	7.144964793542935011e-02
7.907907907907907319e-01	-3.976091127872630193e-01	1.123125467132112809e-01
7.917917917917918214e-01	-3.287263232182308648e-01	7.370624681792042887e-02
7.927927927927927998e-01	-3.590913163642365791e-01	1.345999077266625266e-01
7.937937937937937782e-01	-2.334074366505049791e-01	3.966668541360440781e-02
7.947947947947947567e-01	-2.328317960623988436e-01	7.003328389730356651e-02
7.957957957957957351e-01	-2.673826739129357977e-01	1.356873850773097356e-01
7.967967967967968246e-01	-2.149717395420278065e-01	1.145099016898594446e-01
7.977977977977978030e-01	-2.347040636455157425e-01	1.655750190507292996e-01
7.987987987987987815e-01	-2.437202453636071464e-01	2.059923526848900788e-01
7.997997997997997599e-01	-2.565067311445414777e-01	2.502172978284723515e-01
8.008008008008007383e-01	-2.050166580157515017e-01	2.301719034051244450e-01
8.018018018018018278e-01	-8.869281430935077593e-02	1.452678634931422741e-01
8.028028028028028062e-01	-5.469326125710846642e-02	1.426321696681673856e-01
8.038038038038037847e-01	-7.807058714934619892e-02	1.972863958855192168e-01
8.048048048048047631e-01	3.420910805094079521e-02	1.161657137629941161e-01
8.058058058058058526e-01	1.432239397921040158e-01	3.816119608054727164e-02
8.068068068068068310e-01	2.375183777454366874e-01	-2.530229156293004045e-02
8.078078078078078095e-01	2.963188821374219128e-01	-5.348169675883401863e-02
8.088088088088087879e-01	2.088694094557687342e-01	6.434874415269639658e-02
8.098098098098097664e-01	2.364669681798486633e-01	6.686198029477583016e-02
8.108108108108108558e-01	2.695878950986196898e-01	6.355189964343765929e-02
8.118118118118118343e-01	3.802430790008487493e-01	-1.762186521918346349e-02
8.128128128128128127e-01	4.746917028068728950e-01	-8.294765008647525528e-02
8.138138138138137911e-01	3.970328562269926365e-01	2.344665704222059777e-02
8.148148148148147696e-01	4.791841125253590850e-01	-3.038493232489936080e-02
8.158158158158158590e-01	6.007246908929634310e-01	-1.240496414465365738e-01
8.168168168168168375e-01	5.732950028886721894e-01	-6.921544709734639422e-02
8.178178178178178159e-01	6.685724037590177193e-01	-1.375868036296975516e-01
8.188188188188187944e-01	6.586825971146095249e-01	-1.013160208529687578e-01
8.198198198198197728e-01	6.748511388193951799e-01	-9.165474161312436863e-02
8.208208208208208623e-01	6.236957088606426280e-01	-1.524618786642639723e-02
8.218218218218218407e-01	6.643289647427194078e-01	-3.122798881589738951e-02
8.228228228228228192e-01	6.241317205367364895e-01	3.299466473245160625e-02
8.238238238238237976e-01	5.745764752377380269e-01	1.059255161175128856e-01
8.248248248248247760e-01	5.281425899194696072e-01	1.750620891612117980e-01
8.258258258258258655e-01	5.868101532978793333e-01	1.384018454625193240e-01
8.268268268268268439e-01	6.082399126797350952e-01	1.382622756483172788e-01
8.278278278278278224e-01	7.755821119146445453e-01	-8.527917059046430381e-03
8.288288288288288008e-01	8.136659992125382379e-01	-2.681830384094974207e-02
8.298298298298297793e-01	8.184606787749056922e-01	-1.259756181723892254e-02
8.308308308308308687e-01	8.482271700618991828e-01	-2.414551395853392624e-02
8.318318318318318472e-01	8.979348776311589786e-01	-5.644958033110880624e-02
8.328328328328328256e-01	9.416849688690215325e-01	-8.362813801333479624e-02
8.338338338338338041e-01	8.780505663576493314e-01	-4.270696444922283952e-03
8.348348348348347825e-01	9.212915944867348106e-01	-3.265272783437933590e-02
8.358358358358358720e-01	9.894705285179856702e-01	-8.685140084895115464e-02
8.368368368368368504e-01	9.606998352504029226e-01	-4.499300675023398810e-02
8.378378378378378288e-01	9.808571035193252019e-01	-5.296807622281662908e-02
8.388388388388388073e-01	9.820955596790281739e-01	-4.294188205926152690e-02
8.398398398398397857e-01	9.789202433752968169e-01	-2.943060302048383647e-02
8.408408408408408752e-01	1.013888148408566225e+00	-5.500145368391629042e-02
8.418418418418418536e-01	9.256414960407333137e-01	4.169405235655665454e-02
8.428428428428428321e-01	1.005665341787689959e+00	-3.083749511315625469e-02
8.438438438438438105e-01	1.062969539822143927e+00	-8.161335906858513400e-02
8.448448448448447889e-01	1.058619927840576569e+00	-7.170583278741682332e-02
8.458458458458458784e-01	1.052951176752151330e+00	-6.145508315476655437e-02
8.468468468468468568e-01	1.065467770051545138e+00	-7.037012460127922697e-02
8.478478478478478353e-01	9.933928211136223707e-01	4.322368082638972098e-03
8.488488488488488137e-01	9.490590424702048944e-01	5.028709399177599959e-02
8.498498498498497922e-01	9.427853405828507949e-01	5.720353389286325640e-02
8.508508508508508816e-01	8.115376155915517975e-01	1.881051520706781277e-01
8.518518518518518601e-01	7.569319242157233063e-01	2.413762340555449804e-01
8.528528528528528385e-01	7.840741677550848721e-01	2.119121982840197482e-01
8.538538538538538170e-01	7.440032218671722708e-01	2.486764650163481027e-01
8.548548548548547954e-01	6.785938649521141564e-01	3.097975256813590983e-01
8.558558558558558849e-01	6.321502786408845775e-01	3.509754391548197683e-01
8.568568568568568633e-01	5.784541824941966670e-01	3.984336928672963518e-01
8.578578578578578417e-01	5.340259470661710139e-01	4.356580845915166700e-01
8.588588588588588202e-01	4.710870074817329889e-01	4.904343027653929599e-01
8.598598598598597986e-01	4.654874350824965701e-01	4.869203478019558107e-01
8.608608608608608881e-01	5.297529004741624581e-01	4.125995610601564945e-01
8.618618618618618665e-01	5.294755611258726846e-01	4.018897283339823989e-01
8.628628628628628450e-01	5.650240173986512682e-01	3.544331139915543050e-01
8.638638638638638234e-01	5.936204200311303580e-01	3.130193427457598210e-01
8.648648648648649129e-01	6.545565701000208847e-01	2.383692880495476007e-01
8.658658658658658913e-01	6.369929120783904830e-01	2.413360665043788877e-01
8.668668668668668698e-01	6.811291560523767830e-01	1.817344022335540821e-01
8.678678678678678482e-01	7.574671430220656365e-01	8.907774730799544738e-02
8.688688688688688266e-01	7.286920542725399130e-01	1.006970572525441865e-01
8.698698698698699161e-01	8.329434333674063939e-01	-2.153024690454041767e-02
8.708708708708708945e-01	9.017182956002406380e-01	-1.090834048585547222e-01
8.718718718718718730e-01	8.924003977513943475e-01	-1.193276043626766425e-01
8.728728728728728514e-01	8.537805512203270331e-01	-1.010343127223712889e-01
8.738738738738738299e-01	7.569924572454801437e-01	-2.531713114379974261e-02
8.748748748748749193e-01	8.653769390580052789e-01	-1.554960467635760901e-01
8.758758758758758978e-01	7.250406463878585894e-01	-3.765615775874919802e-02
8.768768768768768762e-01	7.061817552854749991e-01	-4.197339447986070393e-02
8.778778778778778547e-01	6.464916797972727336e-01	-6.116253124245352168e-03
8.788788788788788331e-01	6.373136166248046797e-01	-2.140436305762238867e-02
8.798798798798799226e-01	5.326903665613130778e-01	5.814366844464602391e-02
8.808808808808809010e-01	6.413458801821944055e-01	-7.617131341680216661e-02
8.818818818818818794e-01	5.580773829623836280e-01	-1.912116060216650926e-02
8.828828828828828579e-01	5.501448618234596744e-01	-3.793993387034344522e-02
8.838838838838838363e-01	5.324322750712355834e-01	-4.748513835374451597e-02
8.848848848848849258e-01	4.447342992766936121e-01	1.247550340238390287e-02
8.858858858858859042e-01	3.725777818816439768e-01	5.644257218068221560e-02
8.868868868868868827e-01	4.132331230217411444e-01	-1.282645685393613011e-02
8.878878878878878611e-01	3.983519440738454986e-01	-2.695491026627483411e-02
8.888888888888888395e-01	3.967458288707664815e-01	-5.472568554509377181e-02
8.898898898898899290e-01	3.630146293803614421e-01	-5.070958514887324853e-02
8.908908908908909074e-01	2.844496200674428432e-01	-2.168499593470984976e-03
8.918918918918918859e-01	3.006634284879654007e-01	-4.868536710283860591e-02
8.928928928928928643e-01	3.473746020430968917e-01	-1.259487697215346536e-01
8.938938938938938428e-01	3.410673974041850687e-01	-1.504127523711193959e-01
8.948948948948949322e-01	2.148660661967614349e-01	-5.517113840921289425e-02
8.958958958958959107e-01	3.215545468415721420e-01	-1.929772515597028837e-01
8.968968968968968891e-01	2.832682241778167742e-01	-1.859357058095120474e-01
8.978978978978978676e-01	1.463145951421421231e-01	-8.032310151551801114e-02
8.988988988988988460e-01	2.494628370848296361e-01	-2.148776242730107422e-01
8.998998998998999355e-01	2.405274956243150242e-01	-2.373827634165791289e-01
9.009009009009009139e-01	1.993771005207654323e-01	-2.276759586038824834e-01
9.019019019019018923e-01	6.750605379791931038e-02	-1.272205186811266597e-01
9.029029029029028708e-01	2.682356160991596766e-02	-1.178945842965562762e-01
9.039039039039038492e-01	3.875006354608842574e-02	-1.610875879245436404e-01
9.049049049049049387e-01	-5.447946880749406778e-02	-9.900358308872223012e-02
9.059059059059059171e-01	4.570675368979233016e-02	-2.301835604932832291e-01
9.069069069069068956e-01	6.209227894863647915e-03	-2.214973686399510366e-01
9.079079079079078740e-01	-4.881913585587711879e-02	-1.970674498979722578e-01
9.089089089089088525e-01	-9.279275737098548194e-02	-1.834491270080865766e-01
9.099099099099099419e-01	-7.613575410824076350e-02	-2.301882654985423216e-01
9.109109109109109204e-01	-1.381386778780856195e-01	-1.979645666641286217e-01
9.119119119119118988e-01	-2.304029445639834139e-01	-1.351471672612357122e-01
9.129129129129128772e-01	-2.642375342754585410e-01	-1.303979684739809963e-01
9.139139139139138557e-01	-4.129971259757579394e-01	-1.033353008077386725e-02
9.149149149149149451e-01	-4.813491659782000442e-01	2.974196960130576217e-02
9.159159159159159236e-01	-5.358897128919496433e-01	5.645255060314197104e-02
9.169169169169169020e-01	-5.442747243312200389e-01	3.748169036294779488e-02
9.179179179179178805e-01	-4.882925221605913801e-01	-4.535523824152942751e-02
9.189189189189188589e-01	-4.500849260333384394e-01	-1.098898601042542222e-01
9.199199199199199484e-01	-5.369986868252453194e-01	-4.874939071659301071e-02
9.209209209209209268e-01	-6.437826680772554822e-01	3.284051953183197980e-02
9.219219219219219053e-01	-6.349061668303331851e-01	-6.259190140502912669e-04
9.229229229229228837e-01	-6.121833724766998497e-01	-4.731020105919436780e-02
9.239239239239238621e-01	-5.142542803184274591e-01	-1.685486368447588479e-01
9.249249249249249516e-01	-5.274226768991104874e-01	-1.780143902468414030e-01
9.259259259259259300e-01	-4.621339982392421164e-01	-2.652396433338068404e-01
9.269269269269269085e-01	-4.985523124476647361e-01	-2.500386358873251114e-01
9.279279279279278869e-01	-5.161692307719244477e-01	-2.528987758023906185e-01
9.289289289289288654e-01	-5.707278862533174957e-01	-2.180566811793113180e-01
9.299299299299299548e-01	-5.431477350443021379e-01	-2.645733990295054960e-01
9.309309309309309333e-01	-4.037917228367376987e-01	-4.220672581268053447e-01
9.319319319319319117e-01	-4.461490843071792001e-01	-3.970310880790422492e-01
9.329329329329328901e-01	-4.940310115476867492e-01	-3.656365686330568798e-01
9.339339339339339796e-01	-5.682773967550369676e-01	-3.070275039227754466e-01
9.349349349349349581e-01	-5.741918641461603023e-01	-3.158848066757460327e-01
9.359359359359359365e-01	-6.920968100640869647e-01	-2.118714733979288889e-01
9.369369369369369149e-01	-8.400254138063164566e-01	-7.694058798969605206e-02
9.379379379379378934e-01	-7.490339862222797906e-01	-1.800229867320816135e-01
9.389389389389389828e-01	-9.258934259462987537e-01	-1.433581476345968664e-02
9.399399399399399613e-01	-9.820686089716965661e-01	3.159685167158488017e-02
9.409409409409409397e-01	-9.150479669992968024e-01	-4.472642735389198432e-02
9.419419419419419182e-01	-8.240419710467072889e-01	-1.440859818554108829e-01
9.429429429429428966e-01	-8.359100885607060327e-01	-1.396140839211317264e-01
9.439439439439439861e-01	-7.559335073456364684e-01	-2.260222319518704337e-01
9.449449449449449645e-01	-9.025898019164269037e-01	-8.482649154036203676e-02
9.459459459459459429e-01	-9.455924805342624806e-01	-4.630795472461424200e-02
9.469469469469469214e-01	-9.537397263479954201e-01	-4.166400418601690081e-02
9.479479479479478998e-01	-9.035339099106989291e-01	-9.438880511754421665e-02
9.489489489489489893e-01	-8.646787961710740156e-01	-1.347761016579953619e-01
9.499499499499499677e-01	-8.835103552364973467e-01	-1.164884085921000789e-01
9.509509509509509462e-01	-9.981221951683244553e-01	-1.431580053439462930e-03
9.519519519519519246e-01	-1.012172205234480149e+00	1.405183319633362959e-02
9.529529529529529031e-01	-9.133713459985008942e-01	-8.232862570833687776e-02
9.539539539539539925e-01	-8.885615877645062222e-01	-1.037333798903073978e-01
9.549549549549549710e-01	-8.623845144696169474e-01	-1.255242124705612250e-01
9.559559559559559494e-01	-8.529500672216432378e-01	-1.295955197009849291e-01
9.569569569569569278e-01	-7.792295834920264230e-01	-1.969812674824039656e-01
9.579579579579579063e-01	-7.872674395611134468e-01	-1.816433436750365393e-01
9.589589589589589957e-01	-7.219250580676895845e-01	-2.387275443546313936e-01
9.599599599599599742e-01	-8.973453453834737692e-01	-5.409912929970328577e-02
9.609609609609609526e-01	-9.879366384444940863e-01	4.664113291498994673e-02
9.619619619619619311e-01	-9.972093707387755801e-01	6.699363991017104336e-02
9.629629629629629095e-01	-9.276443011583304088e-01	9.428194278055523903e-03
9.639639639639639990e-01	-8.852484935594715498e-01	-2.006000602312518755e-02
9.649649649649649774e-01	-9.680992231655034530e-01	7.659355046721882943e-02
9.659659659659659559e-01	-1.056801151420402984e+00	1.799798761872478670e-01
9.669669669669669343e-01	-1.029926792786246548e+00	1.686569648470152005e-01
9.679679679679679127e-01	-9.654438209595096465e-01	1.205771120036903676e-01
9.689689689689690022e-01	-8.361685812341610458e-01	8.540442631429501219e-03
9.699699699699699806e-01	-8.089481554122113227e-01	-6.230079285338696593e-04
9.709709709709709591e-01	-8.299157477522203230e-01	3.920210883712649252e-02
9.719719719719719375e-01	-7.758483338227134540e-01	4.774121123987784543e-03
9.729729729729729160e-01	-7.194894349671665523e-01	-3.118287028555988272e-02
9.739739739739740054e-01	-6.678503670073059340e-01	-6.167772411488325890e-02
9.749749749749749839e-01	-5.511424910779176844e-01	-1.565199878085885565e-01
9.759759759759759623e-01	-5.509542647899872136e-01	-1.341428256937939878e-01
9.769769769769769407e-01	-5.867369351808602307e-01	-7.511730464900934212e-02
9.779779779779779192e-01	-6.276114475936297454e-01	-1.034546315948492445e-02
9.789789789789790087e-01	-7.054314107849445348e-01	9.200267651828153426e-02
9.799799799799799871e-01	-7.207474369900322975e-01	1.324534717892276170e-01
9.809809809809809655e-01	-7.179812729766851254e-01	1.554038147582472718e-01
9.819819819819819440e-01	-6.582740288267713291e-01	1.219693855893867473e-01
9.829829829829829224e-01	-6.515300383076374491e-01	1.420285380237608086e-01
9.839839839839840119e-01	-5.097937377027688122e-01	2.759920390071934904e-02
9.849849849849849903e-01	-5.921533033166377358e-01	1.377425568717604021e-01
9.859859859859859688e-01	-5.784281789052593270e-01	1.522505665328227620e-01
9.869869869869869472e-01	-5.904023548418505518e-01	1.928793047579349107e-01
9.879879879879879256e-01	-5.675890390751368031e-01	1.991136442648827609e-01
9.889889889889890151e-01	-4.727626654071230838e-01	1.336992949124489183e-01
9.899899899899899935e-01	-5.077040933770370357e-01	1.983880319881677901e-01
9.909909909909909720e-01	-4.455500925123235256e-01	1.662872092194916940e-01
9.919919919919919504e-01	-3.722923703460311318e-01	1.233588158791362188e-01
9.929929929929930399e-01	-3.524383680486521397e-01	1.340803018040054029e-01
9.939939939939940183e-01	-3.414768784993906792e-01	1.539102251235542618e-01
9.949949949949949968e-01	-3.292049208910441394e-01	1.726151567624856775e-01
9.959959959959959752e-01	-3.124187477745730135e-01	1.869607175942746835e-01
9.969969969969969537e-01	-2.553439060398742244e-01	1.611416697122441954e-01
9.979979979979980431e-01	-1.779107105480268736e-01	1.150574205035467118e-01
9.989989989989990216e-01	-1.626736299273172093e-01	1.312314390081968929e-01
1.000000000000000000e+00	-8.684718815363393074e-02	8.684718815363270950e-02
