# Time	FTRLS_Output	FTRLS_Error
0.000000000000000000e+00	0.000000000000000000e+00	0.000000000000000000e+00
1.001001001001000992e-03	0.000000000000000000e+00	0.000000000000000000e+00
2.002002002002001985e-03	0.000000000000000000e+00	0.000000000000000000e+00
3.003003003003002977e-03	0.000000000000000000e+00	0.000000000000000000e+00
4.004004004004003969e-03	0.000000000000000000e+00	0.000000000000000000e+00
5.005005005005004962e-03	0.000000000000000000e+00	0.000000000000000000e+00
6.006006006006005954e-03	0.000000000000000000e+00	0.000000000000000000e+00
7.007007007007006946e-03	0.000000000000000000e+00	0.000000000000000000e+00
8.008008008008007939e-03	0.000000000000000000e+00	0.000000000000000000e+00
9.009009009009008931e-03	0.000000000000000000e+00	0.000000000000000000e+00
1.001001001001000992e-02	0.000000000000000000e+00	0.000000000000000000e+00
1.101101101101101092e-02	0.000000000000000000e+00	0.000000000000000000e+00
1.201201201201201191e-02	0.000000000000000000e+00	0.000000000000000000e+00
1.301301301301301290e-02	0.000000000000000000e+00	0.000000000000000000e+00
1.401401401401401389e-02	0.000000000000000000e+00	0.000000000000000000e+00
1.501501501501501488e-02	0.000000000000000000e+00	0.000000000000000000e+00
1.601601601601601588e-02	0.000000000000000000e+00	0.000000000000000000e+00
1.701701701701701513e-02	0.000000000000000000e+00	0.000000000000000000e+00
1.801801801801801786e-02	0.000000000000000000e+00	0.000000000000000000e+00
1.901901901901902059e-02	0.000000000000000000e+00	0.000000000000000000e+00
2.002002002002001985e-02	0.000000000000000000e+00	0.000000000000000000e+00
2.102102102102101910e-02	0.000000000000000000e+00	0.000000000000000000e+00
2.202202202202202183e-02	0.000000000000000000e+00	0.000000000000000000e+00
2.302302302302302456e-02	0.000000000000000000e+00	0.000000000000000000e+00
2.402402402402402382e-02	0.000000000000000000e+00	0.000000000000000000e+00
2.502502502502502307e-02	0.000000000000000000e+00	7.076624788865043536e-01
2.602602602602602580e-02	2.169892346781665537e+00	-1.440364255659477122e+00
2.702702702702702853e-02	1.207315525512329790e+00	-4.566432202596054646e-01
2.802802802802802778e-02	3.469283074636893449e+00	-2.698208861938169001e+00
2.902902902902902704e-02	3.597032940833328585e+00	-2.806319301918234643e+00
3.003003003003002977e-02	2.201478190413843183e+00	-1.391907027073099101e+00
3.103103103103103250e-02	2.561657605141292926e+00	-1.734029466538561604e+00
3.203203203203203175e-02	1.192168473591350253e+00	-3.473017646355325283e-01
3.303303303303303101e-02	-1.378006900251211794e-02	8.750498969417429551e-01
3.403403403403403027e-02	1.881155645198191229e+00	-1.004334369965037776e+00
3.503503503503503647e-02	2.495791883350481744e+00	-1.604286210652197786e+00
3.603603603603603572e-02	3.729415449147857498e+00	-2.824106949565260649e+00
3.703703703703703498e-02	3.701184329435794673e+00	-2.782968222555520565e+00
3.803803803803804118e-02	2.022442373496932788e+00	-1.092226642668328473e+00
3.903903903903904044e-02	2.153302975407126230e+00	-1.212007469877622867e+00
4.004004004004003969e-02	1.399174498266054556e+00	-4.477300235828778341e-01
4.104104104104103895e-02	1.011298980394970792e+00	-5.064637797264981423e-02
4.204204204204203821e-02	7.244394755958837306e-01	2.444713076402658114e-01
4.304304304304304440e-02	4.568698640626762675e+00	-3.592487789652333063e+00
4.404404404404404366e-02	2.012651098716918607e+00	-1.030105511794290774e+00
4.504504504504504292e-02	2.146904945678422827e+00	-1.158996218738244766e+00
4.604604604604604912e-02	1.343912168812207097e+00	-3.516172011573933665e-01
4.704704704704704837e-02	3.349302135469307995e+00	-2.353602163762470223e+00
4.804804804804804763e-02	1.028345657959984338e+00	-3.022528592183804097e-02
4.904904904904904689e-02	2.340382957939176833e+00	-1.340829182717413026e+00
5.005005005005004615e-02	1.706104189804255045e+00	-7.061054259756576190e-01
5.105105105105105234e-02	2.922138443000962926e+00	-1.922683545171893549e+00
5.205205205205205160e-02	2.078524854066105210e+00	-1.080602139037861953e+00
5.305305305305305086e-02	1.432376566118161110e+00	-4.369728355841485667e-01
5.405405405405405705e-02	2.450313762920988125e+00	-1.458413327662111403e+00
5.505505505505505631e-02	2.846824991916864001e+00	-1.859408698460075060e+00
5.605605605605605557e-02	2.509013442393499105e+00	-1.527057703095992425e+00
5.705705705705705483e-02	2.730650210342999262e+00	-1.755126037861160615e+00
5.805805805805805409e-02	1.961110120690723990e+00	-9.929821677886051523e-01
5.905905905905906028e-02	2.185546240447729716e+00	-1.225771846094540596e+00
6.006006006006005954e-02	1.900981200654698444e+00	-9.505094433545868693e-01
6.106106106106105880e-02	2.107648805737242892e+00	-1.167419565027483896e+00
6.206206206206206499e-02	1.680063909048632009e+00	-7.510069360942692729e-01
6.306306306306305731e-02	9.092515013688179382e-01	7.714500427195569721e-03
6.406406406406406351e-02	2.406343395447284372e+00	-1.502375111985268186e+00
6.506506506506506970e-02	1.922714669806959042e+00	-1.032637998985053152e+00
6.606606606606606202e-02	9.493021680135985685e-01	-7.399726733578548821e-02
6.706706706706706822e-02	2.578481749454073491e+00	-1.718814169273328307e+00
6.806806806806806054e-02	1.422713644004519828e+00	-5.795334716182971579e-01
6.906906906906906674e-02	2.124330373637592473e+00	-1.298471392674049207e+00
7.007007007007007293e-02	2.605709736095013440e+00	-1.797988602021206805e+00
7.107107107107106525e-02	2.159013581065426290e+00	-1.370229013632794812e+00
7.207207207207207145e-02	2.849331874270147225e+00	-2.080263867695830271e+00
7.307307307307307764e-02	1.170749052264088208e+00	-4.221581039290975834e-01
7.407407407407406996e-02	2.270168876141578362e+00	-1.542795234568529406e+00
7.507507507507507616e-02	1.484320891938859299e+00	-7.788838247929061875e-01
7.607607607607608236e-02	1.287976676543092447e+00	-6.051737593799033643e-01
7.707707707707707467e-02	1.430294670990470030e+00	-7.708010974545739247e-01
7.807807807807808087e-02	1.575068839486447825e+00	-9.395367536420636823e-01
7.907907907907907319e-02	1.758697685222358587e+00	-1.147755536676935417e+00
8.008008008008007939e-02	8.879992053237695249e-01	-3.022511277819301956e-01
8.108108108108108558e-02	2.154737377054985359e+00	-1.594762590917389922e+00
8.208208208208207790e-02	1.808784657250898320e+00	-1.275136896848775736e+00
8.308308308308308410e-02	5.237075937367696721e-01	-1.691455976849709497e-02
8.408408408408407642e-02	2.335149565710390451e+00	-1.855712403421580614e+00
8.508508508508508261e-02	2.540832083612086123e+00	-2.089224887235190842e+00
8.608608608608608881e-02	2.107656519397577810e+00	-1.684325863341043394e+00
8.708708708708708113e-02	1.325166096474457378e+00	-9.305305937250163417e-01
8.808808808808808732e-02	8.071076938190506755e-01	-4.415575819938316604e-01
8.908908908908909352e-02	1.917231252415083631e+00	-1.581128007872867780e+00
9.009009009009008584e-02	1.054893832809859155e+00	-7.485698132030753627e-01
9.109109109109109204e-02	1.929024275096871355e+00	-1.652782390717796979e+00
9.209209209209209823e-02	1.317730354765158651e+00	-1.071843769011308511e+00
9.309309309309309055e-02	1.698193567508279322e+00	-1.482905426763188927e+00
9.409409409409409675e-02	1.328239852823358547e+00	-1.143763046019866003e+00
9.509509509509508907e-02	1.427430880345965214e+00	-1.273947828449748521e+00
9.609609609609609526e-02	1.025591383848622584e+00	-9.032538594701652324e-01
9.709709709709710146e-02	1.783963245552467214e+00	-1.692892222865826524e+00
9.809809809809809378e-02	1.003005809481823940e+00	-9.432913445986136347e-01
9.909909909909909997e-02	1.060517457746787739e+00	-1.032218599663669467e+00
1.001001001001000923e-01	1.695609446234884299e+00	-1.698754178442620333e+00
1.011011011011010985e-01	2.690102608245710791e-01	-3.035954736363882800e-01
1.021021021021021047e-01	2.088491694085025663e-01	-2.748406630351232227e-01
1.031031031031030970e-01	1.077888281509969293e+00	-1.175220799878271549e+00
1.041041041041041032e-01	1.003503870886969240e-01	-2.289276823705654051e-01
1.051051051051051094e-01	1.350179505634372834e+00	-1.509874433421922291e+00
1.061061061061061017e-01	3.084687597397091086e-01	-4.991234047727735601e-01
1.071071071071071079e-01	7.778462642478509159e-02	-2.992104587463439991e-01
1.081081081081081141e-01	1.111688218563904318e+00	-1.363666279949029558e+00
1.091091091091091064e-01	8.528087533097846729e-01	-1.135089873783756254e+00
1.101101101101101126e-01	9.142440198727684875e-01	-1.226549064104258013e+00
1.111111111111111049e-01	5.021808906381538540e-01	-8.442010339638220673e-01
1.121121121121121111e-01	-1.754821179217858351e-01	-1.959149158857820539e-01
1.131131131131131173e-01	7.748322631455770715e-01	-1.175238929313380920e+00
1.141141141141141097e-01	-5.656628790905761373e-02	-3.724540661532687036e-01
1.151151151151151159e-01	2.590398799925077711e-01	-7.162496826715869513e-01
1.161161161161161082e-01	2.247657863946010692e-01	-7.097129231120883341e-01
1.171171171171171144e-01	-1.932733931372404013e-01	-3.189315348158737184e-01
1.181181181181181206e-01	-3.624215142333987727e-02	-5.027140709368765892e-01
1.191191191191191129e-01	1.011688126809504040e-02	-5.752914480334877512e-01
1.201201201201201191e-01	-2.252541291056990302e-01	-3.655799059002587392e-01
1.211211211211211253e-01	-7.515757473979081116e-01	1.356664938307285961e-01
1.221221221221221176e-01	-4.567179182846180518e-01	-1.836575083884077753e-01
1.231231231231231238e-01	-1.758351295117058233e-01	-4.883732312939081388e-01
1.241241241241241300e-01	-8.367828330751265753e-01	1.493983444460164067e-01
1.251251251251251362e-01	-8.083294758421231130e-01	9.844858354769447928e-02
1.261261261261261146e-01	-9.278447455760326923e-01	1.961694194743547337e-01
1.271271271271271208e-01	-2.440358764633000221e-01	-5.087103620346545840e-01
1.281281281281281270e-01	-5.751187155645037796e-01	-1.979540778242137034e-01
1.291291291291291332e-01	-6.296603598017516124e-01	-1.629745309399330822e-01
1.301301301301301394e-01	-1.056105285045715547e+00	2.446920985828496820e-01
1.311311311311311179e-01	-7.209375262400880002e-01	-1.084515852849944340e-01
1.321321321321321240e-01	-1.101109992266923854e+00	2.545651019368634360e-01
1.331331331331331302e-01	-9.997025063170515979e-01	1.368389480311205109e-01
1.341341341341341364e-01	-1.290887259851220215e+00	4.125582812684513989e-01
1.351351351351351426e-01	-9.981482816574664962e-01	1.052224235078981218e-01
1.361361361361361211e-01	-1.076004351775568413e+00	1.693645889986794550e-01
1.371371371371371273e-01	-1.324064928610010572e+00	4.046077972198054429e-01
1.381381381381381335e-01	-1.233580510909223937e+00	3.022152214493699640e-01
1.391391391391391397e-01	-1.722019220578943965e+00	7.796667590446253460e-01
1.401401401401401459e-01	-1.942338245828956866e+00	9.899304629445053738e-01
1.411411411411411521e-01	-1.445660464331771644e+00	4.841391540846460284e-01
1.421421421421421305e-01	-1.550324035749871321e+00	5.806400040921837480e-01
1.431431431431431367e-01	-1.449234841903767279e+00	4.723469665422747044e-01
1.441441441441441429e-01	-9.371460706635830196e-01	-4.597964713212110421e-02
1.451451451451451491e-01	-1.359411979821985472e+00	3.710205891885127727e-01
1.461461461461461553e-01	-1.913729924318850584e+00	9.210502374353303212e-01
1.471471471471471337e-01	-1.335213556176543470e+00	3.392271901374391829e-01
1.481481481481481399e-01	-2.130892510787058214e+00	1.132584352515789927e+00
1.491491491491491461e-01	-1.903714299168117075e+00	9.040715315058871493e-01
1.501501501501501523e-01	-1.809838258997217064e+00	8.098493845215030129e-01
1.511511511511511585e-01	-1.255404109431278004e+00	2.560579729692971096e-01
1.521521521521521647e-01	-2.050119401647900741e+00	1.052404212451639287e+00
1.531531531531531432e-01	-2.132564452853733972e+00	1.137466807403467950e+00
1.541541541541541493e-01	-1.952271745304561712e+00	9.607756517071768254e-01
1.551551551551551555e-01	-2.122964798276611997e+00	1.136050703223451919e+00
1.561561561561561617e-01	-1.601556258373965314e+00	6.202000776204058541e-01
1.571571571571571679e-01	-2.253309523739849052e+00	1.278481677065314903e+00
1.581581581581581464e-01	-2.313340309210774048e+00	1.346004760813483747e+00
1.591591591591591526e-01	-2.108033909650314452e+00	1.149147214925664517e+00
1.601601601601601588e-01	-2.161397825641077297e+00	1.211908185286263873e+00
1.611611611611611650e-01	-1.423768312523149504e+00	4.846146349033815248e-01
1.621621621621621712e-01	-1.666765141719374510e+00	7.388761144228650490e-01
1.631631631631631496e-01	-1.917634683935757867e+00	1.001927855435588377e+00
1.641641641641641558e-01	-2.291659059402521237e+00	1.389039931733486943e+00
1.651651651651651620e-01	-1.619418429603821208e+00	7.307795629514651781e-01
1.661661661661661682e-01	-2.180196935126058833e+00	1.306417065213330231e+00
1.671671671671671744e-01	-2.374969613302005289e+00	1.516912782446317998e+00
1.681681681681681528e-01	-1.559070086495590202e+00	7.175847891955398072e-01
1.691691691691691590e-01	-1.853170054144445134e+00	1.029088398041080765e+00
1.701701701701701652e-01	-1.661255846115819779e+00	8.553927291581502335e-01
1.711711711711711714e-01	-1.776104839972818761e+00	9.892571446012284886e-01
1.721721721721721776e-01	-1.606187101037784615e+00	8.391329061821857227e-01
1.731731731731731838e-01	-1.994403044769695432e+00	1.247900856441643391e+00
1.741741741741741623e-01	-2.095424410712390273e+00	1.370212411951992504e+00
1.751751751751751685e-01	-1.551741037184134253e+00	8.485363581034501834e-01
1.761761761761761746e-01	-2.023670353252305709e+00	1.343168361897053131e+00
1.771771771771771808e-01	-1.957746414365481247e+00	1.300620029096292818e+00
1.781781781781781870e-01	-1.845875851035594817e+00	1.212774875108773909e+00
1.791791791791791655e-01	-1.671099654315644667e+00	1.062650133321426882e+00
1.801801801801801717e-01	-1.731246825917301058e+00	1.148050428711027138e+00
1.811811811811811779e-01	-2.061905067868581298e+00	1.504538491606938866e+00
1.821821821821821841e-01	-1.798683763507977540e+00	1.267698163378657039e+00
1.831831831831831903e-01	-2.243870980654036895e+00	1.739791424862712432e+00
1.841841841841841965e-01	-1.350022652175156823e+00	8.733476027287296883e-01
1.851851851851851749e-01	-1.978683212821709558e+00	1.529884032621247059e+00
1.861861861861861811e-01	-1.882659463001773226e+00	1.462179949732558937e+00
1.871871871871871873e-01	-1.530475855310429623e+00	1.138731802590031705e+00
1.881881881881881935e-01	-1.734451826369094229e+00	1.371830612587426890e+00
1.891891891891891997e-01	-9.431405310009828291e-01	6.100007362589251469e-01
1.901901901901901781e-01	-1.771820068913209756e+00	1.468491120438582431e+00
1.911911911911911843e-01	-1.231935480973846087e+00	9.587173273653797345e-01
1.921921921921921905e-01	-1.219329689811545547e+00	9.764925044329582082e-01
1.931931931931931967e-01	-1.561265282510983177e+00	1.349049196328475420e+00
1.941941941941942029e-01	-1.012718910100977476e+00	8.313337742283266607e-01
1.951951951951951814e-01	-1.188818208224228457e+00	1.038443386410291547e+00
1.961961961961961876e-01	-8.454231872599879960e-01	7.262073785238137846e-01
1.971971971971971938e-01	-7.722453786982999002e-01	6.843064702872380112e-01
1.981981981981981999e-01	-2.395587228282222148e-01	1.829836736444294953e-01
1.991991991991992061e-01	-3.423058154696629884e-01	3.171505700802870198e-01
2.002002002002001846e-01	-8.034433333149082479e-01	8.097327666309752647e-01
2.012012012012011908e-01	-6.864753239284957509e-01	7.242032166072124300e-01
2.022022022022021970e-01	-1.830969448485046391e-01	2.522259894432890004e-01
2.032032032032032032e-01	-2.128092733063254305e-01	3.132711111584934871e-01
2.042042042042042094e-01	-1.339175350475249604e-01	2.656128238831488853e-01
2.052052052052052156e-01	-7.579727516672657428e-01	9.207712638323597432e-01
2.062062062062061940e-01	-1.937612165706438239e-01	3.875019678075405927e-01
2.072072072072072002e-01	-3.372595159293488853e-01	5.617509245669208839e-01
2.082082082082082064e-01	9.823908724324488528e-02	1.567809891570652314e-01
2.092092092092092126e-01	3.189014551375052298e-02	2.534064205602991615e-01
2.102102102102102188e-01	4.650792553552649533e-01	-1.497883167797623427e-01
2.112112112112111972e-01	4.037443830265129985e-01	-5.877084923192293919e-02
2.122122122122122034e-01	6.261757152890211620e-01	-2.518607153650024300e-01
2.132132132132132096e-01	3.388693726867514355e-01	6.441694979722906167e-02
2.142142142142142158e-01	1.880139428880372998e-01	2.438449101252596063e-01
2.152152152152152220e-01	4.330602296460537293e-01	2.694410775255706714e-02
2.162162162162162282e-01	6.006065567759600876e-01	-1.129116129623255471e-01
2.172172172172172067e-01	7.904404661212134364e-01	-2.755371758804012750e-01
2.182182182182182129e-01	1.500149942626611610e+00	-9.585474710784218644e-01
2.192192192192192191e-01	8.819551534824778827e-01	-3.141890673877700824e-01
2.202202202202202252e-01	6.556809263252501019e-01	-6.231266448762962096e-02
2.212212212212212314e-01	8.565356372021316611e-01	-2.381519552859159283e-01
2.222222222222222099e-01	8.420335947603080351e-01	-1.992459850737695604e-01
2.232232232232232161e-01	1.119979279817977291e+00	-4.534233666356058956e-01
2.242242242242242223e-01	5.065103320136090659e-01	1.831547569646524432e-01
2.252252252252252285e-01	1.038085369025312454e+00	-3.259930835942871363e-01
2.262262262262262347e-01	1.132801983685939540e+00	-3.989866584092117696e-01
2.272272272272272131e-01	1.182033863823140241e+00	-4.272211362623418163e-01
2.282282282282282193e-01	9.578954729587850769e-01	-1.828317440791836779e-01
2.292292292292292255e-01	1.086217440158415704e+00	-2.916691362459721271e-01
2.302302302302302317e-01	8.021373124942761113e-01	1.110987272945695992e-02
2.312312312312312379e-01	1.105070646889253938e+00	-2.739287645735606347e-01
2.322322322322322163e-01	1.145239968387778084e+00	-2.970252684749763450e-01
2.332332332332332225e-01	1.472109609289620202e+00	-6.076608538297556539e-01
2.342342342342342287e-01	1.032477286803131111e+00	-1.526492909867019909e-01
2.352352352352352349e-01	1.629644053024091876e+00	-7.353068398930647787e-01
2.362362362362362411e-01	1.913335694144640886e+00	-1.005373634265094740e+00
2.372372372372372473e-01	8.402949573279182571e-01	8.039410572494498641e-02
2.382382382382382258e-01	1.625286168895975214e+00	-6.927805314162679418e-01
2.392392392392392320e-01	1.784847439495191868e+00	-8.414473412236109784e-01
2.402402402402402382e-01	1.435363457384472241e+00	-4.820017850070431598e-01
2.412412412412412444e-01	1.526719875321749242e+00	-5.643393660851158122e-01
2.422422422422422505e-01	1.619144249912993105e+00	-6.486965593931961482e-01
2.432432432432432290e-01	1.523129472916101124e+00	-5.455742339684150899e-01
2.442442442442442352e-01	1.540367459140385753e+00	-5.566713329607757554e-01
2.452452452452452414e-01	1.151996663663336307e+00	-1.631323838999005904e-01
2.462462462462462476e-01	2.036730206893555550e+00	-1.043675617753187845e+00
2.472472472472472538e-01	2.085989932369884059e+00	-1.089727021671329510e+00
2.482482482482482600e-01	1.522489153754087221e+00	-5.240030818835648141e-01
2.492492492492492384e-01	1.356299582136292425e+00	-3.565777078659037036e-01
2.502502502502502724e-01	1.959264384164473460e+00	-9.592952882967266115e-01
2.512512512512512508e-01	1.636323158766906261e+00	-6.370956665708268352e-01
2.522522522522522292e-01	1.853165919167021558e+00	-8.556681225725217832e-01
2.532532532532532632e-01	1.740158596555730020e+00	-7.453768770731447058e-01
2.542542542542542416e-01	2.068466639181459232e+00	-1.077384692512439512e+00
2.552552552552552756e-01	2.141169179970745073e+00	-1.154767043275030769e+00
2.562562562562562540e-01	1.730402458241002916e+00	-7.496555410209631010e-01
2.572572572572572325e-01	1.518679144189476915e+00	-5.445572637507405389e-01
2.582582582582582664e-01	1.401449261358507226e+00	-4.349156838004657466e-01
2.592592592592592449e-01	2.085456236070685421e+00	-1.127466723755196520e+00
2.602602602602602788e-01	1.504718260498115079e+00	-5.562201269383199032e-01
2.612612612612612573e-01	1.634941400235258246e+00	-6.968725733390919164e-01
2.622622622622622357e-01	1.647432942180627746e+00	-7.207210367753423830e-01
2.632632632632632697e-01	1.780300333765873155e+00	-8.658617343207071215e-01
2.642642642642642481e-01	1.148160442317986751e+00	-2.468993967720418681e-01
2.652652652652652820e-01	1.771902928361846374e+00	-8.847106539532422209e-01
2.662662662662662605e-01	1.881489185080260862e+00	-1.009242987060774643e+00
2.672672672672672389e-01	1.746172797293146450e+00	-8.897352013997997799e-01
2.682682682682682729e-01	1.612293843747482081e+00	-7.725117432889426761e-01
2.692692692692692513e-01	1.721525366523308342e+00	-8.992291849244984370e-01
2.702702702702702853e-01	1.848857789458058676e+00	-1.044860659091117583e+00
2.712712712712712637e-01	7.934138292210111132e-01	-8.510787334606417787e-03
2.722722722722722422e-01	2.153753409581624645e+00	-1.388720612123733433e+00
2.732732732732732761e-01	1.711917884326589867e+00	-9.675118384381710124e-01
2.742742742742742545e-01	1.407189924570469763e+00	-6.841467405089595166e-01
2.752752752752752885e-01	1.423356239316336147e+00	-7.223909025487391666e-01
2.762762762762762669e-01	1.677032402956840640e+00	-9.988380671421737134e-01
2.772772772772773009e-01	1.458997657971629947e+00	-8.042449595318958977e-01
2.782782782782782793e-01	8.204222581190068198e-01	-1.897586530764493462e-01
2.792792792792792578e-01	2.001442811337264427e+00	-1.395491935073714718e+00
2.802802802802802917e-01	1.311955362133281344e+00	-7.313164127046759555e-01
2.812812812812812702e-01	1.648698881786919479e+00	-1.093946027402801224e+00
2.822822822822823041e-01	1.134689534167779623e+00	-6.063713454217288801e-01
2.832832832832832826e-01	1.825513652463913061e+00	-1.324152559876306423e+00
2.842842842842842610e-01	1.410647414467738114e+00	-9.367391918772944859e-01
2.852852852852852950e-01	1.510699919704930894e+00	-1.064713194019854647e+00
2.862862862862862734e-01	9.707443855773540964e-01	-5.531201733708872581e-01
2.872872872872873073e-01	1.624505696165169821e+00	-1.235656967573782516e+00
2.882882882882882858e-01	1.446193081946661962e+00	-1.086504352302125165e+00
2.892892892892892642e-01	1.667718905066590596e+00	-1.337545854665753042e+00
2.902902902902902982e-01	1.035249244729294027e+00	-7.349183671175429922e-01
2.912912912912912766e-01	9.933447742037350148e-01	-7.231530533199524990e-01
2.922922922922923106e-01	1.805487671393988469e+00	-1.565702287896252320e+00
2.932932932932932890e-01	7.599211214046938112e-01	-5.507791884671265903e-01
2.942942942942942675e-01	9.618004321793224287e-01	-7.835087610213451459e-01
2.952952952952953014e-01	1.292168233252638077e+00	-1.144903128632497546e+00
2.962962962962962798e-01	1.021198526874646406e+00	-9.051056127494153669e-01
2.972972972972973138e-01	1.060246591091263735e+00	-9.754406666157540151e-01
2.982982982982982922e-01	6.943767730099977831e-01	-6.409416990169400918e-01
2.992992992992992707e-01	8.858670320469236303e-01	-8.638556481206942639e-01
3.003003003003003046e-01	3.156340685378234423e-01	-3.250681407637204257e-01
3.013013013013012831e-01	1.141256388367198449e+00	-1.182126587807908802e+00
3.023023023023023170e-01	5.687752256939166973e-01	-6.410411376145044304e-01
3.033033033033032955e-01	3.855669589031684996e-01	-4.891571227354070683e-01
3.043043043043043294e-01	6.681972908748471385e-01	-8.030092708814309255e-01
3.053053053053053079e-01	2.710529907109644476e-01	-4.369534772796775934e-01
3.063063063063062863e-01	-1.133550676032767796e-01	-8.346987386442696055e-02
3.073073073073073203e-01	-1.994843494622253188e-01	-2.807041541385740802e-02
3.083083083083082987e-01	2.986457332112371632e-01	-5.567053026400863303e-01
3.093093093093093326e-01	-2.300909184912292016e-02	-2.653000984230997616e-01
3.103103103103103111e-01	-1.008024717890159405e-01	-2.174712431032919946e-01
3.113113113113112895e-01	2.479992578481977350e-01	-5.959227705424813282e-01
3.123123123123123235e-01	-5.182244128900123092e-01	1.409951485872424914e-01
3.133133133133133019e-01	-5.093709693439185671e-01	1.032089787894476252e-01
3.143143143143143359e-01	-5.226717390556411269e-01	8.797865790124509422e-02
3.153153153153153143e-01	-4.251710840897370836e-01	-3.762323887756097163e-02
3.163163163163162928e-01	-5.126868771319563756e-01	2.224894921553655092e-02
3.173173173173173267e-01	-7.215084237296089942e-01	2.039118632677310305e-01
3.183183183183183051e-01	-6.873337913040493685e-01	1.430904266724706275e-01
3.193193193193193391e-01	-7.594497350862838836e-01	1.890977445083824593e-01
3.203203203203203175e-01	-1.050192449202461908e+00	4.542958285685639863e-01
3.213213213213212960e-01	-1.162860862722408628e+00	5.420088678791660231e-01
3.223223223223223299e-01	-9.174125021112414791e-01	2.722190661725488736e-01
3.233233233233233084e-01	-1.324007511122016423e+00	6.551106373776774960e-01
3.243243243243243423e-01	-1.502538874439180328e+00	8.106000054616344652e-01
3.253253253253253208e-01	-1.285245879478132958e+00	5.709492430511120542e-01
3.263263263263262992e-01	-1.349544789504813380e+00	6.135967220207111383e-01
3.273273273273273332e-01	-6.378000099180147764e-01	-1.190717420869772392e-01
3.283283283283283116e-01	-1.541525188410992842e+00	7.644781889287051158e-01
3.293293293293293456e-01	-1.110782342475275852e+00	3.143284829703462124e-01
3.303303303303303240e-01	-1.180680684787961843e+00	3.656075433016999776e-01
3.313313313313313024e-01	-1.781303782623958387e+00	9.484173489831860815e-01
3.323323323323323364e-01	-1.201348478289859800e+00	3.514723570991734602e-01
3.333333333333333148e-01	-1.866133220660914249e+00	1.000107816876476541e+00
3.343343343343343488e-01	-2.410177614367404519e+00	1.528859302257597363e+00
3.353353353353353272e-01	-1.493455414992399977e+00	5.977156913071450806e-01
3.363363363363363057e-01	-2.299514857296166781e+00	1.390239479482278551e+00
3.373373373373373396e-01	-1.658943048337831350e+00	7.370311586526064884e-01
3.383383383383383181e-01	-2.022835772312004288e+00	1.089199008701158267e+00
3.393393393393393520e-01	-1.325581217741352402e+00	3.811428123605234974e-01
3.403403403403403304e-01	-1.501736542282665399e+00	5.474304085539170028e-01
3.413413413413413644e-01	-1.985715966061092574e+00	1.022485775167179867e+00
3.423423423423423428e-01	-2.098254397113470393e+00	1.127052644843094420e+00
3.433433433433433213e-01	-2.315886064984639336e+00	1.337673129851431053e+00
3.443443443443443552e-01	-2.134015249724863672e+00	1.149758443291495125e+00
3.453453453453453337e-01	-2.102941234714908791e+00	1.113613845061415253e+00
3.463463463463463676e-01	-2.140242769408337242e+00	1.146823098690526566e+00
3.473473473473473461e-01	-2.018981318738120923e+00	1.022451715787784154e+00
3.483483483483483245e-01	-1.876197974080285880e+00	8.775438630038294718e-01
3.493493493493493585e-01	-1.917198378715725626e+00	9.174072844517995318e-01
3.503503503503503369e-01	-2.270466524513467199e+00	1.270527096313173399e+00
3.513513513513513709e-01	-2.521617287464203550e+00	1.522518321259521912e+00
3.523523523523523493e-01	-1.760944551693975235e+00	7.636740123211425146e-01
3.533533533533533277e-01	-2.364719941439832329e+00	1.370263985684554653e+00
3.543543543543543617e-01	-2.417054583212573160e+00	1.426396584643141452e+00
3.553553553553553401e-01	-2.431235476385092298e+00	1.445355052937696172e+00
3.563563563563563741e-01	-2.842937677441264022e+00	1.862809722719087624e+00
3.573573573573573525e-01	-2.501447345007057788e+00	1.528041064251055126e+00
3.583583583583583310e-01	-2.489380470799634537e+00	1.523658422484279296e+00
3.593593593593593649e-01	-2.078475306260640920e+00	1.121392450262370222e+00
3.603603603603603434e-01	-2.057255826807572241e+00	1.109758580087142121e+00
3.613613613613613773e-01	-2.204002379776492493e+00	1.267027680509054566e+00
3.623623623623623557e-01	-1.924005017033918907e+00	9.984793981122406237e-01
3.633633633633633342e-01	-2.060268668496129330e+00	1.147107341323145846e+00
3.643643643643643681e-01	-2.214539603039031856e+00	1.314645552515713467e+00
3.653653653653653466e-01	-2.191793171319024847e+00	1.306056262922494549e+00
3.663663663663663805e-01	-2.282019423893426158e+00	1.411315523728298604e+00
3.673673673673673590e-01	-2.328673221576205155e+00	1.473863330269278293e+00
3.683683683683683929e-01	-2.257873109521627786e+00	1.419802510816401631e+00
3.693693693693693714e-01	-2.523151753011334542e+00	1.702649177904246525e+00
3.703703703703703498e-01	-2.096659911396089093e+00	1.294536718641044803e+00
3.713713713713713838e-01	-2.475082694812525741e+00	1.692132068604062400e+00
3.723723723723723622e-01	-1.918639405406188825e+00	1.155635571034661524e+00
3.733733733733733962e-01	-2.246898016834674827e+00	1.504595475089065548e+00
3.743743743743743746e-01	-2.160442230036089928e+00	1.439575011111503988e+00
3.753753753753753530e-01	-1.973938944908280924e+00	1.275219882555912676e+00
3.763763763763763870e-01	-1.837203415728450029e+00	1.161323442365770342e+00
3.773773773773773654e-01	-2.557324336225970995e+00	1.904951799704179827e+00
3.783783783783783994e-01	-2.133027407293277555e+00	1.504807409997634959e+00
3.793793793793793778e-01	-1.740435728128143511e+00	1.136989489064717418e+00
3.803803803803803563e-01	-2.495415900171116697e+00	1.917340140670744653e+00
3.813813813813813902e-01	-1.787510726263275673e+00	1.235377079910205955e+00
3.823823823823823687e-01	-2.580951535755822146e+00	2.055305983124500635e+00
3.833833833833834026e-01	-2.220288057034550455e+00	1.721650385793558335e+00
3.843843843843843811e-01	-1.904127761531752894e+00	1.432991052448734592e+00
3.853853853853853595e-01	-2.445893783640396890e+00	2.002723922996269224e+00
3.863863863863863934e-01	-2.257502296825993238e+00	1.842737515720586305e+00
3.873873873873873719e-01	-2.456031024222641523e+00	2.070081465227311401e+00
3.883883883883884058e-01	-1.464749275896406466e+00	1.107996587482175332e+00
3.893893893893893843e-01	-1.830421455335931036e+00	1.503218414478158627e+00
3.903903903903903627e-01	-1.645277479238259843e+00	1.347947642571087012e+00
3.913913913913913967e-01	-1.817565513242913156e+00	1.550402897108391631e+00
3.923923923923923751e-01	-1.796530999410959284e+00	1.559799789119277857e+00
3.933933933933934091e-01	-2.158926557487538034e+00	1.952860846075845647e+00
3.943943943943943875e-01	-1.683419866398992104e+00	1.508223423147121878e+00
3.953953953953953659e-01	-1.800200041752434199e+00	1.656046110684474826e+00
3.963963963963963999e-01	-1.187139991146338502e+00	1.074171119717264977e+00
3.973973973973973783e-01	-1.020656129647627530e+00	9.389840277844203609e-01
3.983983983983984123e-01	-7.756569168063246478e-01	7.253623464429582723e-01
3.993993993993993907e-01	-8.386903391875237812e-01	8.198230344030567052e-01
4.004004004004003692e-01	-1.227205083284951481e+00	1.239783701123691184e+00
4.014014014014014031e-01	-1.378803104513858013e+00	1.422815206536238497e+00
4.024024024024023816e-01	-6.528303982732315269e-01	7.282324628556322565e-01
4.034034034034034155e-01	-6.623963500406185867e-01	7.691138154119768755e-01
4.044044044044043940e-01	-1.312346412438097021e+00	1.450273750410750129e+00
4.054054054054054279e-01	-5.247775868089159523e-01	6.937784071307648848e-01
4.064064064064064064e-01	-2.872365478341499800e-01	4.871437330589547532e-01
4.074074074074073848e-01	-3.091924362077966837e-01	5.398083069502355169e-01
4.084084084084084187e-01	-2.524038020933230264e-01	5.135003125054119488e-01
4.094094094094093972e-01	-3.829812470303111116e-01	6.743002103058575170e-01
4.104104104104104311e-01	-4.684273495765604034e-01	7.896806932607036700e-01
4.114114114114114096e-01	3.508920481044207063e-01	-2.199725309048883304e-05
4.124124124124123880e-01	1.764183598668245256e-01	2.037214382567705262e-01
4.134134134134134220e-01	1.982306502486228528e-01	2.108029916921232982e-01
4.144144144144144004e-01	9.270626956163285914e-01	-4.895396851594254195e-01
4.154154154154154344e-01	7.191990739465833338e-01	-2.536193421526254932e-01
4.164164164164164128e-01	7.445755324999018265e-01	-2.513994706004280544e-01
4.174174174174173912e-01	7.889047929315149421e-01	-2.686200809499363906e-01
4.184184184184184252e-01	1.418880262745964682e+00	-8.720013872523374454e-01
4.194194194194194036e-01	1.653346122638407856e+00	-1.080413867996389277e+00
4.204204204204204376e-01	1.585187379166665522e+00	-9.867682927757384093e-01
4.214214214214214160e-01	1.551009057087723964e+00	-9.276948891495081506e-01
4.224224224224223945e-01	7.087206510075885202e-01	-6.112776937019515078e-02
4.234234234234234284e-01	1.364545166098449114e+00	-6.933139467575468728e-01
4.244244244244244069e-01	1.322536004282756084e+00	-6.283301981420337246e-01
4.254254254254254408e-01	1.494134946255253782e+00	-7.776410227724706026e-01
4.264264264264264193e-01	1.905830601478611497e+00	-1.167757069846273588e+00
4.274274274274273977e-01	7.556415997824128539e-01	3.281691685675158787e-03
4.284284284284284317e-01	1.410423057856427409e+00	-6.314004722729369412e-01
4.294294294294294101e-01	1.813606043971651927e+00	-1.015254505297246368e+00
4.304304304304304440e-01	1.629457337878576828e+00	-8.125663006856717052e-01
4.314314314314314225e-01	1.319326338483913341e+00	-4.847035902360961046e-01
4.324324324324324564e-01	2.077267200796875102e+00	-1.225738063063563921e+00
4.334334334334334349e-01	1.986718475893466396e+00	-1.119124988225864925e+00
4.344344344344344133e-01	1.677752295771697710e+00	-7.949523830470787145e-01
4.354354354354354473e-01	2.183097350622789978e+00	-1.285963974680476296e+00
4.364364364364364257e-01	2.381946978902338419e+00	-1.471367275310303091e+00
4.374374374374374597e-01	2.210539452074401279e+00	-1.287413852880089138e+00
4.384384384384384381e-01	2.533040074509980588e+00	-1.598281417842829732e+00
4.394394394394394165e-01	2.296564170153419848e+00	-1.351096797559556917e+00
4.404404404404404505e-01	2.156336432941085679e+00	-1.201095275342798807e+00
4.414414414414414289e-01	1.911386156137108827e+00	-9.473158093209584907e-01
4.424424424424424629e-01	2.250946964494089819e+00	-1.279000755041856063e+00
4.434434434434434413e-01	2.311045825320512836e+00	-1.332184867906651471e+00
4.444444444444444198e-01	2.505427528587929942e+00	-1.520619775575722255e+00
4.454454454454454537e-01	2.207515077149423632e+00	-1.217734361425640177e+00
4.464464464464464322e-01	2.397860386836865754e+00	-1.404085458831441757e+00
4.474474474474474661e-01	2.066322737923182551e+00	-1.069536297766148225e+00
4.484484484484484446e-01	2.106150505104899207e+00	-1.107338230877630059e+00
4.494494494494494230e-01	2.324619801804673536e+00	-1.324769374846373138e+00
4.504504504504504570e-01	2.024975820345350730e+00	-1.025075948578601848e+00
4.514514514514514354e-01	2.578501302960545694e+00	-1.579540743201718112e+00
4.524524524524524693e-01	2.629809477049844357e+00	-1.632776057271154269e+00
4.534534534534534478e-01	2.626758434277961740e+00	-1.632638076788022197e+00
4.544544544544544262e-01	2.657897369165075574e+00	-1.667673115673876882e+00
4.554554554554554602e-01	3.256602208622576988e+00	-2.271253248154960325e+00
4.564564564564564386e-01	2.586118883956744607e+00	-1.606619584575628146e+00
4.574574574574574726e-01	1.960611782151261417e+00	-9.879307274481012868e-01
4.584584584584584510e-01	2.649930903882424360e+00	-1.685029935187685179e+00
4.594594594594594295e-01	2.616239064045053908e+00	-1.660072329305802619e+00
4.604604604604604634e-01	2.443100922719890988e+00	-1.496613932985038531e+00
4.614614614614614418e-01	2.228251407592527045e+00	-1.292380102038714451e+00
4.624624624624624758e-01	2.356690995727263260e+00	-1.432360816149954585e+00
4.634634634634634542e-01	2.498403452958064541e+00	-1.586528428643030564e+00
4.644644644644644327e-01	2.264081217979625471e+00	-1.365563061859757177e+00
4.654654654654654666e-01	3.206139486258640314e+00	-2.321866703249862773e+00
4.664664664664664451e-01	2.226413314465442550e+00	-1.357260322863442781e+00
4.674674674674674790e-01	2.224462283194203582e+00	-1.371288550000810957e+00
4.684684684684684575e-01	1.666828290970070681e+00	-8.304774820042939432e-01
4.694694694694694914e-01	2.346096869693395703e+00	-1.527396015327567191e+00
4.704704704704704699e-01	1.586277546203229027e+00	-7.860362235491966665e-01
4.714714714714714483e-01	1.939374659574952586e+00	-1.158384191929033857e+00
4.724724724724724823e-01	2.012522731391794384e+00	-1.251555405730126802e+00
4.734734734734734607e-01	1.856618246377210069e+00	-1.116426549675265445e+00
4.744744744744744946e-01	2.602376016001685333e+00	-1.883691891133147500e+00
4.754754754754754731e-01	2.436052613972904624e+00	-1.739586735923682070e+00
4.764764764764764515e-01	2.509421976693171796e+00	-1.835863049806305547e+00
4.774774774774774855e-01	1.776328760205659218e+00	-1.126342837152012333e+00
4.784784784784784639e-01	2.345156265588828060e+00	-1.719386088737020701e+00
4.794794794794794979e-01	2.122470865381575589e+00	-1.521535231218452910e+00
4.804804804804804763e-01	2.099410835228311178e+00	-1.523903982458420181e+00
4.814814814814814548e-01	2.185424167261287742e+00	-1.635915189190480845e+00
4.824824824824824887e-01	1.629341348265603173e+00	-1.106373630049799939e+00
4.834834834834834671e-01	1.687015071471949401e+00	-1.191105752787559480e+00
4.844844844844845011e-01	2.038434792639463478e+00	-1.570074256306802640e+00
4.854854854854854795e-01	8.776901911891608066e-01	-4.373415782545414521e-01
4.864864864864864580e-01	2.120878611617157627e+00	-1.708977363373163527e+00
4.874874874874874919e-01	1.824314733094853702e+00	-1.441268160491684824e+00
4.884884884884884704e-01	1.578561475400866998e+00	-1.224748356274527383e+00
4.894894894894895043e-01	1.620082868164646861e+00	-1.295853072680275275e+00
4.904904904904904828e-01	1.048219423374845860e+00	-7.538935680555636232e-01
4.914914914914914612e-01	1.201031492633114484e+00	-9.369006233165062536e-01
4.924924924924924952e-01	1.628062610982345948e+00	-1.394387915018093560e+00
4.934934934934934736e-01	1.765150608092262541e+00	-1.562163156065499825e+00
4.944944944944945076e-01	2.197941881727734970e+00	-2.025842398963566549e+00
4.954954954954954860e-01	1.409949420932674391e+00	-1.268908089007754203e+00
4.964964964964965199e-01	1.162226190919172675e+00	-1.052382479376672064e+00
4.974974974974974984e-01	1.118029347584499567e+00	-1.039491876018829641e+00
4.984984984984984768e-01	8.836146582285666629e-01	-8.364610888762591401e-01
4.994994994994995108e-01	9.998335985988799912e-01	-9.841105595418391250e-01
5.005005005005005447e-01	1.028236928311160758e+00	-1.043959967368202069e+00
5.015015015015015232e-01	7.723292821477296677e-01	-8.194828515000359692e-01
5.025025025025025016e-01	1.101341549192034641e+00	-1.179879020757703456e+00
5.035035035035034801e-01	5.811953632388133784e-01	-6.910390747813128787e-01
5.045045045045044585e-01	4.324794817101630939e-01	-5.735208136350803398e-01
5.055055055055055480e-01	2.272127337551589354e-01	-3.993122165193279116e-01
5.065065065065065264e-01	-2.686707905384920769e-01	6.568333851173052684e-02
5.075075075075075048e-01	-3.593391982353457137e-01	1.256645022710945192e-01
5.085085085085084833e-01	-3.611296877602039879e-01	9.699881844359864447e-02
5.095095095095094617e-01	2.888247471476196315e-01	-5.831506024669006472e-01
5.105105105105105512e-01	2.401745599984449475e-01	-5.644043554828170883e-01
5.115115115115115296e-01	2.906121299502962274e-01	-6.444252490766346764e-01
5.125125125125125081e-01	-6.487320739304013317e-01	2.656855013272352295e-01
5.135135135135134865e-01	-9.940681319034804231e-01	5.821668836594906526e-01
5.145145145145144649e-01	-7.359046938923756720e-01	2.955560809577574277e-01
5.155155155155155544e-01	-5.251859246292340799e-01	5.682538829657279855e-02
5.165165165165165329e-01	-4.765365907076276608e-01	-1.937272797676126146e-02
5.175175175175175113e-01	-4.002458971902769225e-01	-1.227218210255236475e-01
5.185185185185184897e-01	-7.413611812424247827e-01	1.918522031716188847e-01
5.195195195195194682e-01	-4.403633299107505561e-01	-1.351435228591381099e-01
5.205205205205205576e-01	-1.088899753154348726e+00	4.879641189912254928e-01
5.215215215215215361e-01	-1.374522064245512265e+00	7.487518873937072383e-01
5.225225225225225145e-01	-1.720028741740801115e+00	1.070042818687156450e+00
5.235235235235234930e-01	-1.561204196671209798e+00	8.876452697843443262e-01
5.245245245245244714e-01	-1.295803270770559568e+00	5.993373927213393459e-01
5.255255255255255609e-01	-1.746694629338248816e+00	1.028010504469710540e+00
5.265265265265265393e-01	-1.251771964511432245e+00	5.115802678094897304e-01
5.275275275275275177e-01	-1.171261619569879731e+00	4.102942939082118157e-01
5.285285285285284962e-01	-2.416861173209507996e+00	1.635870705563591265e+00
5.295295295295294746e-01	-1.502812924006107442e+00	7.025716013520768577e-01
5.305305305305305641e-01	-2.530334097840446717e+00	1.711633243474618871e+00
5.315315315315315425e-01	-1.748851521031588696e+00	9.125007120658136239e-01
5.325325325325325210e-01	-1.456278127958315238e+00	6.031043947649223913e-01
5.335335335335334994e-01	-1.797583325120495124e+00	9.284303335184970196e-01
5.345345345345344779e-01	-2.351688727144132240e+00	1.467415944135355810e+00
5.355355355355355673e-01	-2.271465859149687905e+00	1.372947703029820943e+00
5.365365365365365458e-01	-2.302526830131248925e+00	1.390651805816214726e+00
5.375375375375375242e-01	-2.284349038567750956e+00	1.360018858990442725e+00
5.385385385385385026e-01	-2.267038867653996093e+00	1.331167562100184831e+00
5.395395395395394811e-01	-2.266497282389058565e+00	1.320010292654207218e+00
5.405405405405405705e-01	-2.219518141527386579e+00	1.263351406788136178e+00
5.415415415415415490e-01	-2.746315860583417923e+00	1.781414891888678742e+00
5.425425425425425274e-01	-2.567738654522628838e+00	1.595057599819468930e+00
5.435435435435435059e-01	-2.052502025153001952e+00	1.073002725771885935e+00
5.445445445445444843e-01	-2.730812364311678841e+00	1.745463403844063066e+00
5.455455455455455738e-01	-2.799933411104796210e+00	1.809709157613597519e+00
5.465465465465465522e-01	-2.321326754330453657e+00	1.327206396840514335e+00
5.475475475475475307e-01	-3.447652919769443880e+00	2.450619499990753791e+00
5.485485485485485091e-01	-2.342924275030124459e+00	1.343963715271297321e+00
5.495495495495495986e-01	-2.955417483413370405e+00	1.955517611646621523e+00
5.505505505505505770e-01	-2.758928610396511605e+00	1.759078183438211207e+00
5.515515515515515554e-01	-2.908915127128013367e+00	1.910102852900744219e+00
5.525525525525525339e-01	-2.805327209136073474e+00	1.808540768979038926e+00
5.535535535535535123e-01	-3.167054605271175660e+00	2.173279677265750998e+00
5.545545545545546018e-01	-3.496866567412342697e+00	2.507085851688559686e+00
5.555555555555555802e-01	-2.865098562253913794e+00	1.880290809241705885e+00
5.565565565565565587e-01	-4.156397288478304475e+00	3.177536331064442887e+00
5.575575575575575371e-01	-3.653047047923335455e+00	2.681100838471101255e+00
5.585585585585585155e-01	-4.209989760215698595e+00	3.245919413399546816e+00
5.595595595595596050e-01	-4.087555674979689080e+00	3.132314517381402652e+00
5.605605605605605835e-01	-3.189060833099864212e+00	2.243593460506001058e+00
5.615615615615615619e-01	-3.799129035355147010e+00	2.864370378687995711e+00
5.625625625625625403e-01	-3.739785877730153807e+00	2.816660278535840334e+00
5.635635635635635188e-01	-4.434684979628650048e+00	3.524105276036614498e+00
5.645645645645646082e-01	-4.199214858873960843e+00	3.302081482931647383e+00
5.655655655655655867e-01	-3.951375152873483731e+00	3.068575240148863958e+00
5.665665665665665651e-01	-3.810120996087217549e+00	2.942527508419615412e+00
5.675675675675675436e-01	-3.677355107748381702e+00	2.825825970015068744e+00
5.685685685685685220e-01	-3.947045068670975709e+00	3.112422320423157807e+00
5.695695695695696115e-01	-3.726754745752073550e+00	2.909863708559168760e+00
5.705705705705705899e-01	-3.670042577742894441e+00	2.871691039068488216e+00
5.715715715715715683e-01	-4.503898606648712111e+00	3.724876021065219867e+00
5.725725725725725468e-01	-3.767348168332126157e+00	3.008424876864037145e+00
5.735735735735735252e-01	-3.555016873717327108e+00	2.816943342084987201e+00
5.745745745745746147e-01	-3.484589407717142873e+00	2.768095484234359915e+00
5.755755755755755931e-01	-3.754271903483692885e+00	3.060066097342969638e+00
5.765765765765765716e-01	-3.900489686224151598e+00	3.229258466883247358e+00
5.775775775775775500e-01	-4.088523569895808230e+00	3.440930688258414083e+00
5.785785785785785285e-01	-3.744738022741567640e+00	3.121423854803349496e+00
5.795795795795796179e-01	-3.196082339897453384e+00	2.597663253506526715e+00
5.805805805805805964e-01	-4.252773368781685548e+00	3.679841114139664526e+00
5.815815815815815748e-01	-3.697381338254932537e+00	3.150502462761305633e+00
5.825825825825825532e-01	-3.850993340138048726e+00	3.330708628156469064e+00
5.835835835835835317e-01	-3.072085632480712203e+00	2.578909570581235933e+00
5.845845845845846211e-01	-3.364141968712461850e+00	2.898562236918504453e+00
5.855855855855855996e-01	-3.440637951290695273e+00	3.003114940833789603e+00
5.865865865865865780e-01	-3.297309740266808120e+00	2.888276098326062247e+00
5.875875875875875565e-01	-3.001734709406996604e+00	2.621594911283398943e+00
5.885885885885885349e-01	-3.049395188176956761e+00	2.698525137325623824e+00
5.895895895895896244e-01	-3.889273719569911414e+00	3.568020375885767148e+00
5.905905905905906028e-01	-2.737325165563234464e+00	2.446006202287688502e+00
5.915915915915915813e-01	-2.660479628297198307e+00	2.399383117885109939e+00
5.925925925925925597e-01	-2.808611739459135226e+00	2.577995868716693284e+00
5.935935935935935381e-01	-3.033154301776137984e+00	2.833247116551330436e+00
5.945945945945946276e-01	-2.526087485958169232e+00	2.357086665636319189e+00
5.955955955955956060e-01	-2.412726064820951866e+00	2.274798726848299424e+00
5.965965965965965845e-01	-2.441018760715614633e+00	2.334301295344255234e+00
5.975975975975975629e-01	-2.271395010352130761e+00	2.195992945769726923e+00
5.985985985985985414e-01	-2.486532112098939873e+00	2.442520010076554726e+00
5.995995995995996308e-01	-2.209158697176185182e+00	2.196580079337445923e+00
6.006006006006006093e-01	-2.571886147915020793e+00	2.590753452699488424e+00
6.016016016016015877e-01	-1.790544600688483756e+00	1.840839171051849021e+00
6.026026026026025662e-01	-2.043002045248211829e+00	2.124674147111416111e+00
6.036036036036035446e-01	-1.548066503750665568e+00	1.661035375179734430e+00
6.046046046046046341e-01	-2.086120593262822176e+00	2.230274524330781993e+00
6.056056056056056125e-01	-1.618346375216626498e+00	1.793542818468495614e+00
6.066066066066065909e-01	-1.307533857457398030e+00	1.513599568869089085e+00
6.076076076076075694e-01	-1.661244503680961104e+00	1.897975713972638090e+00
6.086086086086086588e-01	-1.070004802546529632e+00	1.337167418681050046e+00
6.096096096096096373e-01	-1.065161425671195206e+00	1.362491262338368703e+00
6.106106106106106157e-01	-1.421483912757565138e+00	1.748686953615336437e+00
6.116116116116115942e-01	-1.245643887444102260e+00	1.602396575858332284e+00
6.126126126126125726e-01	-5.507190276828940467e-01	9.366685866782196168e-01
6.136136136136136621e-01	-2.328354962207101475e-01	6.476002773261191336e-01
6.146146146146146405e-01	-1.675428900680145661e-01	6.107127507121412613e-01
6.156156156156156189e-01	1.102695044894644316e-01	3.608672045935527040e-01
6.166166166166165974e-01	1.752878646016522990e-01	3.233498066393371562e-01
6.176176176176175758e-01	3.813804541149492522e-01	1.442650985163711486e-01
6.186186186186186653e-01	9.726562577229390660e-01	-4.205226113698673496e-01
6.196196196196196437e-01	1.561134509185968522e-01	4.219623085817740815e-01
6.206206206206206222e-01	9.369121585879286451e-01	-3.334659195245034402e-01
6.216216216216216006e-01	7.677424695880172845e-01	-1.395224722923771310e-01
6.226226226226225791e-01	9.394005900325148595e-01	-2.870280535107244679e-01
6.236236236236236685e-01	1.090898065054981991e+00	-4.150180916923019714e-01
6.246246246246246470e-01	1.177935880152555237e+00	-4.792168178001879886e-01
6.256256256256256254e-01	1.079681589982220968e+00	-3.588143710576370271e-01
6.266266266266266038e-01	1.586127455198839353e+00	-8.438249134532321838e-01
6.276276276276275823e-01	2.333176138622342410e+00	-1.570172304250815998e+00
6.286286286286286717e-01	1.926950181525621364e+00	-1.143999555317157579e+00
6.296296296296296502e-01	2.162460218116879496e+00	-1.360337025361836094e+00
6.306306306306306286e-01	2.065844029561851869e+00	-1.245341454454765628e+00
6.316316316316316071e-01	2.334706501741349083e+00	-1.496635903036122706e+00
6.326326326326325855e-01	2.768639814913693709e+00	-1.913829923606768624e+00
6.336336336336336750e-01	2.589168915238433843e+00	-1.718465015073306068e+00
6.346346346346346534e-01	2.655123578681324759e+00	-1.769386670284796015e+00
6.356356356356356319e-01	3.158520043327281979e+00	-2.258625992803964699e+00
6.366366366366366103e-01	2.896078169738310226e+00	-1.982916842565327187e+00
6.376376376376375887e-01	3.290891273530881289e+00	-2.365365654609203894e+00
6.386386386386386782e-01	3.529459575711366259e+00	-2.592484876443928332e+00
6.396396396396396566e-01	3.875217266151709250e+00	-2.927720019431280019e+00
6.406406406406406351e-01	3.493207839903270440e+00	-2.536124983904999297e+00
6.416416416416416135e-01	4.069037685761450973e+00	-3.103315637446096620e+00
6.426426426426425920e-01	4.091384958420558604e+00	-3.117978677664556386e+00
6.436436436436436814e-01	3.396496625889101839e+00	-2.416368671166925441e+00
6.446446446446446599e-01	3.413847440820460655e+00	-2.427967017373065417e+00
6.456456456456456383e-01	3.658125425787913443e+00	-2.667467427218481735e+00
6.466466466466466168e-01	4.198873199880388540e+00	-3.204417244125111086e+00
6.476476476476475952e-01	3.939821302231894418e+00	-2.942550762859061919e+00
6.486486486486486847e-01	3.808529669795587047e+00	-2.809430703590905409e+00
6.496496496496496631e-01	4.610681126005573560e+00	-3.610741697805279760e+00
6.506506506506506415e-01	4.392997609989547136e+00	-3.393206515725621042e+00
6.516516516516516200e-01	3.487225464035695666e+00	-2.488571352959239036e+00
6.526526526526525984e-01	4.173488605927301087e+00	-3.176959002976964097e+00
6.536536536536536879e-01	4.297612505918430692e+00	-3.304192835200619793e+00
6.546546546546546663e-01	4.248625618084287403e+00	-3.259298228430794087e+00
6.556556556556556448e-01	4.411971433607892124e+00	-3.427714627174523354e+00
6.566566566566566232e-01	4.277675516654918297e+00	-3.299462581521709126e+00
6.576576576576576016e-01	3.793728029652291056e+00	-2.822526277381913751e+00
6.586586586586586911e-01	4.070277614758986751e+00	-3.107047423865074709e+00
6.596596596596596696e-01	3.868617374866682113e+00	-2.914311241137933273e+00
6.606606606606606480e-01	3.770633239191011565e+00	-2.826194833810182327e+00
6.616616616616616264e-01	3.642908393194129957e+00	-2.709271629583282603e+00
6.626626626626626049e-01	4.139533435833477881e+00	-3.217621546148251355e+00
6.636636636636636943e-01	3.969007289717624509e+00	-3.059731911903736723e+00
6.646646646646646728e-01	3.660805752235072319e+00	-2.765066028549816757e+00
6.656656656656656512e-01	3.539503626449032048e+00	-2.658185314339224448e+00
6.666666666666666297e-01	3.591855843273337623e+00	-2.725830439488897472e+00
6.676676676676676081e-01	3.881871104792907978e+00	-3.031994983602221083e+00
6.686686686686686976e-01	2.887822526755179808e+00	-2.054936093114406948e+00
6.696696696696696760e-01	3.651002345669116966e+00	-2.835929204182854324e+00
6.706706706706706544e-01	3.326625114766640579e+00	-2.530171255261710161e+00
6.716716716716716329e-01	2.685708595752385186e+00	-1.908661596270094574e+00
6.726726726726726113e-01	2.484584500298282261e+00	-1.727712748293289469e+00
6.736736736736737008e-01	2.707571470657094359e+00	-1.971623403172991118e+00
6.746746746746746792e-01	2.881619207497168045e+00	-2.167322571070146253e+00
6.756756756756756577e-01	2.880410930840095141e+00	-2.188472061862547058e+00
6.766766766766766361e-01	2.534917598184865284e+00	-1.866020724440525358e+00
6.776776776776777256e-01	3.082281344409493862e+00	-2.437087908470801700e+00
6.786786786786787040e-01	3.194891031180885133e+00	-2.574039036337641306e+00
6.796796796796796825e-01	2.839339415501874964e+00	-2.243442794867975820e+00
6.806806806806806609e-01	2.404847507188457634e+00	-1.834495516610553878e+00
6.816816816816816393e-01	2.905515352048296585e+00	-2.361271987416716733e+00
6.826826826826827288e-01	2.866844274867113906e+00	-2.349247714405236387e+00
6.836836836836837072e-01	2.903275877807955485e+00	-2.412837949891534439e+00
6.846846846846846857e-01	2.398169405619105632e+00	-1.935375082651805023e+00
6.856856856856856641e-01	1.544950933731713993e+00	-1.110257852577318349e+00
6.866866866866866426e-01	3.118692015575443843e+00	-2.712530025020970292e+00
6.876876876876877320e-01	1.802747146070547757e+00	-1.425517881767778494e+00
6.886886886886887105e-01	2.148034327050408532e+00	-1.800110814356123967e+00
6.896896896896896889e-01	2.945273621118952523e+00	-2.626999906226641812e+00
6.906906906906906674e-01	2.322874535141386421e+00	-2.034565344869164072e+00
6.916916916916916458e-01	2.465217287886647846e+00	-2.207157718457795958e+00
6.926926926926927353e-01	1.467798912337512585e+00	-1.240244147461430302e+00
6.936936936936937137e-01	1.295710144656763152e+00	-1.098885203189056359e+00
6.946946946946946921e-01	1.477377021480370978e+00	-1.311476534911658387e+00
6.956956956956956706e-01	1.948408810551918613e+00	-1.813596830545333605e+00
6.966966966966966490e-01	1.530612260178308093e+00	-1.427022096346066471e+00
6.976976976976977385e-01	1.367754083023342337e+00	-1.295488171102755048e+00
6.986986986986987169e-01	1.614813656704324085e+00	-1.573943457263610846e+00
6.996996996996996954e-01	1.811398888123285644e+00	-1.801964815897389105e+00
7.007007007007006738e-01	8.327336902106099448e-01	-8.547450741368363136e-01
7.017017017017016522e-01	7.591098690538808924e-01	-8.125449430469355860e-01
7.027027027027027417e-01	6.285803249993883179e-01	-7.133862494748968164e-01
7.037037037037037202e-01	1.023042214277197326e+00	-1.139135128402428920e+00
7.047047047047046986e-01	6.399414683016958483e-01	-7.872065729218369334e-01
7.057057057057056770e-01	1.255268690942227261e+00	-1.433560362100201546e+00
7.067067067067066555e-01	7.724192393105279164e-01	-9.815611722480921397e-01
7.077077077077077449e-01	3.105432297229553384e-01	-5.503286132206902659e-01
7.087087087087087234e-01	5.865001374762459641e-01	-8.566918583600289239e-01
7.097097097097097018e-01	2.191472370411156889e-01	-5.194781146528656413e-01
7.107107107107106803e-01	-1.861977550272725379e-02	-3.115532748981075239e-01
7.117117117117116587e-01	1.503293657448918075e-01	-5.100180953894242197e-01
7.127127127127127482e-01	-3.063058315190865799e-01	-8.254289707230277884e-02
7.137137137137137266e-01	-3.338107442157015603e-01	-8.381346799076583309e-02
7.147147147147147050e-01	-6.942960157619589012e-02	-3.765571241088792043e-01
7.157157157157156835e-01	-6.362068886816931723e-01	1.622986660912522083e-01
7.167167167167166619e-01	-1.087655768720301896e+00	5.862946761326994771e-01
7.177177177177177514e-01	-1.039647291937757956e+00	5.113291031917052143e-01
7.187187187187187298e-01	-5.349149345536066136e-01	-1.983791983051053087e-02
7.197197197197197083e-01	-1.110611341107588412e+00	5.299723916789840228e-01
7.207207207207206867e-01	-1.289158010437704727e+00	6.832071341741589032e-01
7.217217217217216652e-01	-1.455657751889471774e+00	8.249941468469152994e-01
7.227227227227227546e-01	-1.304005167580244873e+00	6.492524691405090476e-01
7.237237237237237331e-01	-1.625858162591300005e+00	9.476638267766339663e-01
7.247247247247247115e-01	-2.282390180697189574e+00	1.581424843929593482e+00
7.257257257257256899e-01	-2.150296618775172419e+00	1.427253434713665392e+00
7.267267267267266684e-01	-2.254980675660587686e+00	1.510574629772169608e+00
7.277277277277277578e-01	-1.593442876367541006e+00	8.284100789096506823e-01
7.287287287287287363e-01	-1.844794623853943882e+00	1.059891581967539853e+00
7.297297297297297147e-01	-1.989646893644558379e+00	1.185649763277619062e+00
7.307307307307306932e-01	-2.595720392237633067e+00	1.773424210638825826e+00
7.317317317317316716e-01	-2.911475801868026902e+00	2.071693701409488053e+00
7.327327327327327611e-01	-2.955476380221640831e+00	2.099038784328294938e+00
7.337337337337337395e-01	-3.374447937727444558e+00	2.502201739707958783e+00
7.347347347347347180e-01	-2.284276714514303031e+00	1.397084440105700320e+00
7.357357357357356964e-01	-3.849198697947251002e+00	2.947937652401306785e+00
7.367367367367367859e-01	-3.139129877239081434e+00	2.224691277793914956e+00
7.377377377377377643e-01	-3.799026824767242516e+00	2.872314919361957486e+00
7.387387387387387427e-01	-3.530419381876625184e+00	2.592350554980459965e+00
7.397397397397397212e-01	-4.032334545803255565e+00	3.083836412243461389e+00
7.407407407407406996e-01	-4.243752347979697248e+00	3.285762835664208570e+00
7.417417417417417891e-01	-4.334589882999704713e+00	3.368056305441663234e+00
7.427427427427427675e-01	-3.416836549852482641e+00	2.442714669413746265e+00
7.437437437437437460e-01	-4.113967515363554206e+00	3.133220598143514835e+00
7.447447447447447244e-01	-4.381503556197127836e+00	3.395101419501413531e+00
7.457457457457457028e-01	-4.002010475467634443e+00	3.010928528798614945e+00
7.467467467467467923e-01	-4.186812287971885205e+00	3.192030568489300002e+00
7.477477477477477708e-01	-4.008664130713680329e+00	3.011166334119180554e+00
7.487487487487487492e-01	-4.909228748004203169e+00	3.910001255808123855e+00
7.497497497497497276e-01	-4.224880721945822870e+00	3.224911626078076132e+00
7.507507507507507061e-01	-4.030209253807022662e+00	3.030487379536634052e+00
7.517517517517517955e-01	-4.846958491936268487e+00	3.848472420065745858e+00
7.527527527527527740e-01	-4.372359075686109264e+00	3.376096164987554715e+00
7.537537537537537524e-01	-4.016164842294794646e+00	3.023110253154427163e+00
7.547547547547547309e-01	-4.622787959638916533e+00	3.633923679875480595e+00
7.557557557557557093e-01	-4.360114477315820025e+00	3.376418351136209584e+00
7.567567567567567988e-01	-4.365713995018319693e+00	3.388158756070633437e+00
7.577577577577577772e-01	-4.861188862532832111e+00	3.890741172013034710e+00
7.587587587587587556e-01	-4.653308961137478050e+00	3.690928451900844731e+00
7.597597597597597341e-01	-5.551712793918590627e+00	4.598351121541161213e+00
7.607607607607607125e-01	-5.196722840728634552e+00	4.253322742457052108e+00
7.617617617617618020e-01	-5.122250360975074912e+00	4.189744723495366863e+00
7.627627627627627804e-01	-4.905179193468257814e+00	3.984490130415395015e+00
7.637637637637637589e-01	-5.173611847114556461e+00	4.265649787235010315e+00
7.647647647647647373e-01	-4.887664439610774458e+00	3.993327226479746361e+00
7.657657657657657158e-01	-5.461091161432977792e+00	4.581263165616547006e+00
7.667667667667668052e-01	-5.128297889202860560e+00	4.263849133742994901e+00
7.677677677677677837e-01	-5.304844292715680254e+00	4.456629592802878292e+00
7.687687687687687621e-01	-4.611511517003682670e+00	3.780369634687988700e+00
7.697697697697697405e-01	-5.158493138914142406e+00	4.345245953690407781e+00
7.707707707707707190e-01	-5.357308119618115150e+00	4.562759815705669020e+00
7.717717717717718084e-01	-5.208511385656414028e+00	4.433447656776813517e+00
7.727727727727727869e-01	-5.643300530149156558e+00	4.888487802588358022e+00
7.737737737737737653e-01	-5.095484415082748519e+00	4.361669089806019528e+00
7.747747747747747438e-01	-5.299257698916933990e+00	4.587165413485906562e+00
7.757757757757757222e-01	-5.954819416153924294e+00	5.265154327175659787e+00
7.767767767767768117e-01	-5.245093820916618910e+00	4.578537907734247625e+00
7.777777777777777901e-01	-5.353592642673921986e+00	4.710805032987382290e+00
7.787787787787787686e-01	-6.047776174681549932e+00	5.429392492765333422e+00
7.797797797797797470e-01	-5.546690248039261029e+00	4.953321986201638438e+00
7.807807807807807254e-01	-4.953568009623359636e+00	4.385801923528650725e+00
7.817817817817818149e-01	-5.167013740113855391e+00	4.625411268565666312e+00
7.827827827827827933e-01	-4.900758277477641478e+00	4.385854987236828428e+00
7.837837837837837718e-01	-5.525987320166033889e+00	5.038292376352397461e+00
7.847847847847847502e-01	-4.664735091333417571e+00	4.204730753934803111e+00
7.857857857857857287e-01	-4.576432377113392569e+00	4.144573524100093387e+00
7.867867867867868181e-01	-4.316828344239503679e+00	3.913542021755522793e+00
7.877877877877877966e-01	-4.256860147342301559e+00	3.882545147418281495e+00
7.887887887887887750e-01	-4.802777067398749544e+00	4.457803533604156598e+00
7.897897897897897534e-01	-4.381077870942547747e+00	4.065786932367045026e+00
7.907907907907907319e-01	-4.404216121167313425e+00	4.118919555093262019e+00
7.917917917917918214e-01	-4.047952815704974228e+00	3.792932739304663681e+00
7.927927927927927998e-01	-4.250147130118341110e+00	4.025655721480767113e+00
7.937937937937937782e-01	-3.523912569226759661e+00	3.330171817989858951e+00
7.947947947947947567e-01	-4.063538451732763512e+00	3.900739939567668291e+00
7.957957957957957351e-01	-3.958526163963564937e+00	3.826830875127938736e+00
7.967967967967968246e-01	-3.501706309551592344e+00	3.401244471699424121e+00
7.977977977977978030e-01	-3.676405189132037066e+00	3.607276144537250762e+00
7.987987987987987815e-01	-3.386618444415412821e+00	3.348890551736695809e+00
7.997997997997997599e-01	-3.377803086391528709e+00	3.371513653075459693e+00
8.008008008008007383e-01	-2.144530836874901425e+00	2.169686082264274507e+00
8.018018018018018278e-01	-2.023675090659923459e+00	2.080250139843714763e+00
8.028028028028028062e-01	-2.035827579374388741e+00	2.123766487785447854e+00
8.038038038038037847e-01	-1.774956904707687633e+00	1.894172713443860623e+00
8.048048048048047631e-01	-1.061357231650742472e+00	1.211732053464677383e+00
8.058058058058058526e-01	-1.146798660783418855e+00	1.328183796656070115e+00
8.068068068068068310e-01	-9.157680285497082906e-01	1.127984114732214938e+00
8.078078078078078095e-01	-9.387296934156367234e-01	1.181566878794224618e+00
8.088088088088087879e-01	-1.250864832771617419e+00	1.524082986380082438e+00
8.098098098098097664e-01	-6.624692838878286638e-01	9.657982323624532128e-01
8.108108108108108558e-01	-6.585537375229993939e-01	9.916935322650567430e-01
8.118118118118118343e-01	-9.328169397874469526e-02	4.559029077604099811e-01
8.128128128128128127e-01	2.997738037714451909e-01	9.197024894895244884e-02
8.138138138138137911e-01	1.215361358325215413e-01	2.989433774366916929e-01
8.148148148148147696e-01	7.222136953498138334e-01	-2.734145151493541093e-01
8.158158158158158590e-01	1.616050362032838361e+00	-1.139375312586411448e+00
8.168168168168168375e-01	1.054712633148328749e+00	-5.506330773570029535e-01
8.178178178178178159e-01	2.267034446978128948e+00	-1.736048846848808669e+00
8.188188188188187944e-01	1.466452584117434510e+00	-9.090860078557937429e-01
8.198198198198197728e-01	2.033796040819143780e+00	-1.450599643612872969e+00
8.208208208208208623e-01	2.336893975323642625e+00	-1.728444454329426394e+00
8.218218218218218407e-01	2.532207811382491958e+00	-1.899106835455669939e+00
8.228228228228228192e-01	2.511985650210552201e+00	-1.854859264941364216e+00
8.238238238238237976e-01	2.752461926257656177e+00	-2.071959934902405376e+00
8.248248248248247760e-01	2.937864717130779457e+00	-2.234660038050098052e+00
8.258258258258258655e-01	3.270479374055525135e+00	-2.545267375295126477e+00
8.268268268268268439e-01	3.393064353825260948e+00	-2.646562165497208685e+00
8.278278278278278224e-01	4.399088376706164816e+00	-3.632034181850566590e+00
8.288288288288288008e-01	4.540468259138188856e+00	-3.753620563766600249e+00
8.298298298298297793e-01	3.981043618108892623e+00	-3.175180501151225965e+00
8.308308308308308687e-01	4.371030472096996355e+00	-3.546948815993631321e+00
8.318318318318318472e-01	4.780433456230603007e+00	-3.938948158930553056e+00
8.328328328328328256e-01	4.657896864133570070e+00	-3.799840033277883222e+00
8.338338338338338041e-01	4.972202983593635217e+00	-4.098423113680908614e+00
8.348348348348347825e-01	5.164942240365420822e+00	-4.276303373713065348e+00
8.358358358358358720e-01	5.702769552238686757e+00	-4.800150424569652685e+00
8.368368368368368504e-01	5.152742098456117859e+00	-4.237035269955948813e+00
8.378378378378378288e-01	5.263372603593684751e+00	-4.335483576297176178e+00
8.388388388388388073e-01	5.746658297344799493e+00	-4.807504619725032846e+00
8.398398398398397857e-01	5.792798804513785704e+00	-4.843309164158972280e+00
8.408408408408408752e-01	5.697795940718306085e+00	-4.738909245993656150e+00
8.418418418418418536e-01	5.659610643817891251e+00	-4.692275095420601616e+00
8.428428428428428321e-01	6.056806284117520534e+00	-5.081978437442987051e+00
8.438438438438438105e-01	6.836654763760574127e+00	-5.855298583007015445e+00
8.448448448448447889e-01	6.466657782844738023e+00	-5.479743687791578388e+00
8.458458458458458784e-01	6.349531773512215871e+00	-5.358035679914831206e+00
8.468468468468468568e-01	6.782281814134443643e+00	-5.787184168684177621e+00
8.478478478478478353e-01	6.510308717896617026e+00	-5.512593528700355350e+00
8.488488488488488137e-01	6.491618731302541079e+00	-5.492272594840560629e+00
8.498498498498497922e-01	6.853976261977803297e+00	-5.853987387502089135e+00
8.508508508508508816e-01	5.810173185336351409e+00	-4.810530417674121040e+00
8.518518518518518601e-01	6.094270676105113971e+00	-5.095962517833845240e+00
8.528528528528528385e-01	6.066703056923444137e+00	-5.070716690884339073e+00
8.538538538538538170e-01	5.496381937897536041e+00	-4.503702251014015445e+00
8.548548548548547954e-01	5.559509596161857914e+00	-4.571118205528384770e+00
8.558558558558558849e-01	5.668343762875281300e+00	-4.685218045079577287e+00
8.568568568568568633e-01	5.035796173614799365e+00	-4.058908298253306235e+00
8.578578578578578417e-01	5.356492248957446911e+00	-4.386808217299758894e+00
8.588588588588588202e-01	5.274860457830353511e+00	-4.313339147583227451e+00
8.598598598598597986e-01	5.436656938405921125e+00	-4.484249155521468744e+00
8.608608608608608881e-01	5.791797218298654570e+00	-4.849444756764335729e+00
8.618618618618618665e-01	5.618252227484662242e+00	-4.686886938024807492e+00
8.628628628628628450e-01	5.600044893138074187e+00	-4.680587761747868392e+00
8.638638638638638234e-01	5.559644338504848626e+00	-4.653004575727958780e+00
8.648648648648649129e-01	5.560777933357786473e+00	-4.667852075208218210e+00
8.658658658658658913e-01	5.027348199322827504e+00	-4.149019220740058245e+00
8.668668668668668698e-01	5.279075076280653533e+00	-4.416211517994722335e+00
8.678678678678678482e-01	5.282122313709927575e+00	-4.435577423379866602e+00
8.688688688688688266e-01	4.350191013159783182e+00	-3.520801901634698972e+00
8.698698698698699161e-01	4.992648210457701019e+00	-4.181235023994835487e+00
8.708708708708708945e-01	5.141073132252786060e+00	-4.348438241511099811e+00
8.718718718718718730e-01	4.425486348513945956e+00	-3.652413555125228140e+00
8.728728728728728514e-01	4.501780641109287551e+00	-3.749034402611331807e+00
8.738738738738738299e-01	4.228713206115846113e+00	-3.497037880014165712e+00
8.748748748748749193e-01	4.677692152164898864e+00	-3.967811259870469787e+00
8.758758758758758978e-01	4.258656487947289015e+00	-3.571271999318179624e+00
8.768768768768768762e-01	4.514647632571022307e+00	-3.850439271765408122e+00
8.778778778778778547e-01	4.177057623248018992e+00	-3.536682196574991721e+00
8.788788788788788331e-01	4.497050933221739655e+00	-3.881141679654557475e+00
8.798798798798799226e-01	3.773504097696266602e+00	-3.182670062690307500e+00
8.808808808808809010e-01	4.760157454391301002e+00	-4.194982887625908319e+00
8.818818818818818794e-01	4.062374112177445262e+00	-3.523417889817228144e+00
8.828828828828828579e-01	4.289329306699544375e+00	-3.777124378746428146e+00
8.838838838838838363e-01	4.122535078211833515e+00	-3.637587941494342392e+00
8.848848848848849258e-01	3.745681017985420524e+00	-3.288471215306342899e+00
8.858858858858859042e-01	3.344243641813277712e+00	-2.915223287750951631e+00
8.868868868868868827e-01	3.817786079268846500e+00	-3.417379413101041319e+00
8.878878878878878611e-01	3.193672735681789998e+00	-2.822275701874219500e+00
8.888888888888888395e-01	3.296739992552120579e+00	-2.954719849226447703e+00
8.898898898898899290e-01	2.722389500193690637e+00	-2.410084455962202554e+00
8.908908908908909074e-01	2.655868116552310365e+00	-2.373586996078338451e+00
8.918918918918918859e-01	2.888002580154701793e+00	-2.636024518769574776e+00
8.928928928928928643e-01	2.930569193698065344e+00	-2.709143361376503023e+00
8.938938938938938428e-01	2.585339193771102995e+00	-2.394684548738037488e+00
8.948948948948949322e-01	1.801918133504581521e+00	-1.642223205717032952e+00
8.958958958958959107e-01	2.720499890372779284e+00	-2.591922595090910164e+00
8.968968968968968891e-01	1.702969555775196042e+00	-1.605637037406891343e+00
8.978978978978978676e-01	1.184956532524095829e+00	-1.118965038897471675e+00
8.988988988988988460e-01	2.591441184231397354e+00	-2.556855971419578655e+00
8.998998998998999355e-01	1.425992441886158035e+00	-1.422847709678422223e+00
9.009009009009009139e-01	8.962352449695689671e-01	-9.245341030526860182e-01
9.019019019019018923e-01	8.856951045269544354e-01	-9.454095694101617431e-01
9.029029029029028708e-01	1.143021719285074900e+00	-1.234092741971715146e+00
9.039039039039038492e-01	9.226013002589116274e-01	-1.044938824637366759e+00
9.049049049049049387e-01	5.432085627621923152e-01	-6.966916146584085645e-01
9.059059059059059171e-01	1.180711712108014400e+00	-1.365188518911505389e+00
9.069069069069068956e-01	3.682857002698312621e-01	-5.835738410149187150e-01
9.079079079079078740e-01	-1.526113361981050187e-01	-9.327524955574434395e-02
9.089089089089088525e-01	4.072167964838535603e-01	-6.834586808629256049e-01
9.099099099099099419e-01	5.597041629357449866e-01	-8.660281825425280022e-01
9.109109109109109204e-01	-2.399142598988864838e-01	-9.618898464332775733e-02
9.119119119119118988e-01	-8.629045966473766205e-01	4.973544848221574943e-01
9.129129129129128772e-01	-1.777441441491122431e-01	-2.168913586003272942e-01
9.139139139139138557e-01	-1.515016917429053089e+00	1.091686261372521338e+00
9.149149149149149451e-01	-1.516492935863258396e+00	1.064885739486364002e+00
9.159159159159159236e-01	-8.913752356985491510e-01	4.119380734097414787e-01
9.169169169169169020e-01	-1.432791806847267813e+00	9.259987728789955685e-01
9.179179179179178805e-01	-1.814523766513235437e+00	1.280876006111114629e+00
9.189189189189188589e-01	-1.762609825668858710e+00	1.202635039531266159e+00
9.199199199199199484e-01	-1.947971863182059726e+00	1.362223785640221507e+00
9.209209209209209268e-01	-2.832920987371217780e+00	2.221978838825794167e+00
9.219219219219219053e-01	-2.031416789560198222e+00	1.395884703715814634e+00
9.229229229229228837e-01	-1.870873558334631870e+00	1.211379984798737652e+00
9.239239239239238621e-01	-2.639492461849633376e+00	1.956689544686446958e+00
9.249249249249249516e-01	-2.808442691343935316e+00	2.103005624197983536e+00
9.259259259259259300e-01	-1.889303947857324140e+00	1.161930306284275183e+00
9.269269269269269085e-01	-2.763787240096682307e+00	2.015196291761692571e+00
9.279279279279278869e-01	-2.995718003276508057e+00	2.226649996702192880e+00
9.289289289289288654e-01	-2.959304156609729120e+00	2.170519589177100528e+00
9.299299299299299548e-01	-2.537327931313689611e+00	1.729606797239882088e+00
9.309309309309309333e-01	-2.684660677574195464e+00	1.858801696610652421e+00
9.319319319319319117e-01	-3.339876786123078034e+00	2.496696613736856474e+00
9.329329329329328901e-01	-3.156872397253212448e+00	2.297204817072469041e+00
9.339339339339339796e-01	-4.052586561290661749e+00	3.177281660612849556e+00
9.349349349349349581e-01	-4.074372421453652748e+00	3.184295750631746635e+00
9.359359359359359365e-01	-4.367142005802506333e+00	3.463173722340490368e+00
9.369369369369369149e-01	-4.504709952569959874e+00	3.587743950773947255e+00
9.379379379379378934e-01	-3.788331727397096671e+00	2.859274754442735045e+00
9.389389389389389828e-01	-4.482880490110953353e+00	3.542651249401195024e+00
9.399399399399399613e-01	-4.451158737278356980e+00	3.500686979978245184e+00
9.409409409409409397e-01	-4.379786835900626230e+00	3.420012441547437554e+00
9.419419419419419182e-01	-4.071590138968950612e+00	3.103462186066832551e+00
9.429429429429428966e-01	-4.330779239801936242e+00	3.355255067320098483e+00
9.439439439439439861e-01	-3.506369018514472469e+00	2.524413279216965567e+00
9.449449449449449645e-01	-4.412050683584589628e+00	3.424634390127800465e+00
9.459459459459459429e-01	-4.235311967676659073e+00	3.243411532417782350e+00
9.469469469469469214e-01	-4.438762324200960840e+00	3.443358593666948408e+00
9.479479479479478998e-01	-4.183601516849392965e+00	3.185678801821149708e+00
9.489489489489489893e-01	-4.502496075893676952e+00	3.503041178064607575e+00
9.499499499499499677e-01	-4.786625548492454918e+00	3.786626784663857492e+00
9.509509509509509462e-01	-5.496221079977778423e+00	4.496667304756014616e+00
9.519519519519519246e-01	-5.187682908577747831e+00	4.189562536539601645e+00
9.529529529529529031e-01	-4.753763654102515446e+00	3.758063682395677674e+00
9.539539539539539925e-01	-5.461812776565400540e+00	4.469517808910587142e+00
9.549549549549549710e-01	-5.419172470312659584e+00	4.431263743372481301e+00
9.559559559559559494e-01	-5.792465284140959625e+00	4.809919697218331791e+00
9.569569569569569278e-01	-5.624040467898181461e+00	4.647829616923750962e+00
9.579579579579579063e-01	-6.408290658618842173e+00	5.439379875382692298e+00
9.589589589589589957e-01	-5.203548913253697172e+00	4.242896310831376638e+00
9.599599599599599742e-01	-6.534768983891772187e+00	5.583324509208595465e+00
9.609609609609609526e-01	-6.407447476817380583e+00	5.466151971287876776e+00
9.619619619619619311e-01	-5.932462765657458448e+00	5.002247034828854133e+00
9.629629629629629095e-01	-6.475767143929027192e+00	5.557551037048752640e+00
9.639639639639639990e-01	-6.220497227345559210e+00	5.315188727762962806e+00
9.649649649649649774e-01	-6.713149067343096021e+00	5.821643394644810954e+00
9.659659659659659559e-01	-6.772390952716619950e+00	5.895569677483464943e+00
9.669669669669669343e-01	-7.051168951149278108e+00	6.189899123210047094e+00
9.679679679679679127e-01	-6.494693730545803234e+00	5.649827021589984177e+00
9.689689689689690022e-01	-7.147474766554094749e+00	6.319846627951362983e+00
9.699699699699699806e-01	-7.002383141653348630e+00	6.192811978312603216e+00
9.709709709709709591e-01	-7.598995695625301749e+00	6.808282056710208252e+00
9.719719719719719375e-01	-7.013053108895456411e+00	6.241978896196730631e+00
9.729729729729729160e-01	-7.428500138488978166e+00	6.677827833236252175e+00
9.739739739739740054e-01	-6.901757174735527300e+00	6.172229083613338219e+00
9.749749749749749839e-01	-6.270967309074087837e+00	5.563304830187581373e+00
9.759759759759759623e-01	-6.740996581556864875e+00	6.055899491073083674e+00
9.769769769769769407e-01	-6.807788294929959072e+00	6.145934055100089388e+00
9.779779779779779192e-01	-7.277591203756267113e+00	6.639634293003152443e+00
9.789789789789790087e-01	-6.916159994143801448e+00	6.302731259877138115e+00
9.799799799799799871e-01	-7.043785342815702677e+00	6.455491377614897885e+00
9.809809809809809655e-01	-6.679173635353357952e+00	6.116596177134920431e+00
9.819819819819819440e-01	-6.879841714780043915e+00	6.343537071542659334e+00
9.829829829829829224e-01	-6.700593247609603509e+00	6.191091747325726757e+00
9.839839839839840119e-01	-6.381725842415726824e+00	5.899531308613677361e+00
9.849849849849849903e-01	-6.710317871820364211e+00	6.255907125375486544e+00
9.859859859859859688e-01	-5.966309322749343558e+00	5.540131710376907215e+00
9.869869869869869472e-01	-6.279484806940449637e+00	5.881961756856534329e+00
9.879879879879879256e-01	-5.656694909632164148e+00	5.288219514821910217e+00
9.889889889889890151e-01	-5.128568970126393012e+00	4.789505599631718624e+00
9.899899899899899935e-01	-5.338305873357075626e+00	5.028989811968206602e+00
9.909909909909909720e-01	-4.773129650661415369e+00	4.493866767368583481e+00
9.919919919919919504e-01	-4.558647884093490532e+00	4.309714329626595841e+00
9.929929929929930399e-01	-5.073590538908419489e+00	4.855232472663773002e+00
9.939939939939940183e-01	-4.601353347258569926e+00	4.413786693882733481e+00
9.949949949949949968e-01	-4.417747048454721437e+00	4.261157284326163364e+00
9.959959959959959752e-01	-3.869723971637581084e+00	3.744265941457282754e+00
9.969969969969969537e-01	-4.000093088165459498e+00	3.905890851837829469e+00
9.979979979979980431e-01	-3.644465104398809441e+00	3.581611814354329404e+00
9.989989989989990216e-01	-4.239055895486610659e+00	4.207613704567489954e+00
1.000000000000000000e+00	-4.213612174236229357e+00	4.213612174236228469e+00
