# Time	FTRLS_Output	FTRLS_Error
0.000000000000000000e+00	0.000000000000000000e+00	0.000000000000000000e+00
1.001001001001000992e-03	0.000000000000000000e+00	0.000000000000000000e+00
2.002002002002001985e-03	0.000000000000000000e+00	0.000000000000000000e+00
3.003003003003002977e-03	0.000000000000000000e+00	0.000000000000000000e+00
4.004004004004003969e-03	0.000000000000000000e+00	0.000000000000000000e+00
5.005005005005004962e-03	0.000000000000000000e+00	0.000000000000000000e+00
6.006006006006005954e-03	0.000000000000000000e+00	0.000000000000000000e+00
7.007007007007006946e-03	0.000000000000000000e+00	0.000000000000000000e+00
8.008008008008007939e-03	0.000000000000000000e+00	0.000000000000000000e+00
9.009009009009008931e-03	0.000000000000000000e+00	0.000000000000000000e+00
1.001001001001000992e-02	0.000000000000000000e+00	0.000000000000000000e+00
1.101101101101101092e-02	0.000000000000000000e+00	0.000000000000000000e+00
1.201201201201201191e-02	0.000000000000000000e+00	0.000000000000000000e+00
1.301301301301301290e-02	0.000000000000000000e+00	0.000000000000000000e+00
1.401401401401401389e-02	0.000000000000000000e+00	0.000000000000000000e+00
1.501501501501501488e-02	0.000000000000000000e+00	0.000000000000000000e+00
1.601601601601601588e-02	0.000000000000000000e+00	0.000000000000000000e+00
1.701701701701701513e-02	0.000000000000000000e+00	0.000000000000000000e+00
1.801801801801801786e-02	0.000000000000000000e+00	0.000000000000000000e+00
1.901901901901902059e-02	0.000000000000000000e+00	0.000000000000000000e+00
2.002002002002001985e-02	0.000000000000000000e+00	0.000000000000000000e+00
2.102102102102101910e-02	0.000000000000000000e+00	0.000000000000000000e+00
2.202202202202202183e-02	0.000000000000000000e+00	0.000000000000000000e+00
2.302302302302302456e-02	0.000000000000000000e+00	0.000000000000000000e+00
2.402402402402402382e-02	0.000000000000000000e+00	0.000000000000000000e+00
2.502502502502502307e-02	0.000000000000000000e+00	7.076624788865043536e-01
2.602602602602602580e-02	1.184332406796561488e+00	-4.548043156743730719e-01
2.702702702702702853e-02	9.039071981493639329e-01	-1.532348928966396073e-01
2.802802802802802778e-02	3.055615095370495027e+00	-2.284540882671770134e+00
2.902902902902902704e-02	2.961373480534736036e+00	-2.170659841619642094e+00
3.003003003003002977e-02	1.330747345270554494e+00	-5.211761819298105225e-01
3.103103103103103250e-02	1.626245363972371294e+00	-7.986172253696400825e-01
3.203203203203203175e-02	8.616362950287256850e-02	7.587030794529451283e-01
3.303303303303303101e-02	-1.223160965305055026e+00	2.084430793244285596e+00
3.403403403403403027e-02	8.262218607012042915e-01	5.059941453194916061e-02
3.503503503503503647e-02	1.467388547584188352e+00	-5.758828748859043944e-01
3.603603603603603572e-02	2.806256433072442658e+00	-1.900947933489846031e+00
3.703703703703703498e-02	2.775606682816210924e+00	-1.857390575935936816e+00
3.803803803803804118e-02	8.263170795554092285e-01	1.038986512731949752e-01
3.903903903903904044e-02	9.490368200853549485e-01	-7.741314555851697143e-03
4.004004004004003969e-02	4.975997227561155395e-02	9.016845024075651471e-01
4.104104104104103895e-02	-3.786629917132083301e-01	1.339315594135529253e+00
4.204204204204203821e-02	-7.098968116097157388e-01	1.678807594845865392e+00
4.304304304304304440e-02	3.801015850209259028e+00	-2.824804999234829417e+00
4.404404404404404366e-02	7.669107648185434778e-01	2.156348221040842450e-01
4.504504504504504292e-02	8.512534861162374122e-01	1.366552408239406491e-01
4.604604604604604912e-02	-1.378816101621185009e-01	1.130176577816932149e+00
4.704704704704704837e-02	2.369240106541636859e+00	-1.373540134834799087e+00
4.804804804804804763e-02	-5.735959327261378471e-01	1.571716304764284144e+00
4.904904904904904689e-02	1.167961800881889278e+00	-1.684080256601254710e-01
5.005005005005004615e-02	3.230571776054677047e-01	6.769415862231297210e-01
5.105105105105105234e-02	1.900013471030792545e+00	-9.005585732017232781e-01
5.205205205205205160e-02	7.900269186188940695e-01	2.078957964093491873e-01
5.305305305305305086e-02	-2.684873322417912628e-02	1.022252463758191565e+00
5.405405405405405705e-02	1.394873967038501750e+00	-4.029735317796249161e-01
5.505505505505505631e-02	1.947189837788633193e+00	-9.597735443318442528e-01
5.605605605605605557e-02	1.491992612774923677e+00	-5.100368734774169965e-01
5.705705705705705483e-02	1.765302805695654786e+00	-7.897786332138160281e-01
5.805805805805805409e-02	5.917290905566686687e-01	3.763988623454501692e-01
5.905905905905906028e-02	9.135509384972234637e-01	4.622345585596554507e-02
6.006006006006005954e-02	5.215398976117154861e-01	4.289318596883960888e-01
6.106106106106105880e-02	8.992152039687836274e-01	4.101403674097536811e-02
6.206206206206206499e-02	3.330521426322272105e-01	5.960048303221354704e-01
6.306306306306305731e-02	-8.029207647715876917e-01	1.719886766567601200e+00
6.406406406406406351e-02	1.521809103975094501e+00	-6.178408205130783148e-01
6.506506506506506970e-02	7.835767898662746589e-01	1.064998809556312320e-01
6.606606606606606202e-02	-7.505393400164339646e-01	1.625844240694247045e+00
6.706706706706706822e-02	1.796032762852536324e+00	-9.363651826717911408e-01
6.806806806806806054e-02	9.578982084726739288e-02	7.473903515389552776e-01
6.906906906906906674e-02	1.249821961871584231e+00	-4.239629809080409650e-01
7.007007007007007293e-02	2.051132683045264304e+00	-1.243411548971457670e+00
7.107107107107106525e-02	1.276046923893528362e+00	-4.872623564608968838e-01
7.207207207207207145e-02	2.489160688147581624e+00	-1.720092681573264670e+00
7.307307307307307764e-02	-4.687139829235685839e-01	1.217304931258559098e+00
7.407407407407406996e-02	1.514945953651079646e+00	-7.875723120780308006e-01
7.507507507507507616e-02	1.421351936971605445e-01	5.633018734487925672e-01
7.607607607607608236e-02	-1.132993379527324207e-01	7.961022551159214755e-01
7.707707707707707467e-02	2.134769615022974742e-01	4.460166120335986584e-01
7.807807807807808087e-02	5.042715048755447294e-01	1.312605809688394132e-01
7.907907907907907319e-02	9.212743198205769479e-01	-3.103321712751538897e-01
8.008008008008007939e-02	-6.121994180435708088e-01	1.197947495585410138e+00
8.108108108108108558e-02	1.892322663277912653e+00	-1.332347877140317216e+00
8.208208208208207790e-02	1.316423272238307574e+00	-7.827755118361849895e-01
8.308308308308308410e-02	-1.184089787008863137e+00	1.690882820977135825e+00
8.408408408408407642e-02	2.494303498429115251e+00	-2.014866336140305414e+00
8.508508508508508261e-02	2.942432295719874968e+00	-2.490825099342979687e+00
8.608608608608608881e-02	2.009021795472048399e+00	-1.585691139415513984e+00
8.708708708708708113e-02	2.905000556247105403e-01	1.041354471247305513e-01
8.808808808808808732e-02	-8.508836249983614541e-01	1.216433736823580469e+00
8.908908908908909352e-02	1.720896784591164019e+00	-1.384793540048948168e+00
9.009009009009008584e-02	-1.174006055351544675e-01	4.237246251419382603e-01
9.109109109109109204e-02	1.827955760736450497e+00	-1.551713876357375899e+00
9.209209209209209823e-02	5.361289744717712136e-01	-2.902423887179210737e-01
9.309309309309309055e-02	1.429311890412648278e+00	-1.214023749667557883e+00
9.409409409409409675e-02	6.196162148112528412e-01	-4.351394080077602977e-01
9.509509509509508907e-02	1.006937859044701566e+00	-8.534548071484848730e-01
9.609609609609609526e-02	1.062252767237049367e-01	1.611224765475237353e-02
9.709709709709710146e-02	2.244746016679064038e+00	-2.153674993992423570e+00
9.809809809809809378e-02	1.500028385862431646e-01	-9.028837370303283150e-02
9.909909909909909997e-02	4.447341548361729568e-01	-4.164352967530546845e-01
1.001001001001000923e-01	2.210485128012309453e+00	-2.213629860220045487e+00
1.011011011011010985e-01	-1.809138742712199655e+00	1.774553529900382509e+00
1.021021021021021047e-01	-1.752878866668168722e+00	1.686887373041548122e+00
1.031031031031030970e-01	9.552333468334370803e-01	-1.052565865201739337e+00
1.041041041041041032e-01	-1.719671390663204846e+00	1.591094095381336393e+00
1.051051051051051094e-01	2.058804105057526534e+00	-2.218499032845075991e+00
1.061061061061061017e-01	-8.802186217198655349e-01	6.895639766868011389e-01
1.071071071071071079e-01	-1.326933690026754542e+00	1.105507857705195551e+00
1.081081081081081141e-01	1.900813417682097883e+00	-2.152791479067222902e+00
1.091091091091091064e-01	1.313248942363112404e+00	-1.595530062837083873e+00
1.101101101101101126e-01	1.747704484921732249e+00	-2.060009529153221663e+00
1.111111111111111049e-01	5.241069087888606814e-01	-8.661270521145288948e-01
1.121121121121121111e-01	-1.687527438945817471e+00	1.316130405138249637e+00
1.131131131131131173e-01	1.668097796685980461e+00	-2.068504462853784531e+00
1.141141141141141097e-01	-1.044986632077030908e+00	6.159662780147046046e-01
1.151151151151151159e-01	2.278446297777741436e-01	-6.850544324568532684e-01
1.161161161161161082e-01	3.697555050957692657e-01	-8.547026418132566139e-01
1.171171171171171144e-01	-1.021719300144354747e+00	5.095143721912406276e-01
1.181181181181181206e-01	-1.092141101206582088e-01	-4.297421122395582715e-01
1.191191191191191129e-01	2.315528430239016944e-01	-7.967274097892943496e-01
1.201201201201201191e-01	-4.727893253819245301e-01	-1.180447096240332394e-01
1.211211211211211253e-01	-2.316262561382239848e+00	1.700353307815060333e+00
1.221221221221221176e-01	-6.209043014186323983e-01	-1.947112525439342878e-02
1.231231231231231238e-01	6.060810078517714361e-01	-1.270289368657385509e+00
1.241241241241241300e-01	-1.905611477664951314e+00	1.218226989035841257e+00
1.251251251251251362e-01	-1.253936160241476694e+00	5.440552679470480602e-01
1.261261261261261146e-01	-1.639161029827699068e+00	9.074857037260211090e-01
1.271271271271271208e-01	1.127452763816373382e+00	-1.880199002314328016e+00
1.281281281281281270e-01	-3.459222403483790398e-01	-4.271505530403384432e-01
1.291291291291291332e-01	-7.059515864339153124e-01	-8.668330430776938211e-02
1.301301301301301394e-01	-2.164387540565945400e+00	1.352974354103079424e+00
1.311311311311311179e-01	-5.821799687650386357e-01	-2.472091427600437985e-01
1.321321321321321240e-01	-2.098122613437028772e+00	1.251577723106968243e+00
1.331331331331331302e-01	-1.240278050262185960e+00	3.774144919762548733e-01
1.341341341341341364e-01	-2.070562316579436679e+00	1.192233337996667863e+00
1.351351351351351426e-01	-4.683224118176262940e-01	-4.246034463319420804e-01
1.361361361361361211e-01	-6.065604382704385955e-01	-3.000793245064503623e-01
1.371371371371371273e-01	-1.591920206697533313e+00	6.724630753073281841e-01
1.381381381381381335e-01	-8.552859375159703736e-01	-7.607935194388359967e-02
1.391391391391391397e-01	-2.696991470591747486e+00	1.754639009057428867e+00
1.401401401401401459e-01	-3.188531504858806098e+00	2.236123721974354606e+00
1.411411411411411521e-01	-8.222219689351026872e-01	-1.392993413120229285e-01
1.421421421421421305e-01	-1.169068671223211897e+00	1.993846395655243242e-01
1.431431431431431367e-01	-6.010613297103768460e-01	-3.758265456511157288e-01
1.441441441441441429e-01	1.536546238962524180e+00	-2.519671956758228415e+00
1.451451451451451491e-01	-2.409468725253852972e-01	-7.474445181080874301e-01
1.461461461461461553e-01	-2.531402953900206310e+00	1.538723267016686158e+00
1.471471471471471337e-01	-4.130687729201325958e-02	-9.546794887470910762e-01
1.481481481481481399e-01	-3.022457353807949776e+00	2.024149195536681489e+00
1.491491491491491461e-01	-1.973937627221424407e+00	9.742948595591944816e-01
1.501501501501501523e-01	-1.489667574412428586e+00	4.896786999367145343e-01
1.511511511511511585e-01	6.945540460145704920e-01	-1.693900182476551386e+00
1.521521521521521647e-01	-2.312192205048293481e+00	1.314477015852032027e+00
1.531531531531531432e-01	-2.400646449489568734e+00	1.405548804039302713e+00
1.541541541541541493e-01	-1.496371454606172824e+00	5.048753610087879373e-01
1.551551551551551555e-01	-2.184748467796993499e+00	1.197834372743833420e+00
1.561561561561561617e-01	2.441689540803541891e-02	-1.005773076161594837e+00
1.571571571571571679e-01	-2.678134378424388284e+00	1.703306531749854136e+00
1.581581581581581464e-01	-2.744633464359765629e+00	1.777297915962475328e+00
1.591591591591591526e-01	-1.860087543053908110e+00	9.012008483292582861e-01
1.601601601601601588e-01	-1.914316040854345813e+00	9.648264004995324994e-01
1.611611611611611650e-01	1.083037529293452206e+00	-2.022191206913220185e+00
1.621621621621621712e-01	-1.105054431430142342e-01	-8.173835841534952129e-01
1.631631631631631496e-01	-1.150732397956187647e+00	2.350255694560181574e-01
1.641641641641641558e-01	-2.746811332137383932e+00	1.844192204468349638e+00
1.651651651651651620e-01	-1.906041724995970743e-01	-6.980346941527589832e-01
1.661661661661661682e-01	-2.431553613552340565e+00	1.557773743639611963e+00
1.671671671671671744e-01	-3.071187253389579208e+00	2.213130422533891917e+00
1.681681681681681528e-01	3.138166178530971684e-01	-1.155301915153147618e+00
1.691691691691691590e-01	-7.218527567589883009e-01	-1.022288993443761784e-01
1.701701701701701652e-01	4.882016359231504399e-02	-8.546832805499845476e-01
1.711711711711711714e-01	-6.700675812957189725e-01	-1.167801140758712997e-01
1.721721721721721776e-01	2.286954140861927748e-02	-7.899237362642181903e-01
1.731731731731731838e-01	-1.806330046871102102e+00	1.059827858543050283e+00
1.741741741741741623e-01	-2.244981083862962024e+00	1.519769085102564254e+00
1.751751751751751685e-01	-1.050560730143703519e-01	-5.981486060663137039e-01
1.761761761761761746e-01	-1.887658037853887194e+00	1.207156046498634616e+00
1.771771771771771808e-01	-1.714700471490317346e+00	1.057574086221128917e+00
1.781781781781781870e-01	-1.394328816023924222e+00	7.612278400971033143e-01
1.791791791791791655e-01	-7.773475371011377977e-01	1.688980161069199015e-01
1.801801801801801717e-01	-1.199974601140314290e+00	6.167782039340403699e-01
1.811811811811811779e-01	-2.408136413193118663e+00	1.850769836931476231e+00
1.821821821821821841e-01	-1.472969217040889900e+00	9.419836169115693991e-01
1.831831831831831903e-01	-3.375139822290959213e+00	2.871060266499634750e+00
1.841841841841841965e-01	1.653734343735734358e-01	-6.420484838200005706e-01
1.851851851851851749e-01	-2.531989231882486369e+00	2.083190051682024091e+00
1.861861861861861811e-01	-1.865434878203425351e+00	1.444955364934211062e+00
1.871871871871871873e-01	-3.966380518987501769e-01	4.893999178352259616e-03
1.881881881881881935e-01	-1.326252978938707416e+00	9.636317651570400766e-01
1.891891891891891997e-01	1.513488760533498789e+00	-1.846628555275556582e+00
1.901901901901901781e-01	-1.925664145186713139e+00	1.622335196712085814e+00
1.911911911911911843e-01	3.149118874314409122e-02	-3.047093423516104016e-01
1.921921921921921905e-01	-3.095561003905435427e-01	6.671891501195620355e-02
1.931931931931931967e-01	-1.645319503062404154e+00	1.433103416879896397e+00
1.941941941941942029e-01	4.798641507766425174e-01	-6.612492866492932775e-01
1.951951951951951814e-01	-3.265840716164044588e-01	1.762092498024674658e-01
1.961961961961961876e-01	8.771184661009179262e-01	-9.963342748370921376e-01
1.971971971971971938e-01	9.855366576373083554e-01	-1.073475566048370133e+00
1.981981981981981999e-01	2.666879775522928764e+00	-2.723454824706721400e+00
1.991991991991992061e-01	1.682469528430394545e+00	-1.707624773819770514e+00
2.002002002002001846e-01	-3.684450878875701330e-01	3.747345212036371498e-01
2.012012012012011908e-01	-1.673125898437328729e-01	2.050404825224496075e-01
2.022022022022021970e-01	1.517069960985849120e+00	-1.447940916391064814e+00
2.032032032032032032e-01	1.008554654464197675e+00	-9.080928166120296741e-01
2.042042042042042094e-01	1.030665461073139166e+00	-8.989701722375151860e-01
2.052052052052052156e-01	-1.699142370108355893e+00	1.861940882273450004e+00
2.062062062062061940e-01	2.983771724854423768e-01	-1.046364212485456080e-01
2.072072072072072002e-01	-5.372598150084285651e-01	7.617512236460005637e-01
2.082082082082082064e-01	7.466643144365281426e-01	-4.916442380362180398e-01
2.092092092092092126e-01	3.265951445236798811e-01	-4.129857844963019664e-02
2.102102102102102188e-01	1.597806180289811584e+00	-1.282515241714309084e+00
2.112112112112111972e-01	9.017382203574959565e-01	-5.567646865629058972e-01
2.122122122122122034e-01	1.516329236162361482e+00	-1.142014236238342750e+00
2.132132132132132096e-01	1.217352137969288442e-02	3.911128011042875885e-01
2.142142142142142158e-01	-5.250037767968764868e-01	9.568626298101734484e-01
2.152152152152152220e-01	1.675823940975673942e-01	2.924219433010434299e-01
2.162162162162162282e-01	6.910073131259090173e-01	-2.033123693122744768e-01
2.172172172172172067e-01	1.214106473837854416e+00	-6.992031835970422549e-01
2.182182182182182129e-01	3.549115743402937451e+00	-3.007513271854747927e+00
2.192192192192192191e-01	7.526391266046147388e-01	-1.848730405099069385e-01
2.202202202202202252e-01	-3.337668154990930947e-01	9.271350773367135201e-01
2.212212212212212314e-01	4.569992933476383357e-01	1.613843885685773971e-01
2.222222222222222099e-01	3.516039163531594625e-01	2.911836933333790123e-01
2.232232232232232161e-01	1.555787997517468435e+00	-8.892320843350970394e-01
2.242242242242242223e-01	-8.892701423953809359e-01	1.578935231373642445e+00
2.252252252252252285e-01	1.114325548307733005e+00	-4.022332628767076868e-01
2.262262262262262347e-01	1.256313388144093102e+00	-5.224980628673653316e-01
2.272272272272272131e-01	1.381730612616258513e+00	-6.269178850554600890e-01
2.282282282282282193e-01	3.933475493716906968e-01	3.817161795079107023e-01
2.292292292292292255e-01	8.662093211533437032e-01	-7.166101724090012670e-02
2.302302302302302317e-01	-5.704970508834170673e-01	1.383744236107150138e+00
2.312312312312312379e-01	6.018674807003544514e-01	2.292744016153388520e-01
2.322322322322322163e-01	5.624605302146498120e-01	2.857541696981519275e-01
2.332332332332332225e-01	1.763960328081139561e+00	-8.995115726212750129e-01
2.342342342342342287e-01	-1.471134477627337456e-01	1.026941443579162838e+00
2.352352352352352349e-01	2.258286271486603880e+00	-1.363949058355576671e+00
2.362362362362362411e-01	3.147958776453131158e+00	-2.239996716573585012e+00
2.372372372372372473e-01	-1.211570973978838950e+00	2.132260037031702193e+00
2.382382382382382258e-01	1.873344408373061931e+00	-9.408387708933546589e-01
2.392392392392392320e-01	2.187366965017957021e+00	-1.243966866746376132e+00
2.402402402402402382e-01	5.819514918499046896e-01	3.714101805275243917e-01
2.412412412412412444e-01	8.906363086916067040e-01	7.174420054502672617e-02
2.422422422422422505e-01	1.228347645637982266e+00	-2.578999551181853089e-01
2.432432432432432290e-01	1.046024383713306083e+00	-6.846914476562004914e-02
2.442442442442442352e-01	1.040391830154095976e+00	-5.669570397448597809e-02
2.452452452452452414e-01	-6.337584860187411850e-01	1.622622765782177012e+00
2.462462462462462476e-01	2.846217538493804877e+00	-1.853162949353437172e+00
2.472472472472472538e-01	2.751150666981724502e+00	-1.754887756283169953e+00
2.482482482482482600e-01	4.274290037831965372e-01	5.710570680873259253e-01
2.492492492492492384e-01	-3.768511142614001663e-01	1.376572988531788777e+00
2.502502502502502724e-01	2.067207276302815089e+00	-1.067238180435068351e+00
2.512512512512512508e-01	7.170723031763369670e-01	2.821551890197424584e-01
2.522522522522522292e-01	1.597215563264219984e+00	-5.997177666697202092e-01
2.532532532532532632e-01	1.022108330063518311e+00	-2.732661058093299733e-02
2.542542542542542416e-01	2.255265225767051795e+00	-1.264183279098032076e+00
2.552552552552552756e-01	2.239914557357498115e+00	-1.253512420661783811e+00
2.562562562562562540e-01	4.820997387912103194e-01	4.986471784288294962e-01
2.572572572572572325e-01	-3.343665542919180833e-01	1.308488434730654459e+00
2.582582582582582664e-01	-5.820064303944409989e-01	1.548540007952482478e+00
2.592592592592592449e-01	2.096837556432125105e+00	-1.138848044116636204e+00
2.602602602602602788e-01	-1.242079045961692052e-01	1.072706038155964325e+00
2.612612612612612573e-01	7.095959778943586871e-01	2.284728490018076430e-01
2.622622622622622357e-01	5.747005586306253022e-01	3.520113467746600611e-01
2.632632632632632697e-01	1.227922717400665276e+00	-3.134841179554992419e-01
2.642642642642642481e-01	-1.098767209449409421e+00	2.000028254995354082e+00
2.652652652652652820e-01	1.493173898160073954e+00	-6.059816237514698001e-01
2.662662662662662605e-01	1.878639078772840643e+00	-1.006392880753354424e+00
2.672672672672672389e-01	1.317374181627051888e+00	-4.609365857337052175e-01
2.682682682682682729e-01	8.008274365055358945e-01	3.895466395300350992e-02
2.692692692692692513e-01	1.275643625163305872e+00	-4.533474435644959666e-01
2.702702702702702853e-01	1.609652447799882591e+00	-8.056553174329416089e-01
2.712712712712712637e-01	-2.304521010315751628e+00	3.089424052202156545e+00
2.722722722722722422e-01	3.485154647731869115e+00	-2.720121850273978126e+00
2.732732732732732761e-01	1.520145657432364183e+00	-7.757396115439453288e-01
2.742742742742742545e-01	2.010994594895833543e-01	5.219437245719269480e-01
2.752752752752752885e-01	4.955542532547083656e-01	2.054110835128886148e-01
2.762762762762762669e-01	1.546580370422526052e+00	-8.683860346078591252e-01
2.772772772772773009e-01	7.627428129505142707e-01	-1.079901145107802218e-01
2.782782782782782793e-01	-1.621001396142465412e+00	2.251665001185022774e+00
2.792792792792792578e-01	3.379512059141811520e+00	-2.773561182878261810e+00
2.802802802802802917e-01	6.681733864933382394e-01	-8.753443706473285069e-02
2.812812812812812702e-01	2.014494428410733562e+00	-1.459741574026615307e+00
2.822822822822823041e-01	-1.354159410901276117e-01	6.637341298361782993e-01
2.832832832832832826e-01	2.554390381212525263e+00	-2.053029288624918625e+00
2.842842842842842610e-01	9.770620767225393077e-01	-5.031538541320956792e-01
2.852852852852852950e-01	1.325155702858484608e+00	-8.791689771734083614e-01
2.862862862862862734e-01	-7.492985332469476178e-01	1.166922745453414567e+00
2.872872872872873073e-01	1.979132130894631691e+00	-1.590283402303244387e+00
2.882882882882882858e-01	1.291663954469119746e+00	-9.319752248245829485e-01
2.892892892892892642e-01	1.986760183951363778e+00	-1.656587133550526225e+00
2.902902902902902982e-01	-4.279008893567634031e-01	7.282317669685145489e-01
2.912912912912912766e-01	-2.841563629700049054e-01	5.543480838537874211e-01
2.922922922922923106e-01	3.090611182884175800e+00	-2.850825799386439652e+00
2.932932932932932890e-01	-1.091040805259611668e+00	1.300182738197178889e+00
2.942942942942942675e-01	4.703527698685722007e-03	1.735881434592915495e-01
2.952952952952953014e-01	1.524450365370636273e+00	-1.377185260750495743e+00
2.962962962962962798e-01	1.864654749601849515e-01	-7.037256083495389836e-02
2.972972972972973138e-01	7.469406376407821124e-01	-6.621347131652723927e-01
2.982982982982982922e-01	-5.025361142016202542e-01	5.559711881946779455e-01
2.992992992992992707e-01	3.958261997816159283e-01	-3.738148158553865619e-01
3.003003003003003046e-01	-1.707526603271724452e+00	1.698092531045827469e+00
3.013013013013012831e-01	1.892922705662756000e+00	-1.933792905103466353e+00
3.023023023023023170e-01	-3.379972657783344991e-01	2.657313538577467105e-01
3.033033033033032955e-01	-1.080239973358183336e+00	9.766498095259447121e-01
3.043043043043043294e-01	5.414349641034191807e-01	-6.762469441100029677e-01
3.053053053053053079e-01	-8.875943231237112263e-01	7.216938365549980805e-01
3.063063063063062863e-01	-1.993821279982221917e+00	1.796996338514518232e+00
3.073073073073073203e-01	-2.048224142129118519e+00	1.820669377253035792e+00
3.083083083083082987e-01	4.261491600422845361e-01	-6.842087294711336476e-01
3.093093093093093326e-01	-6.640324382303144368e-01	3.757232479580917550e-01
3.103103103103103111e-01	-6.697449278837650510e-01	3.514712129914571159e-01
3.113113113113112895e-01	7.702807070501371811e-01	-1.118204219744420858e+00
3.123123123123123235e-01	-1.972466456012480718e+00	1.595237191709710789e+00
3.133133133133133019e-01	-1.517364742063410876e+00	1.111202751508939990e+00
3.143143143143143359e-01	-1.122354143881939326e+00	6.876610627275432375e-01
3.153153153153153143e-01	-5.744564499479175579e-01	1.116621269806195027e-01
3.163163163163162928e-01	-7.825410848896797722e-01	2.921031569732599475e-01
3.173173173173173267e-01	-1.108014128884065697e+00	5.904175684221877329e-01
3.183183183183183051e-01	-8.720284787679465355e-01	3.277851141363677945e-01
3.193193193193193391e-01	-9.639748466459520104e-01	3.936228560680505861e-01
3.203203203203203175e-01	-1.743377650324605677e+00	1.147481029690707643e+00
3.213213213213212960e-01	-1.887884065590905491e+00	1.267032070747662775e+00
3.223223223223223299e-01	-5.805305100284060549e-01	-6.466292591028655057e-02
3.233233233233233084e-01	-2.045078533385540354e+00	1.376181659641201538e+00
3.243243243243243423e-01	-2.397001551202140757e+00	1.705062682224594894e+00
3.253253253253253208e-01	-1.391861002727673435e+00	6.775643663006525319e-01
3.263263263263262992e-01	-1.221806144440344521e+00	4.858580769562422796e-01
3.273273273273273332e-01	1.711379895455278799e+00	-2.468251647460270704e+00
3.283283283283283116e-01	-1.961301327470591938e+00	1.184254327988304212e+00
3.293293293293293456e-01	4.038375303323549909e-02	-8.368376125381651320e-01
3.303303303303303240e-01	-2.314379770803161873e-01	-5.836351644059456500e-01
3.313313313313313024e-01	-2.639478354765914414e+00	1.806591921125141997e+00
3.323323323323323364e-01	-2.566118749624692330e-01	-5.932642462282171625e-01
3.333333333333333148e-01	-2.678239416014520646e+00	1.812214012230082716e+00
3.343343343343343488e-01	-4.503088636056415517e+00	3.621770323946608361e+00
3.353353353353353272e-01	-5.055289784927886609e-01	-3.902107451924662351e-01
3.363363363363363057e-01	-3.417927034201095893e+00	2.508651656387207662e+00
3.373373373373373396e-01	-7.250905931281128591e-01	-1.968212965571120021e-01
3.383383383383383181e-01	-2.137733403077583194e+00	1.204096639466737173e+00
3.393393393393393520e-01	7.244334130354388446e-01	-1.668871818416267860e+00
3.403403403403403304e-01	-1.980718667143510289e-02	-9.344989470573132895e-01
3.413413413413413644e-01	-1.902491672879716544e+00	9.392614819858038366e-01
3.423423423423423428e-01	-2.199122409909763043e+00	1.227920657639387070e+00
3.433433433433433213e-01	-2.850228555337876557e+00	1.872015620204668274e+00
3.443443443443443552e-01	-1.904039618659009392e+00	9.197828122256408445e-01
3.453453453453453337e-01	-1.714202289212422681e+00	7.248748995589291422e-01
3.463463463463463676e-01	-1.824550875313774245e+00	8.311312045959635686e-01
3.473473473473473461e-01	-1.184880780650884535e+00	1.883511777005477672e-01
3.483483483483483245e-01	-6.737836114306706703e-01	-3.248704996457857375e-01
3.493493493493493585e-01	-9.626274793587368261e-01	-3.716361490518926836e-02
3.503503503503503369e-01	-2.330642332301892328e+00	1.330702904101598527e+00
3.513513513513513709e-01	-3.151790586466650890e+00	2.152691620261969252e+00
3.523523523523523493e-01	3.070866765883191185e-01	-1.304357215961151839e+00
3.533533533533533277e-01	-2.216472620273143956e+00	1.222016664517866280e+00
3.543543543543543617e-01	-2.156626875656979525e+00	1.165968877087547817e+00
3.553553553553553401e-01	-1.981268585700516782e+00	9.953881622531207674e-01
3.563563563563563741e-01	-3.596881772060895432e+00	2.616753817338719035e+00
3.573573573573573525e-01	-1.899774417330427401e+00	9.263681365744246277e-01
3.583583583583583310e-01	-1.893114553726448657e+00	9.273925054110935262e-01
3.593593593593593649e-01	-5.402288627281874867e-01	-4.168539932700833228e-01
3.603603603603603434e-01	-4.292592840663667642e-01	-5.182379626540634110e-01
3.613613613613613773e-01	-1.276547354048572558e+00	3.395726547811347418e-01
3.623623623623623557e-01	-1.182047103305866181e-01	-8.073209085910916238e-01
3.633633633633633342e-01	-8.328031627775834833e-01	-8.035816439540011125e-02
3.643643643643643681e-01	-1.242793436886335590e+00	3.428993863630172001e-01
3.653653653653653466e-01	-9.997483485534549574e-01	1.140114401569246594e-01
3.663663663663663805e-01	-1.411435131025819967e+00	5.407312308606925244e-01
3.673673673673673590e-01	-1.640696015345438852e+00	7.858861240385121016e-01
3.683683683683683929e-01	-1.463860127066798578e+00	6.257895283615724225e-01
3.693693693693693714e-01	-2.494337642742941785e+00	1.673835067635853768e+00
3.703703703703703498e-01	-7.355266452587003734e-01	-6.659654749634380533e-02
3.713713713713713838e-01	-2.272917479348341541e+00	1.489966853139878200e+00
3.723723723723723622e-01	1.265058897410645949e-02	-7.756544233456337256e-01
3.733733733733733962e-01	-1.296780837025620414e+00	5.544782952800112463e-01
3.743743743743743746e-01	-8.959535737735458971e-01	1.750863548489599575e-01
3.753753753753753530e-01	-3.221845275300481704e-01	-3.765345348223199662e-01
3.763763763763763870e-01	-1.143276662922903392e-01	-5.615523070703893893e-01
3.773773773773773654e-01	-2.793250000128121524e+00	2.140877463606330355e+00
3.783783783783783994e-01	-1.081343407053685590e+00	4.531234097580431053e-01
3.793793793793793778e-01	2.863397940731730595e-01	-8.897860331365992081e-01
3.803803803803803563e-01	-2.846988826394668770e+00	2.268913066894296726e+00
3.813813813813813902e-01	-2.517756475615087197e-01	-3.003579987915609983e-01
3.823823823823823687e-01	-3.460582001793467644e+00	2.934936449162146133e+00
3.833833833833834026e-01	-1.901135376404061716e+00	1.402497705163069597e+00
3.843843843843843811e-01	-5.521746312807649382e-01	8.103792219774674788e-02
3.853853853853853595e-01	-2.589540043683077997e+00	2.146370183038950330e+00
3.863863863863863934e-01	-1.718057664110584470e+00	1.303292883005177538e+00
3.873873873873873719e-01	-2.265239395105560494e+00	1.879289836110230372e+00
3.883883883883884058e-01	1.613419428597377081e+00	-1.970172117011608215e+00
3.893893893893893843e-01	-1.726032593193078946e-01	-1.545997815384645147e-01
3.903903903903903627e-01	3.647399992667976765e-01	-6.620698359339705075e-01
3.913913913913913967e-01	-5.650368413791245770e-01	2.978742252446029415e-01
3.923923923923923751e-01	-6.830162922074777265e-01	4.462850819157961890e-01
3.933933933933934091e-01	-2.189193404105704843e+00	1.983127692694012456e+00
3.943943943943943875e-01	-5.178259136184305556e-01	3.426294703665603292e-01
3.953953953953953659e-01	-1.047644372330964968e+00	9.034904412630057058e-01
3.963963963963963999e-01	9.829171329727532935e-01	-1.095886004401826819e+00
3.973973973973973783e-01	1.374913955876462479e+00	-1.456586057739669648e+00
3.983983983983984123e-01	1.812673691582677327e+00	-1.862968261946043702e+00
3.993993993993993907e-01	1.097297808833009647e+00	-1.116165113617476612e+00
4.004004004004003692e-01	-6.408002393336370561e-01	6.533788571723766481e-01
4.014014014014014031e-01	-1.225716660615811415e+00	1.269728762638191899e+00
4.024024024024023816e-01	1.126617387612228738e+00	-1.051215323029828008e+00
4.034034034034034155e-01	6.627017257546158335e-01	-5.559842603832575447e-01
4.044044044044043940e-01	-1.898693631261790582e+00	2.036620969234443912e+00
4.054054054054054279e-01	7.517073878916544771e-01	-5.827065675698055447e-01
4.064064064064064064e-01	1.358576156802856039e+00	-1.158668971578051377e+00
4.074074074074073848e-01	4.603440786701477050e-01	-2.297282079277088440e-01
4.084084084084084187e-01	1.986066480317374427e-01	6.248986238035147966e-02
4.094094094094093972e-01	-5.222587474246761508e-01	8.135777107002225561e-01
4.104104104104104311e-01	-1.268496707319586081e+00	1.589750051003729236e+00
4.114114114114114096e-01	1.532283667131791205e+00	-1.181413616280460932e+00
4.124124124124123880e-01	2.011166390637707524e-01	1.790231590598242994e-01
4.134134134134134220e-01	3.429959797760310236e-01	6.603766216471512740e-02
4.144144144144144004e-01	2.797358750871990818e+00	-2.359835740415087812e+00
4.154154154154154344e-01	1.544381909310795553e+00	-1.078802177516837713e+00
4.164164164164164128e-01	1.193385707846763122e+00	-7.002096459472892942e-01
4.174174174174173912e-01	9.467020379964529164e-01	-4.264173260148743649e-01
4.184184184184184252e-01	2.666220126929479406e+00	-2.119341251435852058e+00
4.194194194194194036e-01	2.938398094997514143e+00	-2.365465840355495786e+00
4.204204204204204376e-01	1.992063170195014665e+00	-1.393644083804087552e+00
4.214214214214214160e-01	1.599457769856047928e+00	-9.761436019178321155e-01
4.224224224224223945e-01	-1.649552657715806614e+00	2.297145539353199872e+00
4.234234234234234284e-01	1.121458096809046623e+00	-4.502268774681443819e-01
4.244244244244244069e-01	8.445546554935304817e-01	-1.503488493528081227e-01
4.254254254254254408e-01	1.147556358756546047e+00	-4.310624352737628673e-01
4.264264264264264193e-01	2.213010137555170065e+00	-1.474936605922832156e+00
4.274274274274273977e-01	-2.278799656411987229e+00	3.037722947880075353e+00
4.284284284284284317e-01	4.261449051505319940e-01	3.528776804329584738e-01
4.294294294294294101e-01	1.476420431039442871e+00	-6.780688923650374234e-01
4.304304304304304440e-01	5.974464137576765976e-01	2.194446234352285252e-01
4.314314314314314225e-01	-5.387895136383025196e-01	1.373412261886119756e+00
4.324324324324324564e-01	2.295697473956296530e+00	-1.444168336222985349e+00
4.334334334334334349e-01	1.585266988591469861e+00	-7.176735009238683904e-01
4.344344344344344133e-01	6.874723527028013537e-02	8.140526774543388466e-01
4.354354354354354473e-01	1.663386977073586959e+00	-7.662536011312732764e-01
4.364364364364364257e-01	2.304802961196968258e+00	-1.394223257604932931e+00
4.374374374374374597e-01	1.313807369479475629e+00	-3.906817702851634877e-01
4.384384384384384381e-01	2.303330220319390165e+00	-1.368571563652239309e+00
4.394394394394394165e-01	1.434603432467679296e+00	-4.891360598738163645e-01
4.404404404404404505e-01	8.685403053641101989e-01	8.670085223417678399e-02
4.414414414414414289e-01	-5.470739083881665660e-02	1.018777737654966931e+00
4.424424424424424629e-01	1.278244240106503060e+00	-3.062980306542691933e-01
4.434434434434434413e-01	1.637627500639895262e+00	-6.587665432260338960e-01
4.444444444444444198e-01	2.487624278093032881e+00	-1.502816525080825194e+00
4.454454454454454537e-01	1.277073194477694962e+00	-2.872924787539115066e-01
4.464464464464464322e-01	1.986746960379632165e+00	-9.929720323742081689e-01
4.474474474474474661e-01	2.324402227652477837e-01	7.643462173917865421e-01
4.484484484484484446e-01	4.621588513459652381e-01	5.366534228813039098e-01
4.494494494494494230e-01	1.289955012222934405e+00	-2.901045852646340073e-01
4.504504504504504570e-01	1.306983840057136526e-01	8.692014877610352297e-01
4.514514514514514354e-01	2.437683954413928600e+00	-1.438723394655101018e+00
4.524524524524524693e-01	1.978252908433998147e+00	-9.812194886553079476e-01
4.534534534534534478e-01	1.741667727327399495e+00	-7.475473698374600628e-01
4.544544544544544262e-01	1.807720549683769828e+00	-8.174962961925711369e-01
4.554554554554554602e-01	3.859159384101796153e+00	-2.873810423634179489e+00
4.564564564564564386e-01	7.775235308812938895e-01	2.019757684998226832e-01
4.574574574574574726e-01	-1.353038014785668874e+00	2.325719069488829227e+00
4.584584584584584510e-01	1.592063359882488260e+00	-6.271623911877491908e-01
4.594594594594594295e-01	1.265939138244795092e+00	-3.097724035055436920e-01
4.604604604604604634e-01	6.795237298423240091e-01	2.669632598925283373e-01
4.614614614614614418e-01	1.033810612489384356e-01	8.324902443048740608e-01
4.624624624624624758e-01	7.524914236606188300e-01	1.718387559166898448e-01
4.634634634634634542e-01	1.500646915367602530e+00	-5.887718910525685523e-01
4.644644644644644327e-01	6.403446870821835057e-01	2.581734690376846775e-01
4.654654654654654666e-01	4.196236077934226039e+00	-3.311963294925448054e+00
4.664664664664664451e-01	1.768732957871908817e-02	8.514656620232805562e-01
4.674674674674674790e-01	2.034403594204377552e-01	6.497333737729547032e-01
4.684684684684684575e-01	-1.651694661155443500e+00	2.488045470121220237e+00
4.694694694694694914e-01	1.453912250332903611e+00	-6.352113959670750987e-01
4.704704704704704699e-01	-1.357790210237903139e+00	2.158031532891935278e+00
4.714714714714714483e-01	4.378697696365219105e-01	3.431206980093968184e-01
4.724724724724724823e-01	7.301422956595313707e-01	3.082503000213621114e-02
4.734734734734734607e-01	1.647248019928977403e-01	5.754668947090467723e-01
4.744744744744744946e-01	3.140536452554246516e+00	-2.421852327685708683e+00
4.754754754754754731e-01	2.181151151208434946e+00	-1.484685273159212393e+00
4.764764764764764515e-01	2.545139720010065609e+00	-1.871580793123199360e+00
4.774774774774774855e-01	-1.945654764863393726e-01	8.445513995399863694e-01
4.784784784784784639e-01	2.243237982651602458e+00	-1.617467805799795100e+00
4.794794794794794979e-01	1.427178540400450446e+00	-8.262429062373276567e-01
4.804804804804804763e-01	1.735391606027102185e+00	-1.159884753257211187e+00
4.814814814814814548e-01	2.008436703964233683e+00	-1.458927725893426786e+00
4.824824824824824887e-01	-4.231395996738506748e-01	9.461073178896539648e-01
4.834834834834834671e-01	1.376972102064494552e-01	3.582121084779404940e-01
4.844844844844845011e-01	1.678836860829604927e+00	-1.210476324496944089e+00
4.854854854854854795e-01	-2.684273600652066882e+00	3.124622213586686126e+00
4.864864864864864580e-01	2.398057971137726341e+00	-1.986156722893732240e+00
4.874874874874874919e-01	1.169279694761387489e+00	-7.862331221582186114e-01
4.884884884884884704e-01	3.910253468509360397e-01	-3.721222772459636952e-02
4.894894894894895043e-01	6.733097727293384516e-01	-3.490799772449668104e-01
4.904904904904904828e-01	-8.929898835424154857e-01	1.187315738861697723e+00
4.914914914914914612e-01	-1.012041980132449698e-01	3.653350673298532136e-01
4.924924924924924952e-01	1.632731436613408915e+00	-1.399056740649156527e+00
4.934934934934934736e-01	1.815613872123695849e+00	-1.612626420096933133e+00
4.944944944944945076e-01	3.482027927986101723e+00	-3.309928445221933302e+00
4.954954954954954860e-01	1.683403600986599358e-02	1.242072959150542499e-01
4.964964964964965199e-01	-7.465935169992459208e-01	8.564372285417466424e-01
4.974974974974974984e-01	-6.117419518898465913e-01	6.902794234555166275e-01
4.984984984984984768e-01	-1.274839586717077200e+00	1.321993156069384723e+00
4.994994994994995108e-01	-1.523908313547683580e-01	1.681138704118092242e-01
5.005005005005005447e-01	3.735802672381120515e-01	-3.893033062951534728e-01
5.015015015015015232e-01	-1.776682594184204877e-01	1.305146900661141585e-01
5.025025025025025016e-01	1.161335476859288507e+00	-1.239872948424957322e+00
5.035035035035034801e-01	-5.147704892683269140e-01	4.049267777258274692e-01
5.045045045045044585e-01	-6.938062400127694707e-01	5.527649080878521692e-01
5.055055055055055480e-01	-1.018682747521086895e+00	8.465832647569179192e-01
5.065065065065065264e-01	-2.343923726481496939e+00	2.140936274454735333e+00
5.075075075075075048e-01	-2.303663744712165506e+00	2.069989048747914229e+00
5.085085085085084833e-01	-1.863899730977103930e+00	1.599768861660498587e+00
5.095095095095094617e-01	1.147124834117402736e+00	-1.441450689436683863e+00
5.105105105105105512e-01	5.886035450893857268e-01	-9.128333405737578676e-01
5.115115115115115296e-01	1.139004926317068289e+00	-1.492818045443406794e+00
5.125125125125125081e-01	-2.226661150072774209e+00	1.843614577469608218e+00
5.135135135135134865e-01	-3.041329416018730303e+00	2.629428167774740643e+00
5.145145145145144649e-01	-1.464964398732050199e+00	1.024615785797431844e+00
5.155155155155155544e-01	-4.798420832891361343e-01	1.148154695647485291e-02
5.165165165165165329e-01	-1.241242311091776268e-01	-3.717850875752112816e-01
5.175175175175175113e-01	5.154239425218642978e-01	-1.038391660737664868e+00
5.185185185185184897e-01	-4.567731525933971803e-01	-9.273582547740871762e-02
5.195195195195194682e-01	1.308249722201901166e+00	-1.883756574971789721e+00
5.205205205205205576e-01	-1.146126273545817531e+00	5.451906393826942976e-01
5.215215215215215361e-01	-2.029252050345971004e+00	1.403481873494166088e+00
5.225225225225225145e-01	-3.002934907551107369e+00	2.352948984497462703e+00
5.235235235235234930e-01	-2.060123008568538694e+00	1.386564081681673333e+00
5.245245245245244714e-01	-6.997833676450222473e-01	3.317489595802025626e-03
5.255255255255255609e-01	-2.116709436111893883e+00	1.398025311243355606e+00
5.265265265265265393e-01	9.783887344499729577e-02	-8.380305701469398239e-01
5.275275275275275177e-01	6.542111537539814226e-01	-1.415178479415649448e+00
5.285285285285284962e-01	-4.020440233635546257e+00	3.239449765989629526e+00
5.295295295295294746e-01	-6.967839119811918003e-02	-7.305629314559114462e-01
5.305305305305305641e-01	-3.909105646514639876e+00	3.090404792148811808e+00
5.315315315315315425e-01	-6.896102691542768115e-01	-1.467405398114982606e-01
5.325325325325325210e-01	2.892503324280406019e-01	-1.142424065621433504e+00
5.335335335335334994e-01	-1.166231524698152500e+00	2.970785330961543957e-01
5.345345345345344779e-01	-2.830131160306463389e+00	1.945858377297686959e+00
5.355355355355355673e-01	-1.987063421329520629e+00	1.088545265209653667e+00
5.365365365365365458e-01	-1.598183920685052106e+00	6.863088963700179068e-01
5.375375375375375242e-01	-1.521881133966325406e+00	5.975509543890171749e-01
5.385385385385385026e-01	-1.570336940616876786e+00	6.344656350630654140e-01
5.395395395395394811e-01	-1.471842206727667302e+00	5.253552169928159543e-01
5.405405405405405705e-01	-1.085899991412596854e+00	1.297332566733463421e-01
5.415415415415415490e-01	-2.840336494502062159e+00	1.875435525807322978e+00
5.425425425425425274e-01	-1.653610401305295463e+00	6.809293466021355545e-01
5.435435435435435059e-01	5.007514607517825622e-01	-1.480250760132898691e+00
5.445445445445444843e-01	-1.839663550473576326e+00	8.543145900059604392e-01
5.455455455455455738e-01	-1.916994206445078008e+00	9.267699529538792058e-01
5.465465465465465522e-01	-5.549203429309324670e-02	-9.386283231968460816e-01
5.475475475475475307e-01	-4.534028913648135095e+00	3.536995493869445006e+00
5.485485485485485091e-01	6.203764242350018332e-02	-1.060998202182327432e+00
5.495495495495495986e-01	-2.166963462964312637e+00	1.167063591197563754e+00
5.505505505505505770e-01	-1.190073793491506660e+00	1.902233665332062618e-01
5.515515515515515554e-01	-1.266450954401152629e+00	2.676386801738834809e-01
5.525525525525525339e-01	-2.176263356977127805e-01	-7.791601044593217118e-01
5.535535535535535123e-01	-1.711765510719742922e+00	7.179905827143183705e-01
5.545545545545546018e-01	-2.203154863817063713e+00	1.213374148093280702e+00
5.555555555555555802e-01	2.228239460927060045e-01	-1.207631699104913858e+00
5.565565565565565587e-01	-4.265051152433766646e+00	3.286190195019905058e+00
5.575575575575575371e-01	-1.311740235562448786e+00	3.397940261102146975e-01
5.585585585585585155e-01	-2.978105561806692503e+00	2.014035214990540723e+00
5.595595595595596050e-01	-2.244652217136977601e+00	1.289411059538691173e+00
5.605605605605605835e-01	1.174196312445448198e+00	-2.119663685039311574e+00
5.615615615615615619e-01	-1.342186499623559071e+00	4.074278429564076598e-01
5.625625625625625403e-01	-1.030860112125799866e+00	1.077345129314865035e-01
5.635635635635635188e-01	-3.439342709083275995e+00	2.528763005491240001e+00
5.645645645645646082e-01	-2.120132774267618370e+00	1.222999398325304909e+00
5.655655655655655867e-01	-9.584695056981872296e-01	7.566959297356756764e-02
5.665665665665665651e-01	-7.478330970414936996e-01	-1.197603906261083262e-01
5.675675675675675436e-01	-4.047571870978917130e-01	-4.467719506354211334e-01
5.685685685685685220e-01	-1.121887417626219019e+00	2.872646693784011163e-01
5.695695695695696115e-01	-4.611768668027539930e-01	-3.557141703901507968e-01
5.705705705705705899e-01	-5.279240373616085336e-01	-2.704275013127975802e-01
5.715715715715715683e-01	-3.299041178137930963e+00	2.520018592554438719e+00
5.725725725725725468e-01	-9.821608762095381806e-01	2.232375847414493908e-01
5.735735735735735252e-01	-4.934689266366396043e-02	-6.887266389686759194e-01
5.745745745745746147e-01	-2.424335583678892125e-01	-4.740603651148935227e-01
5.755755755755755931e-01	-1.382229917215014314e+00	6.880241110742911781e-01
5.765765765765765716e-01	-1.888929136225517613e+00	1.217697916884613152e+00
5.775775775775775500e-01	-2.230582219601892735e+00	1.582989337964498588e+00
5.785785785785785285e-01	-9.800258885262569386e-01	3.567117205880387942e-01
5.795795795795796179e-01	6.051168193341981416e-01	-1.203535905725124699e+00
5.805805805805805964e-01	-3.143243961402270248e+00	2.570311706760249226e+00
5.815815815815815748e-01	-1.522233996417539981e+00	9.753551209239131881e-01
5.825825825825825532e-01	-2.069958745531434996e+00	1.549674033549855334e+00
5.835835835835835317e-01	3.304026045291548752e-01	-8.235786664286313119e-01
5.845845845845846211e-01	-1.280494635052919827e+00	8.149149032589624309e-01
5.855855855855855996e-01	-1.126043766601299678e+00	6.885207561443937863e-01
5.865865865865865780e-01	-7.719373197448174961e-01	3.629036778040718447e-01
5.875875875875875565e-01	8.427596668748542352e-02	-4.644157648110832648e-01
5.885885885885885349e-01	-9.120203358265571714e-01	5.611502849752241229e-01
5.895895895895896244e-01	-4.128492177712618449e+00	3.807238834028474184e+00
5.905905905905906028e-01	3.340937054683791874e-01	-6.254126687439250931e-01
5.915915915915915813e-01	2.485001541885461518e-01	-5.095966646006344636e-01
5.925925925925925597e-01	-5.155519245285695717e-01	2.849360537861277964e-01
5.935935935935935381e-01	-1.531954346956461377e+00	1.332047161731653606e+00
5.945945945945946276e-01	2.814521242222893793e-01	-4.504529445441395330e-01
5.955955955955956060e-01	3.598290239189440021e-01	-4.977563618915966659e-01
5.965965965965965845e-01	-6.481120440452695641e-01	5.413945786739100541e-01
5.975975975975975629e-01	-2.905821915254321874e-01	2.151801269430285157e-01
5.985985985985985414e-01	-1.117451108887190570e+00	1.073439006864805201e+00
5.995995995995996308e-01	-1.437840453795484474e-01	1.312054275408093829e-01
6.006006006006006093e-01	-1.784080363262111391e+00	1.802947668046579022e+00
6.016016016016015877e-01	6.788158364956842217e-01	-6.285212661323190675e-01
6.026026026026025662e-01	-9.551599115416492536e-01	1.036832013404853425e+00
6.036036036036035446e-01	5.439491741454163254e-01	-4.309803027163474631e-01
6.046046046046046341e-01	-1.426234333417985667e+00	1.570388264485945484e+00
6.056056056056056125e-01	-3.836266676075490434e-01	5.588231108594180485e-01
6.066066066066065909e-01	2.480604527030849660e-01	-4.199474129139382783e-02
6.076076076076075694e-01	-1.616403022952359825e+00	1.853134233244036810e+00
6.086086086086086588e-01	6.168660847973972405e-01	-3.497034686628768263e-01
6.096096096096096373e-01	4.938844080277166732e-02	2.479413958644017257e-01
6.106106106106106157e-01	-1.582665442112265675e+00	1.909868482970036974e+00
6.116116116116115942e-01	-9.957540435882153984e-01	1.352506732002445311e+00
6.126126126126125726e-01	1.395276794372025897e+00	-1.009327235376700216e+00
6.136136136136136621e-01	1.787607851928264768e+00	-1.372843070822855838e+00
6.146146146146146405e-01	5.484749661174315172e-01	-1.053051054733047942e-01
6.156156156156156189e-01	1.249110611224179435e+00	-7.779739021411622435e-01
6.166166166166165974e-01	1.065339259865814459e+00	-5.667015886248250034e-01
6.176176176176175758e-01	1.230636927801689318e+00	-7.049913751703689169e-01
6.186186186186186653e-01	2.434962655606800475e+00	-1.882829009253728758e+00
6.196196196196196437e-01	-9.618286567191921543e-01	1.539904416219563199e+00
6.206206206206206222e-01	1.761739938504141456e+00	-1.158293699440716251e+00
6.216216216216216006e-01	4.914174456920035183e-01	1.368025516036366351e-01
6.226226226226225791e-01	7.189469966561907732e-01	-6.657446013440038168e-02
6.236236236236236685e-01	6.522794926815252969e-01	2.360048068115472297e-02
6.246246246246246470e-01	5.945686622113358633e-01	1.041504001410313851e-01
6.256256256256256254e-01	-4.251151806898563756e-01	1.145982399614440261e+00
6.266266266266266038e-01	1.341624621113155946e+00	-5.993220793675487768e-01
6.276276276276275823e-01	3.190765424067939726e+00	-2.427761589696413314e+00
6.286286286286286717e-01	1.091240670966482140e+00	-3.082900447580184666e-01
6.296296296296296502e-01	1.178279660423884545e+00	-3.761564676688411435e-01
6.306306306306306286e-01	3.583915986001234844e-01	4.621109765069627562e-01
6.316316316316316071e-01	1.083983102681425281e+00	-2.459125039761987930e-01
6.326326326326325855e-01	1.815843958524960389e+00	-9.610340672180353039e-01
6.336336336336336750e-01	8.086272820008353346e-01	6.207661816429244084e-02
6.346346346346346534e-01	7.258944841474516130e-01	1.598424242490772418e-01
6.356356356356356319e-01	1.790813847950075255e+00	-8.909197974267581976e-01
6.366366366366366103e-01	1.786092977557041106e-01	7.345520294172789288e-01
6.376376376376375887e-01	1.638278749622739783e+00	-7.127531307010626094e-01
6.386386386386386782e-01	2.352770658002047099e+00	-1.415795958734609172e+00
6.396396396396396566e-01	3.024094244523777952e+00	-2.076596997803348721e+00
6.406406406406406351e-01	1.251388534648631978e+00	-2.943056786503610578e-01
6.416416416416416135e-01	3.053010089510491465e+00	-2.087288041195137112e+00
6.426426426426425920e-01	2.648406653192897142e+00	-1.675000372436894924e+00
6.436436436436436814e-01	1.648742155118942398e-01	8.152537392102823244e-01
6.446446446446446599e-01	-1.028936913061493374e-01	1.088774114753544797e+00
6.456456456456456383e-01	1.031527755007738412e+00	-4.086975643830670357e-02
6.466466466466466168e-01	2.672205504101543116e+00	-1.677749548346265662e+00
6.476476476476475952e-01	1.317084651150534746e+00	-3.198141117777022480e-01
6.486486486486486847e-01	6.684879933987578626e-01	3.306109728059235531e-01
6.496496496496496631e-01	3.311593039215940060e+00	-2.311653611015646259e+00
6.506506506506506415e-01	1.743851586542019216e+00	-7.440604922780930108e-01
6.516516516516516200e-01	-1.460258206079683374e+00	2.458912317156139782e+00
6.526526526526525984e-01	1.790992361642610442e+00	-7.944627586922734519e-01
6.536536536536536879e-01	2.032225800871943378e+00	-1.038806130154132479e+00
6.546546546546546663e-01	1.660981581826321385e+00	-6.716541921728279574e-01
6.556556556556556448e-01	1.923080198354622627e+00	-9.388233919212538581e-01
6.566566566566566232e-01	1.275746571333553403e+00	-2.975336362003444535e-01
6.576576576576576016e-01	-2.688931976296277671e-01	1.240094949900004906e+00
6.586586586586586911e-01	8.859195596663007599e-01	7.731063122761139272e-02
6.596596596596596696e-01	1.658082850065380476e-01	7.884978487222107368e-01
6.606606606606606480e-01	1.723592869244865711e-01	7.720791184563426945e-01
6.616616616616616264e-01	-2.496494815607581685e-01	1.183286245171605300e+00
6.626626626626626049e-01	1.844939433306165277e+00	-9.230275436209385287e-01
6.636636636636636943e-01	1.391941118346704087e+00	-4.826657405328161898e-01
6.646646646646646728e-01	7.067897895126397101e-01	1.889499341726157411e-01
6.656656656656656512e-01	4.397320503629751909e-01	4.415862617468326312e-01
6.666666666666666297e-01	1.194110964440072920e+00	-3.280855606556326576e-01
6.676676676676676081e-01	2.527985327191740517e+00	-1.678109206001053622e+00
6.686686686686686976e-01	-1.291351490627336229e+00	2.124237924268109090e+00
6.696696696696696760e-01	1.608427484682273478e+00	-7.933543431960109471e-01
6.706706706706706544e-01	4.453277858158293800e-01	3.511260736891009260e-01
6.716716716716716329e-01	-1.219495726235456656e+00	1.996542725717747491e+00
6.726726726726726113e-01	-1.315902348680342060e+00	2.072774100685334631e+00
6.736736736736737008e-01	-7.262966035124528152e-02	8.085777278353484254e-01
6.746746746746746792e-01	1.296545769696042516e+00	-5.822491332690208354e-01
6.756756756756756577e-01	1.477120330904479362e+00	-7.851814619269312789e-01
6.766766766766766361e-01	-2.037155952204084963e-01	8.726124689647484223e-01
6.776776776776777256e-01	2.168284375797912222e+00	-1.523090939859220061e+00
6.786786786786787040e-01	2.628803884625096288e+00	-2.007951889781852906e+00
6.796796796796796825e-01	1.326620129810014870e+00	-7.307235091761159484e-01
6.806806806806806609e-01	7.777658711230311939e-02	4.925754034656007474e-01
6.816816816816816393e-01	2.148371183891342628e+00	-1.604127819259762777e+00
6.826826826826827288e-01	1.645821091090221344e+00	-1.128224530628343825e+00
6.836836836836837072e-01	1.738962656866972045e+00	-1.248524728950551221e+00
6.846846846846846857e-01	-1.794377993254503700e-01	6.422321222927510620e-01
6.856856856856856641e-01	-2.894290262882717180e+00	3.328983344037112602e+00
6.866866866866866426e-01	3.149178996718974943e+00	-2.743017006164501392e+00
6.876876876876877320e-01	-1.475233543074035092e+00	1.852462807376804355e+00
6.886886886886887105e-01	4.238583870976899148e-01	-7.593487440340523920e-02
6.896896896896896889e-01	3.345541237495559539e+00	-3.027267522603248828e+00
6.906906906906906674e-01	7.725314333243052944e-01	-4.842222430520831677e-01
6.916916916916916458e-01	1.487060832692521206e+00	-1.229001263263669319e+00
6.926926926926927353e-01	-1.564853001599750826e+00	1.792407766475832886e+00
6.936936936936937137e-01	-1.948595164417846526e+00	2.145420105885553319e+00
6.946946946946946921e-01	-4.547115803492654540e-01	6.206120669179781002e-01
6.956956956956956706e-01	1.493686641438947360e+00	-1.358874661432362352e+00
6.966966966966966490e-01	-3.278063935882426505e-01	4.313965574204842168e-01
6.976976976976977385e-01	-9.296997110814460008e-01	1.001965623002033290e+00
6.986986986986987169e-01	2.436835329672952521e-01	-2.028133335265819293e-01
6.996996996996996954e-01	1.284282398152233329e+00	-1.274848325926336789e+00
7.007007007007006738e-01	-1.864669916936569027e+00	1.842658533010342659e+00
7.017017017017016522e-01	-1.618943857721457213e+00	1.565508783728402520e+00
7.027027027027027417e-01	-1.135268933683485137e+00	1.050463009207976528e+00
7.037037037037037202e-01	1.142222786936581969e+00	-1.258315701061813563e+00
7.047047047047046986e-01	3.989189002024674802e-02	-1.871569946403877638e-01
7.057057057057056770e-01	2.321355674441061279e+00	-2.499647345599035564e+00
7.067067067067066555e-01	8.058907690198079399e-01	-1.015032701957372163e+00
7.077077077077077449e-01	-4.302843949815944868e-01	1.904990114838595872e-01
7.087087087087087234e-01	1.127027553796087656e+00	-1.397219274679870615e+00
7.097097097097097018e-01	-2.168782258851242040e-01	-8.345265172662572062e-02
7.107107107107106803e-01	-1.397027821344827503e+00	1.066854770943992836e+00
7.117117117117116587e-01	2.743446515085869453e-01	-6.340333811531193575e-01
7.127127127127127482e-01	-1.465772827136117673e+00	1.076924098544728370e+00
7.137137137137137266e-01	-1.004562497333222115e+00	5.869382851267547219e-01
7.147147147147147050e-01	9.542016498419528814e-01	-1.400188375527027906e+00
7.157157157157156835e-01	-8.429394242031664763e-01	3.690312016127255124e-01
7.167167167167166619e-01	-1.737610833524938059e+00	1.236249740937335639e+00
7.177177177177177514e-01	-1.362219046249109278e+00	8.339008575030565362e-01
7.187187187187187298e-01	4.193881637945282015e-01	-9.741410181786454014e-01
7.197197197197197083e-01	-1.555525284627997662e+00	9.748863351993932724e-01
7.207207207207206867e-01	-1.379612196664250279e+00	7.736613204007044553e-01
7.217217217217216652e-01	-1.564862936394882054e+00	9.341993313523255793e-01
7.227227227227227546e-01	-7.471152245829241201e-01	9.236252614318829490e-02
7.237237237237237331e-01	-1.477999832911011335e+00	7.998054970963452970e-01
7.247247247247247115e-01	-2.995448354430423787e+00	2.294483017662827695e+00
7.257257257257256899e-01	-2.147795800627970930e+00	1.424752616566463903e+00
7.267267267267266684e-01	-2.234350111206153677e+00	1.489944065317735600e+00
7.277277277277277578e-01	4.092821905467172727e-01	-1.174314988004607541e+00
7.287287287287287363e-01	-1.467645800570154258e-01	-6.381384618293884925e-01
7.297297297297297147e-01	-4.517195859129887192e-01	-3.522775444539504863e-01
7.307307307307306932e-01	-1.810448845410951524e+00	9.881526638121442829e-01
7.317317317317316716e-01	-2.208512013999991641e+00	1.368729913541452792e+00
7.327327327327327611e-01	-1.848968360803895372e+00	9.925307649105493679e-01
7.337337337337337395e-01	-2.530316832426540596e+00	1.658070634407054822e+00
7.347347347347347180e-01	1.811781211115792045e+00	-2.698973485524394533e+00
7.357357357357356964e-01	-4.041955977864860827e+00	3.140694932318916166e+00
7.367367367367367859e-01	-5.981292598416796391e-01	-3.163093396034866167e-01
7.377377377377377643e-01	-2.888678014517786163e+00	1.961966109112501133e+00
7.387387387387387427e-01	-1.450405326415453056e+00	5.123364995192878357e-01
7.397397397397397212e-01	-2.542058258264890735e+00	1.593560124705096559e+00
7.407407407407406996e-01	-2.783049995006285471e+00	1.825060482690796793e+00
7.417417417417417891e-01	-2.746298190330896283e+00	1.779764612772854804e+00
7.427427427427427675e-01	8.011867732503560324e-01	-1.775308653689092075e+00
7.437437437437437460e-01	-1.527227014808148153e+00	5.464800975881088929e-01
7.447447447447447244e-01	-2.312311365798113805e+00	1.325909229102399278e+00
7.457457457457457028e-01	-6.937183335934935524e-01	-2.973636130755258344e-01
7.467467467467467923e-01	-1.371629491463040917e+00	3.768477719804556036e-01
7.477477477477477708e-01	-5.020275351682165210e-01	-4.954702614262831428e-01
7.487487487487487492e-01	-3.630981822267364212e+00	2.631754330071284897e+00
7.497497497497497276e-01	-1.017815060504391411e+00	1.784596463664456234e-02
7.507507507507507061e-01	-4.453232262301974886e-01	-5.543986480401912331e-01
7.517517517517517955e-01	-3.437742819340721567e+00	2.439256747470198938e+00
7.527527527527527740e-01	-8.306476577801124028e-01	-1.656152529184421462e-01
7.537537537537537524e-01	7.090907588876481649e-01	-1.702145348028015759e+00
7.547547547547547309e-01	-1.388529762863487615e+00	3.996654831000517882e-01
7.557557557557557093e-01	-3.553246294328175070e-01	-6.283714967467930457e-01
7.567567567567567988e-01	-5.374116743464142365e-01	-4.401435646012720193e-01
7.577577577577577772e-01	-2.222667247647843514e+00	1.252219557128046112e+00
7.587587587587587556e-01	-1.294108490373140130e+00	3.317279811365066999e-01
7.597597597597597341e-01	-3.241493823569196575e+00	2.288132151191766717e+00
7.607607607607607125e-01	-1.859643924987381292e+00	9.162438267157990701e-01
7.617617617617618020e-01	-9.582457653514323548e-01	2.574012787172463845e-02
7.627627627627627804e-01	-3.853772100373100140e-01	-5.353118530155527299e-01
7.637637637637637589e-01	-1.226985512111119281e+00	3.190234522315729127e-01
7.647647647647647373e-01	-3.571514657736037934e-01	-5.371857473574243036e-01
7.657657657657657158e-01	-2.581319353247256032e+00	1.701491357430825024e+00
7.667667667667668052e-01	-1.329476703766579782e+00	4.650279483067141229e-01
7.677677677677677837e-01	-1.148552920473024930e+00	3.003382205602229682e-01
7.687687687687687621e-01	1.123160590848855112e+00	-1.954302473164549081e+00
7.697697697697697405e-01	-1.395024944105999420e+00	5.817777588822651280e-01
7.707707707707707190e-01	-1.713677815872143073e+00	9.191295119596970542e-01
7.717717717717718084e-01	-1.043932853591242216e+00	2.688691247116417049e-01
7.727727727727727869e-01	-2.165583311605729477e+00	1.410770584044930942e+00
7.737737737737737653e-01	-7.738751475632313914e-01	4.005982228650284416e-02
7.747747747747747438e-01	-1.426308326626684275e+00	7.142160411956568478e-01
7.757757757757757222e-01	-3.139525953497333877e+00	2.449860864519068926e+00
7.767767767767768117e-01	-9.782648019268477269e-01	3.117088887444766643e-01
7.777777777777777901e-01	-1.259325996485634924e+00	6.165383867990954503e-01
7.787787787787787686e-01	-2.829312341668244191e+00	2.210928659752027237e+00
7.797797797797797470e-01	-8.644733108179294412e-01	2.711050489803065178e-01
7.807807807807807254e-01	1.087439220746419855e+00	-1.655205306841128543e+00
7.817817817817818149e-01	-6.650869183462493339e-02	-4.750937797135643681e-01
7.827827827827827933e-01	7.806300900318112468e-02	-5.929662992439942437e-01
7.837837837837837718e-01	-2.283245393909712817e+00	1.795550450096076389e+00
7.847847847847847502e-01	-1.205116006478359862e-02	-4.479531773338306655e-01
7.857857857857857287e-01	-3.787403181612754022e-01	-5.311853485202339131e-02
7.867867867867868181e-01	1.301454165603426749e-01	-5.334317390443235052e-01
7.877877877877877966e-01	4.202800671578726943e-02	-4.163430066398071117e-01
7.887887887887887750e-01	-2.105795371435809749e+00	1.760821837641216803e+00
7.897897897897897534e-01	-4.357655269545801513e-01	1.204745883790772076e-01
7.907907907907907319e-01	-1.277066475206414697e+00	9.917699091323629590e-01
7.917917917917918214e-01	-3.620327983230088864e-01	1.070127219226984505e-01
7.927927927927927998e-01	-1.358379480296920461e+00	1.133888071659346464e+00
7.937937937937937782e-01	1.410473027393135181e+00	-1.604213778630035669e+00
7.947947947947947567e-01	-1.217845527914434900e+00	1.055047015749339678e+00
7.957957957957957351e-01	-1.221147124987707278e+00	1.089451836152081299e+00
7.967967967967968246e-01	2.242351428874980734e-02	-1.228853521409181693e-01
7.977977977977978030e-01	-1.351318659882812634e+00	1.282189615288026108e+00
7.987987987987987815e-01	-5.003020789790559864e-01	4.625741863003389187e-01
7.997997997997997599e-01	-9.530969134326106040e-01	9.468074801165414778e-01
8.008008008008007383e-01	1.838754272394958811e+00	-1.813599027005585951e+00
8.018018018018018278e-01	1.109120271958138559e+00	-1.052545222774347033e+00
8.028028028028028062e-01	1.133839702429246116e-01	-2.544506183186570625e-02
8.038038038038037847e-01	-2.590654630991461316e-01	3.782812718353191772e-01
8.048048048048047631e-01	1.421767294032405315e+00	-1.271392472218470404e+00
8.058058058058058526e-01	8.101600234244741294e-01	-6.287748875518228697e-01
8.068068068068068310e-01	9.680465055135553110e-01	-7.558304193310486641e-01
8.078078078078078095e-01	3.679700011861662401e-01	-1.251328158075783459e-01
8.088088088088087879e-01	-1.635609702281758615e+00	1.908827855890223635e+00
8.098098098098097664e-01	3.505773568891791259e-01	-4.724840841455463236e-02
8.108108108108108558e-01	-1.222093024437482939e-01	4.553490971858056291e-01
8.118118118118118343e-01	1.369335747817677751e+00	-1.006714534036012410e+00
8.128128128128128127e-01	1.859362492073477036e+00	-1.467618439353079340e+00
8.138138138138137911e-01	-1.609078898175470562e-01	5.813874030867602904e-01
8.148148148148147696e-01	1.264035545853591680e+00	-8.152363656531319558e-01
8.158158158158158590e-01	2.853547772224724444e+00	-2.376872722778297753e+00
8.168168168168168375e-01	-6.710606233442928392e-02	5.711856181257550791e-01
8.178178178178178159e-01	2.853808915374373978e+00	-2.322823315245053699e+00
8.188188188188187944e-01	-2.229071050223524197e-01	7.802736812839932146e-01
8.198198198198197728e-01	8.876610042307746529e-01	-3.044646070245038416e-01
8.208208208208208623e-01	8.765837054635619019e-01	-2.681341844693456711e-01
8.218218218218218407e-01	9.386959001336084851e-01	-3.055949242067864668e-01
8.228228228228228192e-01	-7.556323370022793862e-02	7.326896189694160899e-01
8.238238238238237976e-01	2.609628177598835586e-01	4.195391735953673540e-01
8.248248248248247760e-01	1.970599001676967554e-01	5.061447789129847052e-01
8.258258258258258655e-01	1.457392303442280879e+00	-7.321803046818822214e-01
8.268268268268268439e-01	1.492141830148807857e+00	-7.456396418207554833e-01
8.278278278278278224e-01	3.845864226510972816e+00	-3.078810031655374591e+00
8.288288288288288008e-01	2.811360376274173678e+00	-2.024512680902585071e+00
8.298298298298297793e-01	5.260291994483112799e-01	2.798339175093554898e-01
8.308308308308308687e-01	1.579307328043832115e+00	-7.552256719404668583e-01
8.318318318318318472e-01	2.428605796414848417e+00	-1.587120499114798244e+00
8.328328328328328256e-01	1.259588187014542671e+00	-4.015313561588559343e-01
8.338338338338338041e-01	1.149820405863733574e+00	-2.760405359510065271e-01
8.348348348348347825e-01	1.318065370105842904e+00	-4.294265034534874292e-01
8.358358358358358720e-01	2.335179768863314909e+00	-1.432560641194280393e+00
8.368368368368368504e-01	2.451111948767089599e-01	6.705956336234599746e-01
8.378378378378378288e-01	9.107897934449949995e-01	1.709923385151357333e-02
8.388388388388388073e-01	1.901091288448835126e+00	-9.619376108290684790e-01
8.398398398398397857e-01	1.718958746735898657e+00	-7.694691063810856768e-01
8.408408408408408752e-01	1.648756056616998977e+00	-6.898693618923490423e-01
8.418418418418418536e-01	9.070615510390825920e-01	6.027399735820737625e-02
8.428428428428428321e-01	2.573026725653957403e+00	-1.598198878979423698e+00
8.438438438438438105e-01	3.998055100506535897e+00	-3.016698919752977215e+00
8.448448448448447889e-01	1.874111449116085959e+00	-8.871973540629262134e-01
8.458458458458458784e-01	1.141063017528574086e+00	-1.495669239311893106e-01
8.468468468468468568e-01	2.310296443020548374e+00	-1.315198797570282352e+00
8.478478478478478353e-01	7.157095228304840573e-01	2.820056663657772855e-01
8.488488488488488137e-01	4.577938282458327568e-01	5.415523082161481927e-01
8.498498498498497922e-01	1.418093760367929335e+00	-4.181048858922152833e-01
8.508508508508508816e-01	-1.793382121119434069e+00	2.793024888781664217e+00
8.518518518518518601e-01	-2.963789478003501371e-02	1.027946053051303377e+00
8.528528528528528385e-01	9.700031138318202517e-01	2.598325220728436857e-02
8.538538538538538170e-01	-2.628054596672702581e-01	1.255485146550790576e+00
8.548548548548547954e-01	1.271716755279141131e-01	8.612197151055591693e-01
8.558558558558558849e-01	8.557697731589731793e-01	1.273559446367311665e-01
8.568568568568568633e-01	-6.289261712750583433e-01	1.605814046636551362e+00
8.578578578578578417e-01	8.852691147706222008e-01	8.441491688706548313e-02
8.588588588588588202e-01	7.151082809777932203e-01	2.464130292693327284e-01
8.598598598598597986e-01	1.391605078240989668e+00	-4.391972953565372872e-01
8.608608608608608881e-01	2.765234016176473020e+00	-1.822881554642154178e+00
8.618618618618618665e-01	1.534123053348656951e+00	-6.027577638888018674e-01
8.628628628628628450e-01	1.327664722676995979e+00	-4.082075912867904055e-01
8.638638638638638234e-01	1.406287773776272898e+00	-4.996480109993827190e-01
8.648648648648649129e-01	1.543423503140313846e+00	-6.504976449907453606e-01
8.658658658658658913e-01	-5.831594085797641401e-03	8.841605726685669575e-01
8.668668668668668698e-01	1.081069758660012647e+00	-2.182062003740817824e-01
8.678678678678678482e-01	1.581345092403387831e+00	-7.348002020733267470e-01
8.688688688688688266e-01	-4.978622152343883389e-01	1.327251326759472327e+00
8.698698698698699161e-01	2.228685586106791572e+00	-1.417272399643925596e+00
8.708708708708708945e-01	2.460872416627272852e+00	-1.668237525885587047e+00
8.718718718718718730e-01	3.279592905093499100e-01	4.451135028793677950e-01
8.728728728728728514e-01	7.772374165091112674e-01	-2.449117801115552329e-02
8.738738738738738299e-01	-3.773544842999372595e-02	7.694107745316741687e-01
8.748748748748749193e-01	1.870917276657891426e+00	-1.161036384363462126e+00
8.758758758758758978e-01	-3.378266767272455340e-01	1.025211165356354925e+00
8.768768768768768762e-01	6.575789684814073999e-01	6.629392324206895282e-03
8.778778778778778547e-01	-1.589590583626904197e-01	7.993344850357178011e-01
8.788788788788788331e-01	9.202167179588750523e-01	-3.043074643916927613e-01
8.798798798798799226e-01	-1.386046199896942888e+00	1.976880234902901989e+00
8.808808808808809010e-01	2.413685940111520267e+00	-1.848511373346128028e+00
8.818818818818818794e-01	-4.499412671566713762e-01	9.888974895168884949e-01
8.828828828828828579e-01	7.715584028228615887e-01	-2.593534748697453596e-01
8.838838838838838363e-01	3.951619659599591716e-01	8.978517075753189580e-02
8.848848848848849258e-01	-3.183947323687733588e-01	7.756045350478508738e-01
8.858858858858859042e-01	-5.046881536505295474e-01	9.337085077128557398e-01
8.868868868868868827e-01	1.698205868085026715e+00	-1.297799201917221756e+00
8.878878878878878611e-01	-1.422866013151735387e-01	5.136836351227441755e-01
8.888888888888888395e-01	7.965170712634989103e-01	-4.544969279378262006e-01
8.898898898898899290e-01	-5.629928475735459514e-01	8.752978918050341450e-01
8.908908908908909074e-01	-4.174166975474037922e-01	6.996978180213756504e-01
8.918918918918918859e-01	9.158424780565881385e-01	-6.638644166714613437e-01
8.928928928928928643e-01	1.433914632380081766e+00	-1.212488800058519445e+00
8.938938938938938428e-01	2.248921905366406404e-02	1.681654259794015949e-01
8.948948948948949322e-01	-1.547219803857302178e+00	1.706914731644850747e+00
8.958958958958959107e-01	2.617745491342057029e+00	-2.489168196060187910e+00
8.968968968968968891e-01	-9.423977204261877461e-01	1.039730238794492445e+00
8.978978978978978676e-01	-1.825023904707306244e+00	1.891015398333930397e+00
8.988988988988988460e-01	3.210631852726397728e+00	-3.176046639914579028e+00
8.998998998998999355e-01	-5.231158144494675311e-01	5.262605466572034540e-01
9.009009009009009139e-01	-1.868843262559890750e+00	1.840544404476773588e+00
9.019019019019018923e-01	-9.523146020358197461e-01	8.926001371526124384e-01
9.029029029029028708e-01	2.928220388241568606e-01	-3.838930615107971622e-01
9.039039039039038492e-01	2.978355840630549090e-02	-1.521210827847607194e-01
9.049049049049049387e-01	-1.302010030675137209e+00	1.148526978778920959e+00
9.059059059059059171e-01	1.947107492569786880e+00	-2.131584299373277869e+00
9.069069069069068956e-01	-9.862946825860011701e-01	7.710065418409137727e-01
9.079079079079078740e-01	-1.840645197521587617e+00	1.594758611767738365e+00
9.089089089089088525e-01	7.547018996348907605e-01	-1.030943784013962805e+00
9.099099099099099419e-01	1.157167257938340521e+00	-1.463491277545123648e+00
9.109109109109109204e-01	-1.529289830189614285e+00	1.193186585647399989e+00
9.119119119119118988e-01	-2.279359515234788525e+00	1.913809403409569398e+00
9.129129129129128772e-01	6.691107094178737613e-01	-1.063746212167313354e+00
9.139139139139138557e-01	-3.152354041368811366e+00	2.729023385312279615e+00
9.149149149149149451e-01	-2.178786583792568621e+00	1.727179387415674228e+00
9.159159159159159236e-01	4.784892623470662909e-01	-9.579264246358739632e-01
9.169169169169169020e-01	-8.172032683952731302e-01	3.104102344270008862e-01
9.179179179179178805e-01	-1.106119967916775026e+00	5.724722075146542188e-01
9.189189189189188589e-01	-3.850328713516535939e-01	-1.749419147859390677e-01
9.199199199199199484e-01	-1.049094946396070815e+00	4.633468688542324854e-01
9.209209209209209268e-01	-2.481088231587185611e+00	1.870146083041761997e+00
9.219219219219219053e-01	6.477337332433287242e-01	-1.283265819087712201e+00
9.229229229229228837e-01	6.625480093372762003e-01	-1.322041582873170418e+00
9.239239239239238621e-01	-7.382733308552689167e-01	5.547041369208260964e-02
9.249249249249249516e-01	-9.685738717785705720e-01	2.631368046326186816e-01
9.259259259259259300e-01	1.811553761363418502e+00	-2.538927402936467459e+00
9.269269269269269085e-01	-1.442001215441684581e+00	6.934102671066947332e-01
9.279279279279278869e-01	-1.446293501824794658e+00	6.772254952504795922e-01
9.289289289289288654e-01	-7.049454591381572044e-01	-8.383910829447160928e-02
9.299299299299299548e-01	6.228839225833558979e-01	-1.430605056657163532e+00
9.309309309309309333e-01	7.491882609091359280e-01	-1.575047241872678860e+00
9.319319319319319117e-01	-1.555939924971562860e+00	7.127597525853414107e-01
9.329329329329328901e-01	-8.861558729355000219e-01	2.648829275475639289e-02
9.339339339339339796e-01	-2.974239930871182658e+00	2.098935030193370466e+00
9.349349349349349581e-01	-1.673226589482627258e+00	7.831499186607209229e-01
9.359359359359359365e-01	-2.342328453792930087e+00	1.438360170330914123e+00
9.369369369369369149e-01	-2.566334447892546944e+00	1.649368446096534324e+00
9.379379379379378934e-01	7.271560938994192647e-01	-1.656213066853780669e+00
9.389389389389389828e-01	-2.340445480485686680e+00	1.400216239775928351e+00
9.399399399399399613e-01	-2.035473375854637723e+00	1.085001618554525926e+00
9.409409409409409397e-01	-9.389122342741182958e-01	-2.086216007907049086e-02
9.419419419419419182e-01	1.930247245421730651e-01	-1.161152677444291292e+00
9.429429429429428966e-01	-8.253365873005675812e-01	-1.501875851812701779e-01
9.439439439439439861e-01	1.963324028153553780e+00	-2.945279767451060682e+00
9.449449449449449645e-01	-1.534581864192631429e+00	5.471655707358424880e-01
9.459459459459459429e-01	-1.135558803322866295e+00	1.436583680639895721e-01
9.469469469469469214e-01	-1.113768742651106480e+00	1.183650121170941594e-01
9.479479479479478998e-01	3.121693400929255735e-01	-1.310092055121168775e+00
9.489489489489489893e-01	-8.327567664043953322e-01	-1.666981314246740453e-01
9.499499499499499677e-01	-1.599358685398738045e+00	5.993599215701406191e-01
9.509509509509509462e-01	-2.606829363817824596e+00	1.607275588596060789e+00
9.519519519519519246e-01	-1.137211242113693954e+00	1.390908700755474348e-01
9.529529529529529031e-01	2.857493661305148813e-01	-1.281449337837352598e+00
9.539539539539539925e-01	-1.936431178988188062e+00	9.441362113333744421e-01
9.549549549549549710e-01	-7.673542547914127265e-01	-2.205544721487654458e-01
9.559559559559559494e-01	-1.100686737887817790e+00	1.181411509651896230e-01
9.569569569569569278e-01	-3.345466802450631771e-01	-6.416641707293672114e-01
9.579579579579579063e-01	-2.373062329907111856e+00	1.404151546670961981e+00
9.589589589589589957e-01	1.506149753192461249e+00	-2.466802355614782449e+00
9.599599599599599742e-01	-2.941890957700425080e+00	1.990446483017247914e+00
9.609609609609609526e-01	-1.802743626547249622e+00	8.614481210177454829e-01
9.619619619619619311e-01	-1.881348494873117949e-01	-7.420808813412926863e-01
9.629629629629629095e-01	-9.537249275540761184e-01	3.550882067380123353e-02
9.639639639639639990e-01	-2.842150605704324429e-01	-6.210934390121642945e-01
9.649649649649649774e-01	-1.897146097327379266e+00	1.005640424629094642e+00
9.659659659659659559e-01	-1.354078782485794941e+00	4.772575072526398232e-01
9.669669669669669343e-01	-1.217862369600157590e+00	3.565925416609262433e-01
9.679679679679679127e-01	7.201439988981545026e-01	-1.565010707853973670e+00
9.689689689689690022e-01	-3.276689294449379730e-01	-4.999592091577935715e-01
9.699699699699699806e-01	-1.737521345963672081e-01	-6.358190287443780120e-01
9.709709709709709591e-01	-1.933801670642399717e+00	1.143088031727305776e+00
9.719719719719719375e-01	9.630359881230922403e-02	-8.673778115110348796e-01
9.729729729729729160e-01	-7.839985437772738486e-01	3.332623852454741353e-02
9.739739739739740054e-01	6.766999322022739793e-01	-1.406228023324463283e+00
9.749749749749749839e-01	1.469342996788503886e+00	-2.177005475675009905e+00
9.759759759759759623e-01	-1.359588315070670017e+00	6.744912245868888157e-01
9.769769769769769407e-01	-1.445445952359459829e+00	7.835917125295902563e-01
9.779779779779779192e-01	-1.964599090887678479e+00	1.326642180134563809e+00
9.789789789789790087e-01	-1.042569217495393996e+00	4.291404832287309956e-01
9.799799799799799871e-01	-1.295839961256598283e+00	7.075459960557936023e-01
9.809809809809809655e-01	-3.455274992167747805e-01	-2.170499590016630731e-01
9.819819819819819440e-01	-9.240521049730073821e-01	3.877474617356228004e-01
9.829829829829829224e-01	-1.154667846687324584e+00	6.451663464034479434e-01
9.839839839839840119e-01	6.474291299978301994e-01	-1.129623663799879552e+00
9.849849849849849903e-01	-1.781006522452637686e+00	1.326595776007760463e+00
9.859859859859859688e-01	-5.489224634523257040e-02	-3.712853660272039669e-01
9.869869869869869472e-01	-1.041472924778164444e+00	6.439498746942488028e-01
9.879879879879879256e-01	3.908694364358773488e-01	-7.593448312461313909e-01
9.889889889889890151e-01	1.244860624060363019e+00	-1.583923994555037185e+00
9.899899899899899935e-01	-7.933840389466046972e-01	4.840679775577354516e-01
9.909909909909909720e-01	1.640796546103232278e-01	-4.433425379031550317e-01
9.919919919919919504e-01	-1.163868178988107516e-01	-1.325467365680841614e-01
9.929929929929930399e-01	-1.267462883153307684e+00	1.049104816908660975e+00
9.939939939939940183e-01	5.990764204168429891e-02	-2.474742954175207232e-01
9.949949949949949968e-01	1.658073601137494413e-01	-3.223971242423079309e-01
9.959959959959959752e-01	3.578347538975991671e-01	-4.832927840778974971e-01
9.969969969969969537e-01	-3.456838838490911558e-01	2.514816475214611269e-01
9.979979979979980431e-01	5.984529873723703347e-02	-1.226985887817171883e-01
9.989989989989990216e-01	-1.414339740165947434e+00	1.382897549246827174e+00
1.000000000000000000e+00	-3.867555833884816496e-01	3.867555833884804284e-01
