# Time	RLS_Output	RLS_Error
0.000000000000000000e+00	0.000000000000000000e+00	0.000000000000000000e+00
1.001001001001000992e-03	0.000000000000000000e+00	0.000000000000000000e+00
2.002002002002001985e-03	0.000000000000000000e+00	0.000000000000000000e+00
3.003003003003002977e-03	0.000000000000000000e+00	0.000000000000000000e+00
4.004004004004003969e-03	0.000000000000000000e+00	0.000000000000000000e+00
5.005005005005004962e-03	0.000000000000000000e+00	0.000000000000000000e+00
6.006006006006005954e-03	0.000000000000000000e+00	0.000000000000000000e+00
7.007007007007006946e-03	0.000000000000000000e+00	0.000000000000000000e+00
8.008008008008007939e-03	0.000000000000000000e+00	0.000000000000000000e+00
9.009009009009008931e-03	0.000000000000000000e+00	0.000000000000000000e+00
1.001001001001000992e-02	0.000000000000000000e+00	0.000000000000000000e+00
1.101101101101101092e-02	0.000000000000000000e+00	0.000000000000000000e+00
1.201201201201201191e-02	0.000000000000000000e+00	0.000000000000000000e+00
1.301301301301301290e-02	0.000000000000000000e+00	0.000000000000000000e+00
1.401401401401401389e-02	0.000000000000000000e+00	0.000000000000000000e+00
1.501501501501501488e-02	0.000000000000000000e+00	0.000000000000000000e+00
1.601601601601601588e-02	0.000000000000000000e+00	0.000000000000000000e+00
1.701701701701701513e-02	0.000000000000000000e+00	0.000000000000000000e+00
1.801801801801801786e-02	0.000000000000000000e+00	0.000000000000000000e+00
1.901901901901902059e-02	0.000000000000000000e+00	0.000000000000000000e+00
2.002002002002001985e-02	0.000000000000000000e+00	0.000000000000000000e+00
2.102102102102101910e-02	0.000000000000000000e+00	0.000000000000000000e+00
2.202202202202202183e-02	0.000000000000000000e+00	0.000000000000000000e+00
2.302302302302302456e-02	0.000000000000000000e+00	0.000000000000000000e+00
2.402402402402402382e-02	0.000000000000000000e+00	0.000000000000000000e+00
2.502502502502502307e-02	0.000000000000000000e+00	7.076624788865043536e-01
2.602602602602602580e-02	1.986234510305521228e-01	5.309046400916362929e-01
2.702702702702702853e-02	3.601603948640764719e-01	3.905119103886478538e-01
2.802802802802802778e-02	4.516363351154398798e-01	3.194378775832847905e-01
2.902902902902902704e-02	4.769741235908200316e-01	3.137395153242736878e-01
3.003003003003002977e-02	6.813708641110773900e-01	1.282002992296665811e-01
3.103103103103103250e-02	7.179503941835803094e-01	1.096777444191509021e-01
3.203203203203203175e-02	7.336603268984647208e-01	1.112063820573530037e-01
3.303303303303303101e-02	6.820837475953738238e-01	1.791860803438569683e-01
3.403403403403403027e-02	6.958170422186046311e-01	1.810042330145488210e-01
3.503503503503503647e-02	7.679320645887558472e-01	1.235736081095281103e-01
3.603603603603603572e-02	7.796695556898256552e-01	1.256389438927709712e-01
3.703703703703703498e-02	8.296234843990595298e-01	8.859262248121446692e-02
3.803803803803804118e-02	8.452050241671563713e-01	8.501070666144783239e-02
3.903903903903904044e-02	8.837573746005897846e-01	5.753813092891346681e-02
4.004004004004003969e-02	8.671759975065177484e-01	8.426847717665897353e-02
4.104104104104103895e-02	7.746648424973426872e-01	1.859877599249782909e-01
4.204204204204203821e-02	7.781863582865703455e-01	1.907244249495791966e-01
4.304304304304304440e-02	8.299011501958666326e-01	1.463097007785629788e-01
4.404404404404404366e-02	8.701833748898313292e-01	1.123622120327963936e-01
4.504504504504504292e-02	9.053958736775320482e-01	8.251285326264601316e-02
4.604604604604604912e-02	8.864103511988842277e-01	1.058846164559295033e-01
4.704704704704704837e-02	8.664847712343096697e-01	1.292152004725279912e-01
4.804804804804804763e-02	9.599463062119802936e-01	3.817406582616600375e-02
4.904904904904904689e-02	9.290382929467618789e-01	7.051548227500192834e-02
5.005005005005004615e-02	8.453378613190283275e-01	1.546609025095690981e-01
5.105105105105105234e-02	8.772029292411944734e-01	1.222519685878747930e-01
5.205205205205205160e-02	8.156517936483735909e-01	1.822709213798696659e-01
5.305305305305305086e-02	7.210646726660802086e-01	2.743390578679323344e-01
5.405405405405405705e-02	7.965951023671681286e-01	1.953053328917087050e-01
5.505505505505505631e-02	7.968432830155652846e-01	1.905730104412236559e-01
5.605605605605605557e-02	7.444090369712055288e-01	2.375467023263011512e-01
5.705705705705705483e-02	7.754291076350775525e-01	2.000950648467612059e-01
5.805805805805805409e-02	8.422119324122897543e-01	1.259160204898290836e-01
5.905905905905906028e-02	8.609630617895273064e-01	9.881133256366170237e-02
6.006006006006005954e-02	8.554407469544360598e-01	9.503101034567551508e-02
6.106106106106105880e-02	8.275455208443924793e-01	1.126837198653665162e-01
6.206206206206206499e-02	7.698738134379571330e-01	1.591831595164056035e-01
6.306306306306305731e-02	8.083835241488507295e-01	1.085824776471627784e-01
6.406406406406406351e-02	7.621212431804433862e-01	1.418470402815728004e-01
6.506506506506506970e-02	7.689720073733944394e-01	1.211046634485114515e-01
6.606606606606606202e-02	7.944132985522694979e-01	8.089160212554358242e-02
6.706706706706706822e-02	9.237134214153110978e-01	-6.404584123456591449e-02
6.806806806806806054e-02	7.723006320692001880e-01	7.087954031702248248e-02
6.906906906906906674e-02	7.810829759443633780e-01	4.477600501917988751e-02
7.007007007007007293e-02	7.870755572905527853e-01	2.064557678325396051e-02
7.107107107107106525e-02	8.223730719632692532e-01	-3.358850453063777497e-02
7.207207207207207145e-02	7.926360312358849969e-01	-2.356802466156804332e-02
7.307307307307307764e-02	8.070649203141714301e-01	-5.847397197918080547e-02
7.407407407407406996e-02	8.255819583478395396e-01	-9.820831677479069377e-02
7.507507507507507616e-02	8.316935105746348089e-01	-1.262564434286816972e-01
7.607607607607608236e-02	7.882187348357152512e-01	-1.054158176725261686e-01
7.707707707707707467e-02	7.912003764825163987e-01	-1.317068029466202939e-01
7.807807807807808087e-02	7.829461030023423529e-01	-1.474140171579582104e-01
7.907907907907907319e-02	7.599473949539166107e-01	-1.490052464084935524e-01
8.008008008008007939e-02	7.087411128736176291e-01	-1.229930353317782998e-01
8.108108108108108558e-02	7.115408000159839652e-01	-1.515660138783885280e-01
8.208208208208207790e-02	7.031755704625574088e-01	-1.695278100604348248e-01
8.308308308308308410e-02	6.778067690248309463e-01	-1.710137350565583692e-01
8.408408408408407642e-02	7.076846714358762114e-01	-2.282475091470662631e-01
8.508508508508508261e-02	7.310641724392497043e-01	-2.794569760623543120e-01
8.608608608608608881e-02	7.388580014903552984e-01	-3.155273454338207717e-01
8.708708708708708113e-02	7.665930421135784822e-01	-3.719575393641373906e-01
8.808808808808808732e-02	7.830770990385096386e-01	-4.175269872132906235e-01
8.908908908908909352e-02	7.821103785197055513e-01	-4.460071339774897003e-01
9.009009009009008584e-02	7.832254291670514013e-01	-4.769014095602676084e-01
9.109109109109109204e-02	8.400200350962788720e-01	-5.637781507172043849e-01
9.209209209209209823e-02	8.006079833874751861e-01	-5.547213976336250463e-01
9.309309309309309055e-02	7.865401128065200309e-01	-5.712519720614297469e-01
9.409409409409409675e-02	7.706540036854804265e-01	-5.861771968819878831e-01
9.509509509509508907e-02	7.313636024023850712e-01	-5.778805505061683778e-01
9.609609609609609526e-02	7.501761835896804120e-01	-6.278386592112230602e-01
9.709709709709710146e-02	7.352078500673139283e-01	-6.441368273806732381e-01
9.809809809809809378e-02	7.619494302053472223e-01	-7.022349653221369170e-01
9.909909909909909997e-02	7.884120174001068015e-01	-7.601131593169885292e-01
1.001001001001000923e-01	7.841506026928273254e-01	-7.872953349005633594e-01
1.011011011011010985e-01	8.525242951947640258e-01	-8.871095080065812821e-01
1.021021021021021047e-01	8.376590207624462492e-01	-9.036505143890669611e-01
1.031031031031030970e-01	8.481402724616532440e-01	-9.454727908299553896e-01
1.041041041041041032e-01	7.890116598815518634e-01	-9.175889551634203167e-01
1.051051051051051094e-01	7.964101904723345227e-01	-9.561051182598840903e-01
1.061061061061061017e-01	5.767483208426804620e-01	-7.674029658757448580e-01
1.071071071071071079e-01	3.755991549181548206e-01	-5.970249872397137558e-01
1.081081081081081141e-01	4.662237696207247040e-01	-7.182018310058498889e-01
1.091091091091091064e-01	5.300052119953169161e-01	-8.122863324692883857e-01
1.101101101101101126e-01	4.629588562253750261e-01	-7.752639004568645520e-01
1.111111111111111049e-01	4.180392773397987871e-01	-7.600594206654669449e-01
1.121121121121121111e-01	2.784933214264895818e-01	-6.498903552340574707e-01
1.131131131131131173e-01	2.889652242081128808e-01	-6.893718903759167294e-01
1.141141141141141097e-01	2.686341647361842333e-01	-6.976545187985105922e-01
1.151151151151151159e-01	2.257442707848838215e-01	-6.829540734639629740e-01
1.161161161161161082e-01	2.320559404128371417e-01	-7.170030771303244066e-01
1.171171171171171144e-01	1.982021288969560147e-01	-7.104070568500701066e-01
1.181181181181181206e-01	1.460597070807264364e-01	-6.850159294409429167e-01
1.191191191191191129e-01	1.961322174096319371e-01	-7.613067841750246201e-01
1.201201201201201191e-01	1.935556654950137123e-01	-7.843897005009714540e-01
1.211211211211211253e-01	-3.048115465845541161e-02	-5.854280989087241593e-01
1.221221221221221176e-01	-1.268033473890371222e-02	-6.276950919341220958e-01
1.231231231231231238e-01	-1.100236633392279173e-01	-5.541846974663859893e-01
1.241241241241241300e-01	-3.603784517077822658e-01	-3.270060369213279028e-01
1.251251251251251362e-01	-3.684862636611855313e-01	-3.413946286332431024e-01
1.261261261261261146e-01	-5.940117622529326180e-01	-1.376635638487453406e-01
1.271271271271271208e-01	-5.434415452558516435e-01	-2.093046932421029904e-01
1.281281281281281270e-01	-5.889272096554206692e-01	-1.841455837332968137e-01
1.291291291291291332e-01	-7.079573570071502342e-01	-8.467753373453446031e-02
1.301301301301301394e-01	-8.378905561623102294e-01	2.647736969944436414e-02
1.311311311311311179e-01	-7.885226106822295078e-01	-4.086650084285292639e-02
1.321321321321321240e-01	-1.002171005866173470e+00	1.556261155361130522e-01
1.331331331331331302e-01	-1.022097522130716474e+00	1.592339638447853867e-01
1.341341341341341364e-01	-1.064535387789901977e+00	1.862064092071331611e-01
1.351351351351351426e-01	-9.850337716467356675e-01	9.210791349716729304e-02
1.361361361361361211e-01	-8.512986771419988052e-01	-5.534108563489015253e-02
1.371371371371371273e-01	-1.005662452159530096e+00	8.620532076932496679e-02
1.381381381381381335e-01	-9.032580847232490884e-01	-2.810720473660488494e-02
1.391391391391391397e-01	-1.060619342903705853e+00	1.182668813693872334e-01
1.401401401401401459e-01	-1.191276772896376457e+00	2.388689900119249643e-01
1.411411411411411521e-01	-1.178754205025829727e+00	2.172328947787041109e-01
1.421421421421421305e-01	-1.240371192459650329e+00	2.706871608019627562e-01
1.431431431431431367e-01	-1.166653233771618670e+00	1.897653584101260948e-01
1.441441441441441429e-01	-8.698026336350402898e-01	-1.133230841606638339e-01
1.451451451451451491e-01	-7.385839748841311891e-01	-2.498074157493415104e-01
1.461461461461461553e-01	-9.321863127949081562e-01	-6.049337408861210630e-02
1.471471471471471337e-01	-7.739357098081418584e-01	-2.220506562309624288e-01
1.481481481481481399e-01	-8.319595914453271623e-01	-1.663485668259410133e-01
1.491491491491491461e-01	-9.049571112703336251e-01	-9.468565639189630012e-02
1.501501501501501523e-01	-9.468005363868923219e-01	-5.318833808882172942e-02
1.511511511511511585e-01	-8.244957059584252512e-01	-1.748504305035556428e-01
1.521521521521521647e-01	-8.545232138717014925e-01	-1.431919753245599614e-01
1.531531531531531432e-01	-9.127596664076139676e-01	-8.233797904265216516e-02
1.541541541541541493e-01	-8.917938881049439770e-01	-9.970220549244090957e-02
1.551551551551551555e-01	-1.006452880440021680e+00	1.953878538686160127e-02
1.561561561561561617e-01	-8.575831363526016382e-01	-1.237730444009578212e-01
1.571571571571571679e-01	-1.066125171277396033e+00	9.129732460286188456e-02
1.581581581581581464e-01	-1.202833476527149559e+00	2.354979281298592575e-01
1.591591591591591526e-01	-1.309666549852411821e+00	3.507798551277619969e-01
1.601601601601601588e-01	-1.293683919803343407e+00	3.441942794485300938e-01
1.611611611611611650e-01	-1.111120085602753882e+00	1.719664079829859027e-01
1.621621621621621712e-01	-1.057211023325987931e+00	1.293219960294784698e-01
1.631631631631631496e-01	-1.037560231863912330e+00	1.218534033637428404e-01
1.641641641641641558e-01	-1.193532793122429325e+00	2.909136654533950317e-01
1.651651651651651620e-01	-1.050150486361834723e+00	1.615116197094786932e-01
1.661661661661661682e-01	-1.073512606741472863e+00	1.997327368287442617e-01
1.671671671671671744e-01	-1.144365920041318985e+00	2.863090891856315823e-01
1.681681681681681528e-01	-1.009549049041965185e+00	1.680637517419147908e-01
1.691691691691691590e-01	-9.084456650679029188e-01	8.436400896453843945e-02
1.701701701701701652e-01	-7.736559905845621365e-01	-3.220712637310740867e-02
1.711711711711711714e-01	-7.528512346884489448e-01	-3.399646068314132741e-02
1.721721721721721776e-01	-5.075263886097488575e-01	-2.595278062458500345e-01
1.731731731731731838e-01	-5.600368394927075499e-01	-1.864653488353443800e-01
1.741741741741741623e-01	-6.218944038128831897e-01	-1.033175949475145794e-01
1.751751751751751685e-01	-5.979200217464061273e-01	-1.052846573342779424e-01
1.761761761761761746e-01	-6.050381021533836057e-01	-7.546388920186886118e-02
1.771771771771771808e-01	-6.578482099102765934e-01	7.218246410881645758e-04
1.781781781781781870e-01	-7.177752548389918497e-01	8.467427891217094160e-02
1.791791791791791655e-01	-7.200474541497858816e-01	1.115979331555679854e-01
1.801801801801801717e-01	-8.195041596127244921e-01	2.363077624064505722e-01
1.811811811811811779e-01	-8.614083045137418404e-01	3.040417282520992970e-01
1.821821821821821841e-01	-9.190171657993471133e-01	3.880315656700266125e-01
1.831831831831831903e-01	-1.101519126426692807e+00	5.974395706353682334e-01
1.841841841841841965e-01	-1.009881467507713682e+00	5.332064180612865467e-01
1.851851851851851749e-01	-1.149363485568034360e+00	7.005643053675718601e-01
1.861861861861861811e-01	-1.130474307994193683e+00	7.099947947249793945e-01
1.871871871871871873e-01	-1.075253605278553293e+00	6.835095525581553755e-01
1.881881881881881935e-01	-1.063827001617147827e+00	7.012057878354804874e-01
1.891891891891891997e-01	-9.501215529960186368e-01	6.169817582539609546e-01
1.901901901901901781e-01	-9.307669464152350525e-01	6.274379979406077279e-01
1.911911911911911843e-01	-8.428670714008986709e-01	5.696489177924324299e-01
1.921921921921921905e-01	-7.862763273807996667e-01	5.434391420022123276e-01
1.931931931931931967e-01	-6.841091538558270457e-01	4.718930676733191776e-01
1.941941941941942029e-01	-5.739818145333395183e-01	3.925966786606887582e-01
1.951951951951951814e-01	-4.172965675488531923e-01	2.669217457349162270e-01
1.961961961961961876e-01	-2.556333407266489499e-01	1.364175319904746830e-01
1.971971971971971938e-01	-4.311712754631642081e-02	-4.482178086474546824e-02
1.981981981981981999e-01	2.320218327195090469e-01	-2.885968819033017940e-01
1.991991991991992061e-01	3.522432926107413320e-01	-3.773985380001173007e-01
2.002002002002001846e-01	4.419030376599117349e-01	-4.356136043438447181e-01
2.012012012012011908e-01	4.334498493374151495e-01	-3.957219566586984150e-01
2.022022022022021970e-01	5.587959073993319370e-01	-4.896668628045475757e-01
2.032032032032032032e-01	5.904736981613264435e-01	-4.900118603091584424e-01
2.042042042042042094e-01	6.208652496615575389e-01	-4.891699608259335585e-01
2.052052052052052156e-01	4.355852581573715354e-01	-2.727867459922774795e-01
2.062062062062061940e-01	3.791157205744181136e-01	-1.853749693375213448e-01
2.072072072072072002e-01	3.261282354411296769e-01	-1.016368268035576783e-01
2.082082082082082064e-01	3.027572528759711612e-01	-4.773717647566105837e-02
2.092092092092092126e-01	3.313477928965355979e-01	-4.605122682248591337e-02
2.102102102102102188e-01	3.912505476188535836e-01	-7.595960904335097297e-02
2.112112112112111972e-01	3.937226775276410073e-01	-4.874914373305094806e-02
2.122122122122122034e-01	4.681505014972202061e-01	-9.383550157320147411e-02
2.132132132132132096e-01	3.980147425902235692e-01	5.271579893756928037e-03
2.142142142142142158e-01	3.719514820290524826e-01	5.990737098424442353e-02
2.152152152152152220e-01	3.305675077587943433e-01	1.294368296398164531e-01
2.162162162162162282e-01	3.096173973344774621e-01	1.780775464791570784e-01
2.172172172172172067e-01	3.074200575484508646e-01	2.074832326923612968e-01
2.182182182182182129e-01	4.665422871787958115e-01	7.506018436939393412e-02
2.192192192192192191e-01	5.267220658856295312e-01	4.104402020907826909e-02
2.202202202202202252e-01	4.396775890574066703e-01	1.536906727802138106e-01
2.212212212212212314e-01	4.430385189754053599e-01	1.753451629408103729e-01
2.222222222222222099e-01	4.135596708396693799e-01	2.292279388468690948e-01
2.232232232232232161e-01	5.370892981040050751e-01	1.294666150783663205e-01
2.242242242242242223e-01	4.624018856736513139e-01	2.272632033046101951e-01
2.252252252252252285e-01	4.558696625935951263e-01	2.562226228374301917e-01
2.262262262262262347e-01	4.668615036422120723e-01	2.669538216345156978e-01
2.272272272272272131e-01	5.473694110011364522e-01	2.074433165596619721e-01
2.282282282282282193e-01	5.231623181229001496e-01	2.519014107567012495e-01
2.292292292292292255e-01	5.678317404633684840e-01	2.267165634490750925e-01
2.302302302302302317e-01	4.200805251791128181e-01	3.931666600446202531e-01
2.312312312312312379e-01	4.092054738946180326e-01	4.219364084210752708e-01
2.322322322322322163e-01	3.899711218477014962e-01	4.582435780651002433e-01
2.332332332332332225e-01	4.628451913356889658e-01	4.016035641241755827e-01
2.342342342342342287e-01	4.120245153918106751e-01	4.678034804246184453e-01
2.352352352352352349e-01	5.273493218600947552e-01	3.669878912709323426e-01
2.362362362362362411e-01	6.797519384807501064e-01	2.282101213987960397e-01
2.372372372372372473e-01	4.974617987408718744e-01	4.232272643119913691e-01
2.382382382382382258e-01	5.925394106491038704e-01	3.399662268306034019e-01
2.392392392392392320e-01	7.424652915195092406e-01	2.009348067520716485e-01
2.402402402402402382e-01	7.363365265407545435e-01	2.170251458366745378e-01
2.412412412412412444e-01	6.761166423855637930e-01	2.862638668510696371e-01
2.422422422422422505e-01	6.769350514999268320e-01	2.935126390198701252e-01
2.432432432432432290e-01	7.414120905744796541e-01	2.361431483732063796e-01
2.442442442442442352e-01	7.875462719446979509e-01	1.961498542349120466e-01
2.452452452452452414e-01	6.461640135004547147e-01	3.427002662629810015e-01
2.462462462462462476e-01	7.262081825716950600e-01	2.668464065686726450e-01
2.472472472472472538e-01	8.898124704020016207e-01	1.064504402965528174e-01
2.482482482482482600e-01	8.810678450495310621e-01	1.174182268209913449e-01
2.492492492492492384e-01	7.267589786061767754e-01	2.729628956642119464e-01
2.502502502502502724e-01	7.963446445467617929e-01	2.036244513209850560e-01
2.512512512512512508e-01	7.956702444741400315e-01	2.035572477219393939e-01
2.522522522522522292e-01	8.653955620640986224e-01	1.321022345304011525e-01
2.532532532532532632e-01	8.187296592073338708e-01	1.760520602752514430e-01
2.542542542542542416e-01	8.500159074772374312e-01	1.410660391917822887e-01
2.552552552552552756e-01	9.153855387914110464e-01	7.101659790430336905e-02
2.562562562562562540e-01	8.745134401049372563e-01	1.062334771151025592e-01
2.572572572572572325e-01	7.497711548754116828e-01	2.243507255633246933e-01
2.582582582582582664e-01	6.481422257328021130e-01	3.183913518252393660e-01
2.592592592592592449e-01	6.882155866667238886e-01	2.697739256487650117e-01
2.602602602602602788e-01	6.083606591745553960e-01	3.401374743852397797e-01
2.612612612612612573e-01	6.178170244206525608e-01	3.202518024755137693e-01
2.622622622622622357e-01	4.957624197858322423e-01	4.309494856194531209e-01
2.632632632632632697e-01	5.570723704948404853e-01	3.573662289503255485e-01
2.642642642642642481e-01	4.596620970185018029e-01	4.415989485274430804e-01
2.652652652652652820e-01	4.861744400802117116e-01	4.010178343283924418e-01
2.662662662662662605e-01	5.426127307566430691e-01	3.296334672628431495e-01
2.672672672672672389e-01	5.533481759560504587e-01	3.030894199372962117e-01
2.682682682682682729e-01	5.941948336802449493e-01	2.455872667782944552e-01
2.692692692692692513e-01	6.193069047056517507e-01	2.029892768931581548e-01
2.702702702702702853e-01	6.185581761380838373e-01	1.854389542288571446e-01
2.712712712712712637e-01	4.098463195837587780e-01	3.750567223026459174e-01
2.722722722722722422e-01	6.711546877256482357e-01	9.387810973224297584e-02
2.732732732732732761e-01	6.874367313752242081e-01	5.696931451319464657e-02
2.742742742742742545e-01	5.698483833993103209e-01	1.531948006621999259e-01
2.752752752752752885e-01	5.650997715471387517e-01	1.358655652204582287e-01
2.762762762762762669e-01	6.454431264208896346e-01	3.275120939377729190e-02
2.772772772772773009e-01	6.804290805975361511e-01	-2.567638215780210231e-02
2.782782782782782793e-01	5.196312023987780249e-01	1.110324026437794487e-01
2.792792792792792578e-01	6.992897882307443913e-01	-9.333891196719479311e-02
2.802802802802802917e-01	6.734069643616751311e-01	-9.276801493306974233e-02
2.812812812812812702e-01	7.872480424845907931e-01	-2.324951881004726495e-01
2.822822822822823041e-01	6.980397089914168740e-01	-1.697215202453661309e-01
2.832832832832832826e-01	7.734490718195647929e-01	-2.720879792319582657e-01
2.842842842842842610e-01	8.226137658833370114e-01	-3.487055432928934384e-01
2.852852852852852950e-01	8.631040322908625217e-01	-4.171173066057863310e-01
2.862862862862862734e-01	6.966693754713918496e-01	-2.790451632649249558e-01
2.872872872872873073e-01	7.074025481624225398e-01	-3.185538195710353460e-01
2.882882882882882858e-01	7.762556899117371012e-01	-4.165669602672003036e-01
2.892892892892892642e-01	8.296386025039965695e-01	-4.994655521031589607e-01
2.902902902902902982e-01	7.378521890958772422e-01	-4.375213114841261519e-01
2.912912912912912766e-01	6.287049638735898727e-01	-3.585132429898073569e-01
2.922922922922923106e-01	7.698044948651762143e-01	-5.300191113674401766e-01
2.932932932932932890e-01	6.546717262145249627e-01	-4.455297932769577418e-01
2.942942942942942675e-01	5.729368522160467325e-01	-3.946451810580694497e-01
2.952952952952953014e-01	6.443484209055079237e-01	-4.970833162853674492e-01
2.962962962962962798e-01	5.083565810685235498e-01	-3.922636669432925105e-01
2.972972972972973138e-01	5.407895685729631197e-01	-4.559836440974534000e-01
2.982982982982982922e-01	4.706055705129139066e-01	-4.171704965198562154e-01
2.992992992992992707e-01	3.698196000882384982e-01	-3.478082161620091317e-01
3.003003003003003046e-01	1.868146497676989592e-01	-1.962487219935959704e-01
3.013013013013012831e-01	3.064347479403680130e-01	-3.473049473810783105e-01
3.023023023023023170e-01	2.332519575408576462e-01	-3.055178694614454349e-01
3.033033033033032955e-01	3.235406379187141107e-02	-1.359442276241099867e-01
3.043043043043043294e-01	6.949889448488345833e-02	-2.043108744914672315e-01
3.053053053053053079e-01	-8.912733197484739439e-03	-1.569877533712284445e-01
3.063063063063062863e-01	-1.588821364602042985e-01	-3.794280500749944163e-02
3.073073073073073203e-01	-3.664700321110210823e-01	1.389152672349383555e-01
3.083083083083082987e-01	-3.373692582555132824e-01	7.930968882666417086e-02
3.093093093093093326e-01	-3.692889714914359134e-01	8.097978121921323158e-02
3.103103103103103111e-01	-3.765175599332653555e-01	5.824384504095742043e-02
3.113113113113112895e-01	-3.589910902221093436e-01	1.106757752782577819e-02
3.123123123123123235e-01	-4.612945333812977777e-01	8.406526907852795993e-02
3.133133133133133019e-01	-5.143999570204873528e-01	1.082379664660164109e-01
3.143143143143143359e-01	-5.220224166342800620e-01	8.732933547988402934e-02
3.153153153153153143e-01	-5.519847477653113677e-01	8.919042479801331247e-02
3.163163163163162928e-01	-5.953516631765276568e-01	1.049137352601078321e-01
3.173173173173173267e-01	-5.924435243430221654e-01	7.484696388114420174e-02
3.183183183183183051e-01	-6.430325976100721430e-01	9.878923297849340202e-02
3.193193193193193391e-01	-6.539771240809852948e-01	8.362513350308387050e-02
3.203203203203203175e-01	-6.853463476694190426e-01	8.944972703552112048e-02
3.213213213213212960e-01	-7.608044815913029835e-01	1.399524867480603785e-01
3.223223223223223299e-01	-7.230721522003217272e-01	7.787871626162912175e-02
3.233233233233233084e-01	-8.138631721439328892e-01	1.449662983995939625e-01
3.243243243243243423e-01	-9.138869115568737378e-01	2.219480425793278755e-01
3.253253253253253208e-01	-9.531236408527450354e-01	2.388270044257241320e-01
3.263263263263262992e-01	-9.112297419498234241e-01	1.752816744657211823e-01
3.273273273273273332e-01	-6.977636094471505457e-01	-5.910814255784146987e-02
3.283283283283283116e-01	-7.559902682589273448e-01	-2.105673122336038094e-02
3.293293293293293456e-01	-7.001704923368325950e-01	-9.628336716809704487e-02
3.303303303303303240e-01	-6.378813729150778489e-01	-1.771917685711840162e-01
3.313313313313313024e-01	-7.222776897172877852e-01	-1.106087439234845204e-01
3.323323323323323364e-01	-6.680531791996192625e-01	-1.818229419910670774e-01
3.333333333333333148e-01	-7.369609157659192666e-01	-1.290644880185185528e-01
3.343343343343343488e-01	-1.019930658941051949e+00	1.386123468312446816e-01
3.353353353353353272e-01	-1.016452541130034692e+00	1.207128174447797964e-01
3.363363363363363057e-01	-1.135364082560334165e+00	2.260887047464460453e-01
3.373373373373373396e-01	-1.122273579045620862e+00	2.003616893603960003e-01
3.383383383383383181e-01	-1.141598624656865901e+00	2.079618610460197692e-01
3.393393393393393520e-01	-9.920376247135633818e-01	4.759921933273447703e-02
3.403403403403403304e-01	-8.933649357380112344e-01	-6.094119799073716148e-02
3.413413413413413644e-01	-8.899621340834268368e-01	-7.326805681048587093e-02
3.423423423423423428e-01	-9.698799931859937162e-01	-1.321759084382367888e-03
3.433433433433433213e-01	-1.041487641299391198e+00	6.327470616618291466e-02
3.443443443443443552e-01	-1.049441824452672423e+00	6.518501801930387529e-02
3.453453453453453337e-01	-1.090901444069113824e+00	1.015740544156202851e-01
3.463463463463463676e-01	-1.152009289022664973e+00	1.585896183048542962e-01
3.473473473473473461e-01	-1.156104317439151430e+00	1.595747144888146618e-01
3.483483483483483245e-01	-1.100122829261403590e+00	1.014687181849471820e-01
3.493493493493493585e-01	-1.059012159036121226e+00	5.922106477219513110e-02
3.503503503503503369e-01	-1.085782268584352783e+00	8.584284038405909367e-02
3.513513513513513709e-01	-1.185708277971361468e+00	1.866093117666799417e-01
3.523523523523523493e-01	-1.002375030417405055e+00	5.104491044572334602e-03
3.533533533533533277e-01	-1.023842029217610250e+00	2.938607346233257367e-02
3.543543543543543617e-01	-1.054958702813945326e+00	6.430070424451361788e-02
3.553553553553553401e-01	-1.084346117060383641e+00	9.846569361298762590e-02
3.563563563563563741e-01	-1.232713096775740036e+00	2.525851420535636382e-01
3.573573573573573525e-01	-1.247710593342027829e+00	2.743043125860250564e-01
3.583583583583583310e-01	-1.253624052609582540e+00	2.879020042942274094e-01
3.593593593593593649e-01	-1.243481322410121548e+00	2.863984664118507384e-01
3.603603603603603434e-01	-1.140952140729222242e+00	1.934548940087920110e-01
3.613613613613613773e-01	-1.116830393453771997e+00	1.798556941863341807e-01
3.623623623623623557e-01	-1.005085341036325186e+00	7.955972211464690247e-02
3.633633633633633342e-01	-9.222829309907448758e-01	9.121603817761281263e-03
3.643643643643643681e-01	-8.454917738707263819e-01	-5.440227665259200762e-02
3.653653653653653466e-01	-7.852783553437757691e-01	-1.004585530527545290e-01
3.663663663663663805e-01	-7.895726007237777733e-01	-8.113129944134966909e-02
3.673673673673673590e-01	-8.394753324983229570e-01	-1.533455880860379317e-02
3.683683683683683929e-01	-8.543862726036732802e-01	1.631567389844712501e-02
3.693693693693693714e-01	-9.035624136315915100e-01	8.305983852450349314e-02
3.703703703703703498e-01	-8.483446329312258616e-01	4.622144017618168288e-02
3.713713713713713838e-01	-9.028552965103728845e-01	1.199046703019095439e-01
3.723723723723723622e-01	-8.359901979922274018e-01	7.298636362070010097e-02
3.733733733733733962e-01	-8.194963062535777221e-01	7.719376450796855416e-02
3.743743743743743746e-01	-7.680018237251903246e-01	4.713460480060438496e-02
3.753753753753753530e-01	-7.070496868852993444e-01	8.330624532931207860e-03
3.763763763763763870e-01	-6.331142228464751165e-01	-4.276575051620457035e-02
3.773773773773773654e-01	-7.211192764938697541e-01	6.874673997207847442e-02
3.783783783783783994e-01	-7.374888248272905011e-01	1.092688275316480162e-01
3.793793793793793778e-01	-6.541522432151538613e-01	5.070600415172765718e-02
3.803803803803803563e-01	-7.606372965571164269e-01	1.825615370567444939e-01
3.813813813813813902e-01	-7.370574155450355658e-01	1.849237691919658477e-01
3.823823823823823687e-01	-8.924009261609691102e-01	3.667553735296475992e-01
3.833833833833834026e-01	-9.648658462531490843e-01	4.662281750121570201e-01
3.843843843843843811e-01	-8.976237687311388047e-01	4.264870596481206144e-01
3.853853853853853595e-01	-9.445781133580423150e-01	5.014082527139145373e-01
3.863863863863863934e-01	-1.006429939487428538e+00	5.916651583820216054e-01
3.873873873873873719e-01	-1.035787894151081190e+00	6.498383351557511789e-01
3.883883883883884058e-01	-8.655169750956663854e-01	5.087642866814352516e-01
3.893893893893893843e-01	-7.720930202708891077e-01	4.448899794131166985e-01
3.903903903903903627e-01	-6.424351091333830865e-01	3.451052724662102000e-01
3.913913913913913967e-01	-6.224011210486927181e-01	3.552385049141710827e-01
3.923923923923923751e-01	-5.940963093155017249e-01	3.573650990238201874e-01
3.933933933933934091e-01	-6.566749387406178862e-01	4.506092273289255545e-01
3.943943943943943875e-01	-6.236887461167562874e-01	4.484923028648860610e-01
3.953953953953953659e-01	-5.845059910039498430e-01	4.403520599359905807e-01
3.963963963963963999e-01	-4.583595417265465821e-01	3.453906702974730014e-01
3.973973973973973783e-01	-2.822791019081757891e-01	2.006070000449686752e-01
3.983983983983984123e-01	-1.161797474580322787e-01	6.588517709466587546e-02
3.993993993993993907e-01	5.544410156941818532e-03	-2.441171494140884773e-02
4.004004004004003692e-01	5.578471048789703651e-02	-4.320609264915742376e-02
4.014014014014014031e-01	3.936571569890038452e-02	4.646386323480099223e-03
4.024024024024023816e-01	1.344784945570108026e-01	-5.907642997461011458e-02
4.034034034034034155e-01	1.963942024892680882e-01	-8.967673711790982716e-02
4.044044044044043940e-01	9.646589561232277177e-02	4.146144236033044717e-02
4.054054054054054279e-01	1.187354875613942512e-01	5.026533276045470899e-02
4.064064064064064064e-01	2.352364933209719067e-01	-3.532930809616716128e-02
4.074074074074073848e-01	2.304771479796076661e-01	1.387227628311948902e-04
4.084084084084084187e-01	2.145068984420673008e-01	4.658961197002162158e-02
4.094094094094093972e-01	1.784732607038871377e-01	1.128457025716592677e-01
4.104104104104104311e-01	3.658022729798101474e-02	2.846731163861622171e-01
4.114114114114114096e-01	1.359555576825536294e-01	2.149144931687765880e-01
4.124124124124123880e-01	1.157171098350960603e-01	2.644226882884990193e-01
4.134134134134134220e-01	1.681513134256566733e-01	2.408823285150894777e-01
4.144144144144144004e-01	3.300885179781599676e-01	1.074344924787432043e-01
4.154154154154154344e-01	4.081783323618861092e-01	5.740139943207173134e-02
4.164164164164164128e-01	4.288713126104663487e-01	6.430474928900742349e-02
4.174174174174173912e-01	4.763276017011999208e-01	4.395711028037863066e-02
4.184184184184184252e-01	6.066797672260190177e-01	-5.980089173239178102e-02
4.194194194194194036e-01	7.929313430256585971e-01	-2.199990883836400180e-01
4.204204204204204376e-01	8.684063358894273943e-01	-2.699872494985002813e-01
4.214214214214214160e-01	8.904663997443947876e-01	-2.671522318061789747e-01
4.224224224224223945e-01	7.362867057026638573e-01	-8.869382406527048790e-02
4.234234234234234284e-01	7.991954647458625605e-01	-1.279642454049603195e-01
4.244244244244244069e-01	8.378830861897377247e-01	-1.436772800490153656e-01
4.254254254254254408e-01	8.346376147451759486e-01	-1.181436912623927693e-01
4.264264264264264193e-01	8.446691256331591013e-01	-1.065955940008211922e-01
4.274274274274273977e-01	6.235302674751619367e-01	1.353930239929260759e-01
4.284284284284284317e-01	5.789708845265754134e-01	2.000517010569150544e-01
4.294294294294294101e-01	6.000618686915194511e-01	1.982896699828859965e-01
4.304304304304304440e-01	6.078204780405246366e-01	2.090705591523804863e-01
4.314314314314314225e-01	4.993199749306435620e-01	3.353027733171736746e-01
4.324324324324324564e-01	5.571459171373895902e-01	2.943832205959217019e-01
4.334334334334334349e-01	5.400009094728475123e-01	3.275925781947539583e-01
4.344344344344344133e-01	4.708899202995192601e-01	4.119099924250997358e-01
4.354354354354354473e-01	4.973295105558044327e-01	3.998038653865092495e-01
4.364364364364364257e-01	6.056904645598732984e-01	3.048892390321620294e-01
4.374374374374374597e-01	5.962396857110826565e-01	3.268859134832294844e-01
4.384384384384384381e-01	6.208160228656656177e-01	3.139426338014853490e-01
4.394394394394394165e-01	6.716324009962789665e-01	2.738349715975839649e-01
4.404404404404404505e-01	7.048939019421311958e-01	2.503472556561557871e-01
4.414414414414414289e-01	6.649603877518425188e-01	2.991099590643078177e-01
4.424424424424424629e-01	6.826747354698510240e-01	2.892714739823828429e-01
4.434434434434434413e-01	7.333473455233406879e-01	2.455136118905206777e-01
4.444444444444444198e-01	8.602415795791209518e-01	1.245661734330867354e-01
4.454454454454454537e-01	8.931055555148442737e-01	9.667516020893918149e-02
4.464464464464464322e-01	9.824776868443853006e-01	1.129724116103869580e-02
4.474474474474474661e-01	8.788435966371477281e-01	1.179428435198865976e-01
4.484484484484484446e-01	8.395119436554731029e-01	1.593003305717960449e-01
4.494494494494494230e-01	8.549046895417299341e-01	1.449457374165704637e-01
4.504504504504504570e-01	7.864181684528525063e-01	2.134817033138963760e-01
4.514514514514514354e-01	8.793654712370633231e-01	1.195950885217641479e-01
4.524524524524524693e-01	8.530423776144924197e-01	1.439910421641977800e-01
4.534534534534534478e-01	8.669800495549176977e-01	1.271403079350217347e-01
4.544544544544544262e-01	9.175300630353325770e-01	7.269419045586611450e-02
4.554554554554554602e-01	1.090987521093469859e+00	-1.056385606258531951e-01
4.564564564564564386e-01	9.983805149718355532e-01	-1.888121559071898048e-02
4.574574574574574726e-01	8.310929760111106512e-01	1.415880786920494794e-01
4.584584584584584510e-01	8.376117106944650503e-01	1.272892580002740193e-01
4.594594594594594295e-01	8.293932494473359451e-01	1.267734852919154553e-01
4.604604604604604634e-01	8.130080760738482848e-01	1.334789136610040616e-01
4.614614614614614418e-01	7.396799316617230780e-01	1.961913738920894046e-01
4.624624624624624758e-01	6.624085296069625040e-01	2.619216499703461709e-01
4.634634634634634542e-01	6.876453808432737569e-01	2.242296434717602205e-01
4.644644644644644327e-01	6.749473362330336013e-01	2.235708198868345820e-01
4.654654654654654666e-01	8.739522833781723232e-01	1.032049963060543973e-02
4.664664664664664451e-01	7.810710485516495494e-01	8.808194305035010885e-02
4.674674674674674790e-01	7.055413689817344736e-01	1.476323642116580404e-01
4.684684684684684575e-01	5.097185577735794393e-01	3.266322511921972982e-01
4.694694694694694914e-01	5.656438496363220825e-01	2.530570047295064295e-01
4.704704704704704699e-01	4.218143172041398103e-01	3.784270054498925506e-01
4.714714714714714483e-01	4.038493819872842061e-01	3.771410856586345228e-01
4.724724724724724823e-01	3.278727729051652551e-01	4.330945527565023268e-01
4.734734734734734607e-01	2.403964509075960099e-01	4.997952457943485305e-01
4.744744744744744946e-01	3.726997705412880002e-01	3.459843543272499433e-01
4.754754754754754731e-01	4.720777763390182624e-01	2.243881017102041797e-01
4.764764764764764515e-01	6.234345663526262848e-01	5.012436053424007554e-02
4.774774774774774855e-01	5.745726668923848424e-01	7.541325616126215436e-02
4.784784784784784639e-01	6.479861218613385265e-01	-2.221594500953116835e-02
4.794794794794794979e-01	6.989701363527567324e-01	-9.803450218963394303e-02
4.804804804804804763e-01	8.535855714650166792e-01	-2.780787186951255707e-01
4.814814814814814548e-01	9.187810061409515949e-01	-3.692720280701445867e-01
4.824824824824824887e-01	7.759413639584638034e-01	-2.529736457426605689e-01
4.834834834834834671e-01	6.913242940472127396e-01	-1.954149753628227626e-01
4.844844844844845011e-01	7.484521134225803340e-01	-2.800915770899194968e-01
4.854854854854854795e-01	5.134650581666962976e-01	-7.311644523207694313e-02
4.864864864864864580e-01	6.108840057093719578e-01	-1.989827574653778575e-01
4.874874874874874919e-01	6.395484469477041856e-01	-2.565018743445353078e-01
4.884884884884884704e-01	5.948792512233671559e-01	-2.410661320970274857e-01
4.894894894894895043e-01	5.535858980382113437e-01	-2.293561025538397025e-01
4.904904904904904828e-01	5.267531159155998122e-01	-2.324272605963175753e-01
4.914914914914914612e-01	4.454987361487840469e-01	-1.813678668321758169e-01
4.924924924924924952e-01	5.168609854697172601e-01	-2.831862895054648721e-01
4.934934934934934736e-01	5.040749137838845817e-01	-3.010874617571218104e-01
4.944944944944945076e-01	6.426603638574903687e-01	-4.705608810933219477e-01
4.954954954954954860e-01	5.496308138042246272e-01	-4.085894818793043837e-01
4.964964964964965199e-01	4.154967525846002263e-01	-3.056530410420995603e-01
4.974974974974974984e-01	3.326908902363321929e-01	-2.541534186706622123e-01
4.984984984984984768e-01	2.080998289441540194e-01	-1.609462595918464412e-01
4.994994994994995108e-01	1.688401588301057799e-01	-1.531171197730649136e-01
5.005005005005005447e-01	1.714362525142596461e-01	-1.871592915713010674e-01
5.015015015015015232e-01	1.235759517527190571e-01	-1.707295211050254002e-01
5.025025025025025016e-01	1.301746232400806114e-01	-2.087120948057493985e-01
5.035035035035034801e-01	1.272708297598442728e-01	-2.371145413023437176e-01
5.045045045045044585e-01	7.496581590064774203e-02	-2.160071478255650157e-01
5.055055055055055480e-01	1.815068293033497704e-02	-1.902501656945039810e-01
5.065065065065065264e-01	-1.387929674239261890e-01	-6.419448460283536106e-02
5.075075075075075048e-01	-3.509766258720306564e-01	1.173019299077794619e-01
5.085085085085084833e-01	-4.654441275359646468e-01	2.013132582193593034e-01
5.095095095095094617e-01	-3.564448918557279189e-01	6.211903653644684775e-02
5.105105105105105512e-01	-3.707240712961684670e-01	4.649427581179627067e-02
5.115115115115115296e-01	-2.739763815900121413e-01	-7.983673753632636316e-02
5.125125125125125081e-01	-4.403938519941917873e-01	5.734727939102568506e-02
5.135135135135134865e-01	-6.147520204651540920e-01	2.028507722211643216e-01
5.145145145145144649e-01	-6.407121005744981224e-01	2.003634876398798781e-01
5.155155155155155544e-01	-6.207477106998943173e-01	1.523871743672330359e-01
5.165165165165165329e-01	-6.124610297461390296e-01	1.165517110617501073e-01
5.175175175175175113e-01	-5.539757671404168526e-01	3.100804892461628270e-02
5.185185185185184897e-01	-5.446461754096917351e-01	-4.862802661114162817e-03
5.195195195195194682e-01	-3.521573414114038125e-01	-2.233495113584848535e-01
5.205205205205205576e-01	-3.506730523636100161e-01	-2.502625817995132174e-01
5.215215215215215361e-01	-4.260819484973505378e-01	-1.996882283544544889e-01
5.225225225225225145e-01	-5.663434310804834615e-01	-8.364249197316120377e-02
5.235235235235234930e-01	-6.570305940315596116e-01	-1.652833285530586060e-02
5.245245245245244714e-01	-6.564497857096388556e-01	-4.001609233958136613e-02
5.255255255255255609e-01	-7.213319664483938132e-01	2.647841579855536587e-03
5.265265265265265393e-01	-6.675223135663755913e-01	-7.266938313556692286e-02
5.275275275275275177e-01	-5.476281749951336097e-01	-2.133391506665343051e-01
5.285285285285284962e-01	-7.553200365943339989e-01	-2.567043105158284266e-02
5.295295295295294746e-01	-7.121237101980014694e-01	-8.811761245602911519e-02
5.305305305305305641e-01	-8.539581401544507067e-01	3.525728578862286078e-02
5.315315315315315425e-01	-8.305213416681489491e-01	-5.829467297626123035e-03
5.325325325325325210e-01	-7.642681740675449920e-01	-8.890555912584785503e-02
5.335335335335334994e-01	-8.173033255896575699e-01	-5.184966601234053396e-02
5.345345345345344779e-01	-9.631579474878048108e-01	7.888516447902838014e-02
5.355355355355355673e-01	-9.719022114984386951e-01	7.338405537857184413e-02
5.365365365365365458e-01	-9.440646161244200529e-01	3.218959180938585352e-02
5.375375375375375242e-01	-9.676596747555811229e-01	4.332949517827289210e-02
5.385385385385385026e-01	-1.015598070036746625e+00	7.972676448293525286e-02
5.395395395395394811e-01	-1.066632233390351514e+00	1.201452436555001668e-01
5.405405405405405705e-01	-1.030553618683951456e+00	7.438688394470094334e-02
5.415415415415415490e-01	-1.096165786506102080e+00	1.312648178113628994e-01
5.425425425425425274e-01	-1.086846998785543139e+00	1.141659440823832306e-01
5.435435435435435059e-01	-9.319293937593816635e-01	-4.756990562173435411e-02
5.445445445445444843e-01	-9.023793057681137597e-01	-8.296965469950212668e-02
5.455455455455455738e-01	-9.503187235526551202e-01	-3.990552993854368236e-02
5.465465465465465522e-01	-8.691203265679406931e-01	-1.250000309219986283e-01
5.475475475475475307e-01	-1.075996298848659993e+00	7.896287906996990458e-02
5.485485485485485091e-01	-9.741656813574706142e-01	-2.479487840135663479e-02
5.495495495495495986e-01	-9.937411002407654514e-01	-6.158771525983430806e-03
5.505505505505505770e-01	-1.014357346360908352e+00	1.450691940260795398e-02
5.515515515515515554e-01	-9.961373573693936834e-01	-2.674916857875464515e-03
5.525525525525525339e-01	-8.572230401310826364e-01	-1.395634000259518004e-01
5.535535535535535123e-01	-9.168519711629128377e-01	-7.692295684251171384e-02
5.545545545545546018e-01	-9.068984474474768298e-01	-8.288226827630629234e-02
5.555555555555555802e-01	-8.564071099043982782e-01	-1.284006431078096311e-01
5.565565565565565587e-01	-1.011252099397899284e+00	3.239114198403769684e-02
5.575575575575575371e-01	-9.694985448562434271e-01	-2.447664595990661773e-03
5.585585585585585155e-01	-1.056036386343089495e+00	9.196603952693782613e-02
5.595595595595596050e-01	-1.119026307877601933e+00	1.637851502793156167e-01
5.605605605605605835e-01	-9.693699455856021885e-01	2.390257299173892402e-02
5.615615615615615619e-01	-9.504697036668442456e-01	1.571104699969283480e-02
5.625625625625625403e-01	-9.598533191304334800e-01	3.672771993612011787e-02
5.635635635635635188e-01	-1.070374449117518667e+00	1.597947455254828952e-01
5.645645645645646082e-01	-1.079208986470355125e+00	1.820756105280416648e-01
5.655655655655655867e-01	-1.013594863685121306e+00	1.307949509605016436e-01
5.665665665665665651e-01	-9.661549607828494590e-01	9.856147311524743326e-02
5.675675675675675436e-01	-9.348272174349663288e-01	8.329807970165348241e-02
5.685685685685685220e-01	-8.935236859229196416e-01	5.890093767510173883e-02
5.695695695695696115e-01	-8.457976807253532181e-01	2.890664353244842832e-02
5.705705705705705899e-01	-7.796467942767804082e-01	-1.870474439762570551e-02
5.715715715715715683e-01	-8.410937667801187123e-01	6.207118119662635713e-02
5.725725725725725468e-01	-8.683372790591118440e-01	1.094139875910230542e-01
5.735735735735735252e-01	-7.413295751380426513e-01	3.256043505702743701e-03
5.745745745745746147e-01	-6.894517520286492784e-01	-2.704217145413345680e-02
5.755755755755755931e-01	-7.049608547800891856e-01	1.075504863936604938e-02
5.765765765765765716e-01	-7.275988773483721417e-01	5.636765800746768029e-02
5.775775775775775500e-01	-7.599188097233746664e-01	1.123259280859804088e-01
5.785785785785785285e-01	-7.317789122887325970e-01	1.084647443505144526e-01
5.795795795795796179e-01	-6.331456839966731476e-01	3.472659760574647869e-02
5.805805805805805964e-01	-7.224364799426605810e-01	1.495042253006395594e-01
5.815815815815815748e-01	-7.918049383579435219e-01	2.449260628643167292e-01
5.825825825825825532e-01	-8.322177826990646565e-01	3.119330707174851058e-01
5.835835835835835317e-01	-7.635804896150252263e-01	2.704044277155488452e-01
5.845845845845846211e-01	-7.940099771871409473e-01	3.284302453931836063e-01
5.855855855855855996e-01	-7.463889115196776780e-01	3.088659010627717860e-01
5.865865865865865780e-01	-7.362956290312873131e-01	3.272619870905416617e-01
5.875875875875875565e-01	-6.389340809399661758e-01	2.587942828163683484e-01
5.885885885885885349e-01	-6.641352880128983394e-01	3.132652371615652909e-01
5.895895895895896244e-01	-8.474435755482827570e-01	5.261902318641383802e-01
5.905905905905906028e-01	-7.507997387622117325e-01	4.594807754866658267e-01
5.915915915915915813e-01	-6.568588293263596389e-01	3.957623189142712716e-01
5.925925925925925597e-01	-6.280706259627775179e-01	3.974547552203357426e-01
5.935935935935935381e-01	-6.725519157826069794e-01	4.726447305577993196e-01
5.945945945945946276e-01	-5.518227705023041052e-01	3.828219501804539515e-01
5.955955955955956060e-01	-4.312510678882046089e-01	2.933237299155519451e-01
5.965965965965965845e-01	-4.349361671964156462e-01	3.282187018250561916e-01
5.975975975975975629e-01	-4.046833419357945827e-01	3.292812773533909110e-01
5.985985985985985414e-01	-3.860087724002857490e-01	3.419966703779004913e-01
5.995995995995996308e-01	-3.087576836804405422e-01	2.961790658417015054e-01
6.006006006006006093e-01	-3.628120847023909024e-01	3.816793894868584780e-01
6.016016016016015877e-01	-2.969828368037827349e-01	3.472774071671478890e-01
6.026026026026025662e-01	-3.337693663465577387e-01	4.154414682097618550e-01
6.036036036036035446e-01	-2.592681936620528371e-01	3.722370650911216439e-01
6.046046046046046341e-01	-2.756213401975859956e-01	4.197752712655458129e-01
6.056056056056056125e-01	-2.984709257685266848e-01	4.736673690203957454e-01
6.066066066066065909e-01	-2.521473754326204464e-01	4.582130868443116123e-01
6.076076076076075694e-01	-3.069427531498850614e-01	5.436739634415619360e-01
6.086086086086086588e-01	-2.204544566931422311e-01	4.876170728276626454e-01
6.096096096096096373e-01	-1.977132935579093420e-01	4.950431302250827281e-01
6.106106106106106157e-01	-2.936252382009782447e-01	6.208282790587495992e-01
6.116116116116115942e-01	-3.203316429258246112e-01	6.770843313400545238e-01
6.126126126126125726e-01	-1.714400096881947277e-01	5.573895686835202978e-01
6.136136136136136621e-01	-4.171615684696551585e-02	4.564809379523744881e-01
6.146146146146146405e-01	-6.436926227880539197e-02	5.075391229229321288e-01
6.156156156156156189e-01	4.442845610638433002e-02	4.267082529766327847e-01
6.166166166166165974e-01	1.573634313464077894e-01	3.412742398945816658e-01
6.176176176176175758e-01	2.712550005693153965e-01	2.543905520620050043e-01
6.186186186186186653e-01	4.273480177106550593e-01	1.247856286424166572e-01
6.196196196196196437e-01	3.841128788723419119e-01	1.939628806280290219e-01
6.206206206206206222e-01	4.944742008982155324e-01	1.089720381652096726e-01
6.216216216216216006e-01	5.042265437017788843e-01	1.239934535938612692e-01
6.226226226226225791e-01	5.435937927532565883e-01	1.087787437685338032e-01
6.236236236236236685e-01	5.475274181638302151e-01	1.283525551988498048e-01
6.246246246246246470e-01	5.738906027372308039e-01	1.248284596151364445e-01
6.256256256256256254e-01	4.634799867334780110e-01	2.573872321911059302e-01
6.266266266266266038e-01	5.432692590740628713e-01	1.990332826715442982e-01
6.276276276276275823e-01	6.967179641670866452e-01	6.628587020443987843e-02
6.286286286286286717e-01	7.583874263581941166e-01	2.456319985026955699e-02
6.296296296296296502e-01	7.584835706087573737e-01	4.363962214628602787e-02
6.306306306306306286e-01	7.084894275988529166e-01	1.120131475082333239e-01
6.316316316316316071e-01	7.182261891086809680e-01	1.198444095965455203e-01
6.326326326326325855e-01	7.451139385886664801e-01	1.096959527182586047e-01
6.336336336336336750e-01	7.528427105937293140e-01	1.178611895713984614e-01
6.346346346346346534e-01	7.071797874187307764e-01	1.785571209777980783e-01
6.356356356356356319e-01	6.860242005222615402e-01	2.138698500010555170e-01
6.366366366366366103e-01	5.775857147205962772e-01	3.355756124523867623e-01
6.376376376376375887e-01	6.404047366354936877e-01	2.851208822861834857e-01
6.386386386386386782e-01	7.631006329507096231e-01	1.738740663167284151e-01
6.396396396396396566e-01	8.832284617148156158e-01	6.426878500561361562e-02
6.406406406406406351e-01	8.889807875153261651e-01	6.810206848294475535e-02
6.416416416416416135e-01	1.014486483112868154e+00	-4.876443479751380039e-02
6.426426426426425920e-01	1.126868595888891544e+00	-1.534623151328894375e-01
6.436436436436436814e-01	1.120402851478474071e+00	-1.402748967562975624e-01
6.446446446446446599e-01	9.725271374035536764e-01	1.335328604384178330e-02
6.456456456456456383e-01	9.571278942110416077e-01	3.353010435839010039e-02
6.466466466466466168e-01	1.016404246386151122e+00	-2.194829063087366805e-02
6.476476476476475952e-01	1.002405741312256016e+00	-5.135201939423517103e-03
6.486486486486486847e-01	9.337529018829138217e-01	6.534606432176759405e-02
6.496496496496496631e-01	1.023269644245515364e+00	-2.333021604522167447e-02
6.506506506506506415e-01	1.006416133671584223e+00	-6.625039407658017687e-03
6.516516516516516200e-01	8.259978632483697680e-01	1.726562478280867508e-01
6.526526526526525984e-01	8.985326912333549965e-01	9.799691171698199366e-02
6.536536536536536879e-01	9.433079690178121091e-01	5.011170169999867863e-02
6.546546546546546663e-01	9.524105809632839037e-01	3.691680869020952382e-02
6.556556556556556448e-01	9.431104436600085128e-01	4.114636277336025660e-02
6.566566566566566232e-01	8.978167713634094271e-01	8.039616376979952239e-02
6.576576576576576016e-01	7.792550550225880723e-01	1.919466972477891220e-01
6.586586586586586911e-01	7.475886973680523351e-01	2.156414935258598176e-01
6.596596596596596696e-01	6.523138054423979204e-01	3.019923282863508085e-01
6.606606606606606480e-01	5.758499174608050497e-01	3.685884879200241881e-01
6.616616616616616264e-01	4.369491148440904915e-01	4.966876487667566398e-01
6.626626626626626049e-01	4.714961948312889062e-01	4.504156948539378424e-01
6.636636636636636943e-01	5.024442365576921032e-01	4.068311412561957940e-01
6.646646646646646728e-01	5.034456027272398160e-01	3.922941209580156352e-01
6.656656656656656512e-01	4.492933570954684708e-01	4.320249550143393513e-01
6.666666666666666297e-01	5.143580283940384357e-01	3.516673753904018263e-01
6.676676676676676081e-01	6.424005352086985532e-01	2.074755859819884529e-01
6.686686686686686976e-01	4.805877690136087788e-01	3.522986646271641931e-01
6.696696696696696760e-01	4.861712694564606085e-01	3.289018720298019227e-01
6.706706706706706544e-01	4.512497779392365405e-01	3.452040815656937656e-01
6.716716716716716329e-01	3.462555117549215300e-01	4.307914877273691934e-01
6.726726726726726113e-01	1.893494635110639090e-01	5.675222884939288281e-01
6.736736736736737008e-01	1.255198965783024811e-01	6.104281709058005934e-01
6.746746746746746792e-01	2.085481246391026888e-01	5.057485117879190195e-01
6.756756756756756577e-01	2.862787965129474088e-01	4.056600724646006739e-01
6.766766766766766361e-01	1.674730766212682020e-01	5.014237971230717239e-01
6.776776776776777256e-01	2.686534100155313909e-01	3.765400259231608815e-01
6.786786786786787040e-01	4.395306767854228469e-01	1.813213180578207573e-01
6.796796796796796825e-01	5.228328105205020115e-01	7.306381011339690978e-02
6.806806806806806609e-01	5.139911686943393621e-01	5.636082188356450473e-02
6.816816816816816393e-01	6.132136589603007781e-01	-6.897029432872092691e-02
6.826826826826827288e-01	6.502656101585245763e-01	-1.326690496966470567e-01
6.836836836836837072e-01	7.323777411289896788e-01	-2.419398132125687995e-01
6.846846846846846857e-01	6.529396633525769156e-01	-1.901453403852761959e-01
6.856856856856856641e-01	4.013966774772452784e-01	3.329640367715025473e-02
6.866866866866866426e-01	5.280920052287120248e-01	-1.219300146742383073e-01
6.876876876876877320e-01	4.318908048437938296e-01	-5.466154054102451143e-02
6.886886886886887105e-01	4.222457271244159926e-01	-7.432221443013131701e-02
6.896896896896896889e-01	5.762519492859367043e-01	-2.579782343936258826e-01
6.906906906906906674e-01	5.803237396153794192e-01	-2.920145493431572925e-01
6.916916916916916458e-01	6.150462805532013189e-01	-3.569867111243493207e-01
6.926926926926927353e-01	5.278192107079668904e-01	-3.002644458318847187e-01
6.936936936936937137e-01	3.107922085197647455e-01	-1.139672670520580633e-01
6.946946946946946921e-01	2.715746754860405288e-01	-1.056741889173279103e-01
6.956956956956956706e-01	3.304465471120144326e-01	-1.956345671054294522e-01
6.966966966966966490e-01	1.932437552341776943e-01	-8.965359140193612797e-02
6.976976976976977385e-01	2.975973495844479871e-02	4.250617696214243485e-02
6.986986986986987169e-01	-3.233007553936896594e-02	7.320027498008227496e-02
6.996996996996996954e-01	3.833899419619671289e-02	-2.890492197030026383e-02
7.007007007007006738e-01	-7.728118416266871460e-02	5.526980023644235268e-02
7.017017017017016522e-01	-2.226782567910539634e-01	1.692431827979992420e-01
7.027027027027027417e-01	-2.814834499846866067e-01	1.966775255091780805e-01
7.037037037037037202e-01	-1.902678189187473057e-01	7.417490479351571131e-02
7.047047047047046986e-01	-1.856484878140423345e-01	3.838338319390130482e-02
7.057057057057056770e-01	-5.129932416831840813e-02	-1.269923469896559465e-01
7.067067067067066555e-01	1.028276206111749386e-02	-2.194246949986817796e-01
7.077077077077077449e-01	5.135480452413132557e-03	-2.449208639501480322e-01
7.087087087087087234e-01	9.646100719786886157e-02	-3.666527280816518908e-01
7.097097097097097018e-01	1.087338447035369471e-01	-4.090647223152868994e-01
7.107107107107106803e-01	-2.042192809120341873e-02	-3.097511223096313659e-01
7.117117117117116587e-01	5.668724298123366256e-02	-4.163759726257660332e-01
7.127127127127127482e-01	-8.992079871140881697e-02	-2.989279298799805140e-01
7.137137137137137266e-01	-1.728092470005753722e-01	-2.448149652058920211e-01
7.147147147147147050e-01	-4.427956888371059607e-02	-4.017071568013644844e-01
7.157157157157156835e-01	-6.422106703875490874e-02	-4.096871555516860552e-01
7.167167167167166619e-01	-1.367638484172747915e-01	-3.645972441703276279e-01
7.177177177177177514e-01	-2.487347018359797601e-01	-2.795834869100729536e-01
7.187187187187187298e-01	-2.511936074839166144e-01	-3.035592469002005300e-01
7.197197197197197083e-01	-3.272436198661857198e-01	-2.533953295624186697e-01
7.207207207207206867e-01	-3.611440147594018879e-01	-2.448068615041439355e-01
7.217217217217216652e-01	-4.691300097080330911e-01	-1.615335953345233833e-01
7.227227227227227546e-01	-5.291832402440139749e-01	-1.255694581957218503e-01
7.237237237237237331e-01	-5.987432011503474039e-01	-7.945113466431863447e-02
7.247247247247247115e-01	-7.133708310466267966e-01	1.240549427903070434e-02
7.257257257257256899e-01	-8.510404996635777541e-01	1.279973156020708380e-01
7.267267267267266684e-01	-9.774030394885024897e-01	2.329969936000844122e-01
7.277277277277277578e-01	-9.292629587997754959e-01	1.642301613418851725e-01
7.287287287287287363e-01	-8.618637994270232916e-01	7.696075754061937335e-02
7.297297297297297147e-01	-8.270808912164235860e-01	2.308376084948438045e-02
7.307307307307306932e-01	-8.370959764209823240e-01	1.479979482217508302e-02
7.317317317317316716e-01	-8.842435091548288550e-01	4.446140869629011672e-02
7.327327327327327611e-01	-9.178901251544061557e-01	6.145252926106015146e-02
7.337337337337337395e-01	-9.419536636004591790e-01	6.970746558097351553e-02
7.347347347347347180e-01	-7.406808807308336018e-01	-1.465113936777691084e-01
7.357357357357356964e-01	-9.425812450647923502e-01	4.132019951884791098e-02
7.367367367367367859e-01	-9.072877546333831811e-01	-7.150844811783074739e-03
7.377377377377377643e-01	-1.027892292288398401e+00	1.011803868831134823e-01
7.387387387387387427e-01	-1.007501543866208271e+00	6.943271697004305132e-02
7.397397397397397212e-01	-1.028810862306474672e+00	8.031272874668049511e-02
7.407407407407406996e-01	-1.091037473760150478e+00	1.330479614446619108e-01
7.417417417417417891e-01	-1.215517928112611390e+00	2.489843505545697999e-01
7.427427427427427675e-01	-1.068910373567044214e+00	9.478849312830806007e-02
7.437437437437437460e-01	-1.027912230823315287e+00	4.716531360327602673e-02
7.447447447447447244e-01	-1.074760566874549905e+00	8.835843017883537875e-02
7.457457457457457028e-01	-1.031486930190141260e+00	4.040498352112187330e-02
7.467467467467467923e-01	-1.018879021841458510e+00	2.409730235887319605e-02
7.477477477477477708e-01	-9.376653799380951781e-01	-5.983241665640448570e-02
7.487487487487487492e-01	-1.037487374592750644e+00	3.825988239667132973e-02
7.497497497497497276e-01	-1.035562786441175387e+00	3.559369057342853804e-02
7.507507507507507061e-01	-9.787927991524822957e-01	-2.092907511790642605e-02
7.517517517517517955e-01	-1.119935170871467767e+00	1.214490990009453597e-01
7.527527527527527740e-01	-1.050313394078899121e+00	5.405048338034457167e-02
7.537537537537537524e-01	-8.654450022451095625e-01	-1.276095868952580314e-01
7.547547547547547309e-01	-8.270368081772582203e-01	-1.618274715861776070e-01
7.557557557557557093e-01	-7.501271590848608284e-01	-2.335689670947497243e-01
7.567567567567567988e-01	-6.983700719492560438e-01	-2.791851669984302120e-01
7.577577577577577772e-01	-7.403541628215959403e-01	-2.300935276982014610e-01
7.587587587587587556e-01	-7.474510253920844116e-01	-2.149294838445490186e-01
7.597597597597597341e-01	-7.769598457436720507e-01	-1.764018266337576968e-01
7.607607607607607125e-01	-8.656410209549306733e-01	-7.775907731665154810e-02
7.617617617617618020e-01	-8.260946871030111494e-01	-1.064109503766965670e-01
7.627627627627627804e-01	-7.982677513024876159e-01	-1.224213117503750725e-01
7.637637637637637589e-01	-7.911436534271323318e-01	-1.168184064524140364e-01
7.647647647647647373e-01	-7.517234690115387474e-01	-1.426137441194893496e-01
7.657657657657657158e-01	-8.577745810368999635e-01	-2.205341477953104423e-02
7.667667667667668052e-01	-8.751352184786078681e-01	1.068646301874220939e-02
7.677677677677677837e-01	-8.073031684961731180e-01	-4.091153141662884352e-02
7.687687687687687621e-01	-6.457700133170578560e-01	-1.853718689986362245e-01
7.697697697697697405e-01	-6.911143399696133560e-01	-1.221328452541209364e-01
7.707707707707707190e-01	-7.170957604926847528e-01	-7.745254341976126611e-02
7.717717717717718084e-01	-7.181363719254965083e-01	-5.692735695410400254e-02
7.727727727727727869e-01	-7.452704600298125648e-01	-9.542267530986081603e-03
7.737737737737737653e-01	-7.539597957497180536e-01	2.014447047298950633e-02
7.747747747747747438e-01	-7.474497840176992369e-01	3.535749858667180945e-02
7.757757757757757222e-01	-8.631332417848143201e-01	1.734681528065493694e-01
7.767767767767768117e-01	-9.060719299350024070e-01	2.395160167526313444e-01
7.777777777777777901e-01	-8.937912746257645757e-01	2.510036649392251018e-01
7.787787787787787686e-01	-9.405687588528048870e-01	3.221850769365881550e-01
7.797797797797797470e-01	-9.160838293491491147e-01	3.227155675115261912e-01
7.807807807807807254e-01	-7.589973943248699007e-01	1.912313082301611011e-01
7.817817817817818149e-01	-6.759657056502716976e-01	1.343632341020823961e-01
7.827827827827827933e-01	-6.094077830065840473e-01	9.450449276577088664e-02
7.837837837837837718e-01	-6.612741133692034978e-01	1.735791695555671255e-01
7.847847847847847502e-01	-6.167850892710315946e-01	1.567807518724173566e-01
7.857857857857857287e-01	-5.708659465030787583e-01	1.390070934897799648e-01
7.867867867867868181e-01	-4.883687353271375375e-01	8.508241284315670727e-02
7.877877877877877966e-01	-4.174290968322665329e-01	4.311409690824669072e-02
7.887887887887887750e-01	-4.878626290099683516e-01	1.428890952153754612e-01
7.897897897897897534e-01	-4.407064394425310727e-01	1.254155008670281291e-01
7.907907907907907319e-01	-4.712872024624797374e-01	1.859906363884279989e-01
7.917917917917918214e-01	-4.251487439381873568e-01	1.701286675378769209e-01
7.927927927927927998e-01	-4.522591019872875817e-01	2.277676933497135292e-01
7.937937937937937782e-01	-2.763829311005058242e-01	8.264217986360525292e-02
7.947947947947947567e-01	-3.140038702837704698e-01	1.512053581186751927e-01
7.957957957957957351e-01	-3.459316635123094175e-01	2.142363746766833554e-01
7.967967967967968246e-01	-2.930362830438956179e-01	1.925744451917272559e-01
7.977977977977978030e-01	-3.311787138897617222e-01	2.620496692949752515e-01
7.987987987987987815e-01	-3.270282129830674456e-01	2.893003203043503779e-01
7.997997997997997599e-01	-3.617012516415097911e-01	3.554118183254406649e-01
8.008008008008007383e-01	-2.658577776943565896e-01	2.910130230837295606e-01
8.018018018018018278e-01	-1.554359959362973664e-01	2.120110451200888646e-01
8.028028028028028062e-01	-1.174069806755455303e-01	2.053458890866044495e-01
8.038038038038037847e-01	-1.557947713671380408e-01	2.750105801033110864e-01
8.048048048048047631e-01	-4.608027242092176123e-02	1.964550942348566864e-01
8.058058058058058526e-01	7.386118272108273264e-02	1.075239531515685548e-01
8.068068068068068310e-01	1.775087222389572228e-01	3.470736394354942411e-02
8.078078078078078095e-01	2.322612825410645399e-01	1.057590283752335436e-02
8.088088088088087879e-01	1.023604695852838448e-01	1.708576840231812999e-01
8.098098098098097664e-01	1.299900884318368477e-01	1.733388600427876458e-01
8.108108108108108558e-01	1.450580807644132608e-01	1.880817139776440883e-01
8.118118118118118343e-01	2.512316163649809253e-01	1.113895974166843605e-01
8.128128128128128127e-01	3.726516636925665815e-01	1.909238902783105818e-02
8.138138138138137911e-01	3.093788505498202834e-01	1.111006627193929508e-01
8.148148148148147696e-01	3.703702132564212768e-01	7.842896694403844737e-02
8.158158158158158590e-01	5.293536441228164913e-01	-5.267859467638963400e-02
8.168168168168168375e-01	5.246750710915556448e-01	-2.059551530022984966e-02
8.178178178178178159e-01	6.514347796268051827e-01	-1.204491794974850150e-01
8.188188188188187944e-01	6.322467828028308645e-01	-7.488020654119009745e-02
8.198198198198197728e-01	6.158249568477991431e-01	-3.262855964152833188e-02
8.208208208208208623e-01	5.990471919797246692e-01	9.402329014491561665e-03
8.218218218218218407e-01	6.432086211122607367e-01	-1.010764518543871837e-02
8.228228228228228192e-01	5.559805406349014323e-01	1.011458446342866635e-01
8.238238238238237976e-01	5.052558034263522346e-01	1.752461879288986779e-01
8.248248248248247760e-01	4.206972187351316061e-01	2.825074603455497990e-01
8.258258258258258655e-01	5.003786860510305301e-01	2.248333127093681272e-01
8.268268268268268439e-01	5.659953546103283495e-01	1.805068337177240245e-01
8.278278278278278224e-01	7.545627946861308555e-01	1.249140016946725940e-02
8.288288288288288008e-01	8.444103065290302634e-01	-5.756261115744176760e-02
8.298298298298297793e-01	8.265468324426004099e-01	-2.068371548493364021e-02
8.308308308308308687e-01	8.645110235218543826e-01	-4.042936741848912607e-02
8.318318318318318472e-01	9.781966265436845553e-01	-1.367113292436343830e-01
8.328328328328328256e-01	1.001639825448296994e+00	-1.435829945926102580e-01
8.338338338338338041e-01	9.491341967508424293e-01	-7.535432683811538190e-02
8.348348348348347825e-01	9.266942425654586257e-01	-3.805537591310315104e-02
8.358358358358358720e-01	9.620056295954628744e-01	-5.938650192642835890e-02
8.368368368368368504e-01	9.109532615262437849e-01	4.753566973925149597e-03
8.378378378378378288e-01	9.132628382982893589e-01	1.462618899821921392e-02
8.388388388388388073e-01	9.314853739371335983e-01	7.668303682633048624e-03
8.398398398398397857e-01	9.526913921492994319e-01	-3.201751794486451530e-03
8.408408408408408752e-01	9.967852921560924617e-01	-3.789859743144252668e-02
8.418418418418418536e-01	9.393103151883243074e-01	2.802523320896566084e-02
8.428428428428428321e-01	1.045793928993767663e+00	-7.096608231923395849e-02
8.438438438438438105e-01	1.172168791050189895e+00	-1.908126102966311022e-01
8.448448448448447889e-01	1.183019819245691551e+00	-1.961057241925318051e-01
8.458458458458458784e-01	1.138333393809437766e+00	-1.468373002120529902e-01
8.468468468468468568e-01	1.171982159638703669e+00	-1.768845141884377581e-01
8.478478478478478353e-01	1.094631550073366544e+00	-9.691636087710520098e-02
8.488488488488488137e-01	1.014027335613888026e+00	-1.468119915190713165e-02
8.498498498498497922e-01	9.801309181993368425e-01	1.985795627637720884e-02
8.508508508508508816e-01	7.599884769607799795e-01	2.396542907014499457e-01
8.518518518518518601e-01	6.405779794947001893e-01	3.577301787765680974e-01
8.528528528528528385e-01	6.527821374018012435e-01	3.432042286373033768e-01
8.538538538538538170e-01	5.826794841794628033e-01	4.100002027040575703e-01
8.548548548548547954e-01	4.806230282204252968e-01	5.077683624130480133e-01
8.558558558558558849e-01	4.495667601167608329e-01	5.335589576789434574e-01
8.568568568568568633e-01	3.473380349580380000e-01	6.295498404034549633e-01
8.578578578578578417e-01	3.209378910055694090e-01	6.487461406521182194e-01
8.588588588588588202e-01	2.964112485134126618e-01	6.651100617337133425e-01
8.598598598598597986e-01	3.150068959683128278e-01	6.374008869161396085e-01
8.608608608608608881e-01	4.282971337523878153e-01	5.140553277819310818e-01
8.618618618618618665e-01	4.352578982141775410e-01	4.961073912456775425e-01
8.628628628628628450e-01	4.384615712857595216e-01	4.809955601044460516e-01
8.638638638638638234e-01	4.922227185595373644e-01	4.144170442173528146e-01
8.648648648648649129e-01	5.616176727663346746e-01	3.313081853832338108e-01
8.658658658658658913e-01	5.249642021627926036e-01	3.533647764199767671e-01
8.668668668668668698e-01	5.363514198424537138e-01	3.265121384434771512e-01
8.678678678678678482e-01	6.096751521860652723e-01	2.368697381439958116e-01
8.688688688688688266e-01	5.855923632428708947e-01	2.437967482822132048e-01
8.698698698698699161e-01	6.884987381131492112e-01	1.229144483497167650e-01
8.708708708708708945e-01	8.002341131471087943e-01	-7.599222405422878523e-03
8.718718718718718730e-01	7.908046857823373132e-01	-1.773189239361960823e-02
8.728728728728728514e-01	7.761521803952837750e-01	-2.340594189732803088e-02
8.738738738738738299e-01	7.162147899711025500e-01	1.546053613057785103e-02
8.748748748748749193e-01	7.893882755012128216e-01	-7.950738320678363280e-02
8.758758758758758978e-01	6.689051407239225977e-01	1.847934790518679371e-02
8.768768768768768762e-01	6.272426681654219571e-01	3.696569264019233803e-02
8.778778778778778547e-01	5.394339585656680036e-01	1.009414681073593778e-01
8.788788788788788331e-01	5.102333240591006014e-01	1.056759295080816896e-01
8.798798798798799226e-01	3.452830395376251249e-01	2.455509954683339768e-01
8.808808808808809010e-01	4.457798214489510080e-01	1.193947453164412309e-01
8.818818818818818794e-01	3.356101864635890331e-01	2.033460358966280856e-01
8.828828828828828579e-01	3.253544795295728598e-01	1.868504484235433694e-01
8.838838838838838363e-01	2.754795556626504771e-01	2.094675810548405903e-01
8.848848848848849258e-01	2.229172242232826395e-01	2.342925784557948754e-01
8.858858858858859042e-01	1.746327303619631954e-01	2.543876237003629970e-01
8.868868868868868827e-01	2.560037691862737663e-01	1.444028969815312480e-01
8.878878878878878611e-01	2.118561113092254644e-01	1.595409224983452001e-01
8.888888888888888395e-01	2.268323313608771041e-01	1.151878119647956056e-01
8.898898898898899290e-01	1.632666738368232784e-01	1.490383703946649152e-01
8.908908908908909074e-01	1.025451162046620568e-01	1.797360042693098015e-01
8.918918918918918859e-01	1.403093685079469244e-01	1.116686928771798704e-01
8.928928928928928643e-01	2.307478098214821027e-01	-9.321977499919864574e-03
8.938938938938938428e-01	1.774392091172699026e-01	1.321543591579577015e-02
8.948948948948949322e-01	7.469348104336226424e-02	8.500144674418627644e-02
8.958958958958959107e-01	2.407391341582895417e-01	-1.121618388764202834e-01
8.968968968968968891e-01	1.745010351405586191e-01	-7.716851677225389228e-02
8.978978978978978676e-01	5.667756697468958466e-02	9.313926651934527345e-03
8.988988988988988460e-01	2.155606229613647451e-01	-1.809754101495458511e-01
8.998998998998999355e-01	1.997084792265471087e-01	-1.965637470188112135e-01
9.009009009009009139e-01	4.210692055318864674e-02	-7.040577863630570477e-02
9.019019019019018923e-01	-2.476569829214238586e-02	-3.494876659106495309e-02
9.029029029029028708e-01	-2.006735283670470910e-02	-7.100366984993561337e-02
9.039039039039038492e-01	-7.819657771647722105e-03	-1.145178666068074891e-01
9.049049049049049387e-01	-1.260742027688648847e-01	-2.740884912735142009e-02
9.059059059059059171e-01	-1.165801066374243938e-04	-1.843602266968534797e-01
9.069069069069068956e-01	-7.976586009641983832e-02	-1.355222806486675591e-01
9.079079079079078740e-01	-1.774792154164419322e-01	-6.840737033740743045e-02
9.089089089089088525e-01	-1.298545643976291575e-01	-1.463873199814428872e-01
9.099099099099099419e-01	-5.343365928089366390e-02	-2.528903603258894073e-01
9.109109109109109204e-01	-1.594737245999740538e-01	-1.766295199422401874e-01
9.119119119119118988e-01	-2.768846493973309841e-01	-8.866546242788814203e-02
9.129129129129128772e-01	-2.518816513793358247e-01	-1.427538513701037126e-01
9.139139139139138557e-01	-4.001389244748104201e-01	-2.319173158172138649e-02
9.149149149149149451e-01	-5.159551359114571412e-01	6.434793953456285909e-02
9.159159159159159236e-01	-4.934362476957236954e-01	1.399908540691602310e-02
9.169169169169169020e-01	-5.040142140270561510e-01	-2.778819941216092992e-03
9.179179179179178805e-01	-5.273104947101976414e-01	-6.337265691923166244e-03
9.189189189189188589e-01	-5.204131001599692219e-01	-3.956168597762343975e-02
9.199199199199199484e-01	-5.743721483713043474e-01	-1.137592917053398267e-02
9.209209209209209268e-01	-6.228418653040167507e-01	1.189971675859324840e-02
9.219219219219219053e-01	-5.565965019502358002e-01	-7.893558389414767618e-02
9.229229229229228837e-01	-5.200552213090345877e-01	-1.394383522268596298e-01
9.239239239239238621e-01	-4.559711369739436471e-01	-2.268317801892426600e-01
9.249249249249249516e-01	-4.764729631046841773e-01	-2.289641040412677131e-01
9.259259259259259300e-01	-3.599252419661474467e-01	-3.674483996069015102e-01
9.269269269269269085e-01	-3.996549586813656907e-01	-3.489359896536241568e-01
9.279279279279278869e-01	-4.139388514256828189e-01	-3.551291551486322473e-01
9.289289289289288654e-01	-4.164127788892313387e-01	-3.723717885433974750e-01
9.299299299299299548e-01	-3.507785303857337555e-01	-4.569426036880738784e-01
9.309309309309309333e-01	-2.079168468439986373e-01	-6.179421341195443507e-01
9.319319319319319117e-01	-2.609200418667198540e-01	-5.822601305195016508e-01
9.329329329329328901e-01	-3.176514798069614565e-01	-5.420161003737822281e-01
9.339339339339339796e-01	-4.221570267717535963e-01	-4.531478739060588179e-01
9.349349349349349581e-01	-4.411091203775868719e-01	-4.489675504443194631e-01
9.359359359359359365e-01	-5.526789711449225928e-01	-3.512893123170932608e-01
9.369369369369369149e-01	-6.868798563087415987e-01	-2.300861454872709100e-01
9.379379379379378934e-01	-5.809450514803904397e-01	-3.481119214739709644e-01
9.389389389389389828e-01	-7.302234096872691760e-01	-2.100058310224892644e-01
9.399399399399399613e-01	-8.451415051717632299e-01	-1.053302521283484561e-01
9.409409409409409397e-01	-8.270523111537922967e-01	-1.327220831993964900e-01
9.419419419419419182e-01	-7.526002462129151027e-01	-2.155277066892030691e-01
9.429429429429428966e-01	-7.502048680342612297e-01	-2.253193044475765294e-01
9.439439439439439861e-01	-5.701106168746293834e-01	-4.118451224228775187e-01
9.449449449449449645e-01	-6.296436870281730824e-01	-3.577726064286158580e-01
9.459459459459459429e-01	-6.767132971818036191e-01	-3.151871380770731035e-01
9.469469469469469214e-01	-6.616696381928295345e-01	-3.337340923411827864e-01
9.479479479479478998e-01	-5.498177183240089416e-01	-4.481049967042342042e-01
9.489489489489489893e-01	-5.417548314542114385e-01	-4.577000663748579390e-01
9.499499499499499677e-01	-5.833119555397724421e-01	-4.166868082888249836e-01
9.509509509509509462e-01	-6.482391626079986313e-01	-3.513146126137652869e-01
9.519519519519519246e-01	-6.542896138169593812e-01	-3.438307582211871383e-01
9.529529529529529031e-01	-5.689928433055504442e-01	-4.267071284012873278e-01
9.539539539539539925e-01	-6.030749235688070975e-01	-3.892200440860065225e-01
9.549549549549549710e-01	-5.759467770427401101e-01	-4.119619498974380623e-01
9.559559559559559494e-01	-5.575113278965113661e-01	-4.250342590261168008e-01
9.569569569569569278e-01	-5.269685937281489707e-01	-4.492422572462814179e-01
9.579579579579579063e-01	-5.918920537499371415e-01	-3.770187294862128446e-01
9.589589589589589957e-01	-4.657626890236947759e-01	-4.948899133986262022e-01
9.599599599599599742e-01	-6.105039891599827184e-01	-3.409404855231943365e-01
9.609609609609609526e-01	-7.017529629957490744e-01	-2.395425425337550651e-01
9.619619619619619311e-01	-7.076776227813352804e-01	-2.225381080472692563e-01
9.629629629629629095e-01	-6.590027077313770354e-01	-2.592133991488978495e-01
9.639639639639639990e-01	-6.411016857357082488e-01	-2.642068138468884886e-01
9.649649649649649774e-01	-7.132506557528738300e-01	-1.782550169454107936e-01
9.659659659659659559e-01	-7.667771960516743812e-01	-1.100440791814807362e-01
9.669669669669669343e-01	-7.576738944079081106e-01	-1.035959335313232366e-01
9.679679679679679127e-01	-6.420613540233133243e-01	-2.028053549325059546e-01
9.689689689689690022e-01	-5.377300244023716091e-01	-2.898981142003599354e-01
9.699699699699699806e-01	-5.013413657776530918e-01	-3.082297975630921005e-01
9.709709709709709591e-01	-5.747435933105695671e-01	-2.159700456045242634e-01
9.719719719719719375e-01	-5.198823554630491728e-01	-2.511918572356764967e-01
9.729729729729729160e-01	-4.727594370854926731e-01	-2.779128681672337620e-01
9.739739739739740054e-01	-3.548843395136488943e-01	-3.746437516085402986e-01
9.749749749749749839e-01	-2.333471909368188268e-01	-4.743152879496874141e-01
9.759759759759759623e-01	-2.990700540763391313e-01	-3.860270364074420701e-01
9.769769769769769407e-01	-3.578855131727617933e-01	-3.039687266571077795e-01
9.779779779779779192e-01	-3.964461848882225858e-01	-2.415107258648920840e-01
9.789789789789790087e-01	-4.226109869253437124e-01	-1.908177473413192882e-01
9.799799799799799871e-01	-4.392643084835235467e-01	-1.490296567172811337e-01
9.809809809809809655e-01	-4.383473537899916228e-01	-1.242301044284462308e-01
9.819819819819819440e-01	-4.558277267966102109e-01	-8.047691644077437090e-02
9.829829829829829224e-01	-5.125666962733634868e-01	3.065195989486846351e-03
9.839839839839840119e-01	-3.832557208725964060e-01	-9.893881292945305717e-02
9.849849849849849903e-01	-4.708774787731558886e-01	1.646673232827855493e-02
9.859859859859859688e-01	-4.549078681528940238e-01	2.873025578045745876e-02
9.869869869869869472e-01	-4.726404022297711061e-01	7.511735214585546494e-02
9.879879879879879256e-01	-4.192971448846388172e-01	5.082175007438477499e-02
9.889889889889890151e-01	-2.978600613866022595e-01	-4.120330910807190605e-02
9.899899899899899935e-01	-3.224745257117182518e-01	1.315846432284900613e-02
9.909909909909909720e-01	-3.001045344713409446e-01	2.084165117850911297e-02
9.919919919919919504e-01	-2.864038770035722825e-01	3.747032253667736956e-02
9.929929929929930399e-01	-3.001610692194663921e-01	8.180300297481965521e-02
9.939939939939940183e-01	-2.548500278643801020e-01	6.728337448854368463e-02
9.949949949949949968e-01	-1.949202702439632451e-01	3.833050611540478325e-02
9.959959959959959752e-01	-1.651355550354579593e-01	3.967752485515962935e-02
9.969969969969969537e-01	-1.512241482001346060e-01	5.702191187250456317e-02
9.979979979979980431e-01	-1.273475005978892682e-01	6.449421055340910647e-02
9.989989989989990216e-01	-1.643023202121559889e-01	1.328601292930356725e-01
1.000000000000000000e+00	-1.132568546235206142e-01	1.132568546235193929e-01
