# Time	RLS_Output	RLS_Error
0.000000000000000000e+00	0.000000000000000000e+00	0.000000000000000000e+00
1.001001001001000992e-03	0.000000000000000000e+00	0.000000000000000000e+00
2.002002002002001985e-03	0.000000000000000000e+00	0.000000000000000000e+00
3.003003003003002977e-03	0.000000000000000000e+00	0.000000000000000000e+00
4.004004004004003969e-03	0.000000000000000000e+00	0.000000000000000000e+00
5.005005005005004962e-03	0.000000000000000000e+00	0.000000000000000000e+00
6.006006006006005954e-03	0.000000000000000000e+00	0.000000000000000000e+00
7.007007007007006946e-03	0.000000000000000000e+00	0.000000000000000000e+00
8.008008008008007939e-03	0.000000000000000000e+00	0.000000000000000000e+00
9.009009009009008931e-03	0.000000000000000000e+00	0.000000000000000000e+00
1.001001001001000992e-02	0.000000000000000000e+00	0.000000000000000000e+00
1.101101101101101092e-02	0.000000000000000000e+00	0.000000000000000000e+00
1.201201201201201191e-02	0.000000000000000000e+00	0.000000000000000000e+00
1.301301301301301290e-02	0.000000000000000000e+00	0.000000000000000000e+00
1.401401401401401389e-02	0.000000000000000000e+00	0.000000000000000000e+00
1.501501501501501488e-02	0.000000000000000000e+00	0.000000000000000000e+00
1.601601601601601588e-02	0.000000000000000000e+00	0.000000000000000000e+00
1.701701701701701513e-02	0.000000000000000000e+00	0.000000000000000000e+00
1.801801801801801786e-02	0.000000000000000000e+00	0.000000000000000000e+00
1.901901901901902059e-02	0.000000000000000000e+00	0.000000000000000000e+00
2.002002002002001985e-02	0.000000000000000000e+00	0.000000000000000000e+00
2.102102102102101910e-02	0.000000000000000000e+00	0.000000000000000000e+00
2.202202202202202183e-02	0.000000000000000000e+00	0.000000000000000000e+00
2.302302302302302456e-02	0.000000000000000000e+00	0.000000000000000000e+00
2.402402402402402382e-02	0.000000000000000000e+00	0.000000000000000000e+00
2.502502502502502307e-02	0.000000000000000000e+00	7.076624788865043536e-01
2.602602602602602580e-02	3.240642748507406301e-01	4.054638162714477856e-01
2.702702702702702853e-02	4.915387974210455591e-01	2.591335078316787666e-01
2.802802802802802778e-02	5.929317263257335435e-01	1.781424863729911268e-01
2.902902902902902704e-02	6.416277185486644052e-01	1.490859203664293142e-01
3.003003003003002977e-02	7.698503616166350039e-01	3.972080172410896726e-02
3.103103103103103250e-02	8.006948142537575475e-01	2.693332434897366401e-02
3.203203203203203175e-02	8.171951740602325653e-01	2.767153489558515922e-02
3.303303303303303101e-02	7.802728431333553205e-01	8.099698480587547156e-02
3.403403403403403027e-02	7.853897315561231274e-01	9.143154367703032470e-02
3.503503503503503647e-02	8.447149485943559188e-01	4.679072410392803860e-02
3.603603603603603572e-02	8.642584030695386055e-01	4.105009651305802088e-02
3.703703703703703498e-02	9.188941849945477802e-01	-6.780781142737835054e-04
3.803803803803804118e-02	9.484746979163615199e-01	-1.825896708775731625e-02
3.903903903903904044e-02	9.864417492290089573e-01	-4.514624369950570593e-02
4.004004004004003969e-02	1.005297837439091513e+00	-5.385336275591479094e-02
4.104104104104103895e-02	9.397060112426287581e-01	2.094659117969221995e-02
4.204204204204203821e-02	8.654959022085382259e-01	1.034148810276113162e-01
4.304304304304304440e-02	9.451830480174426841e-01	3.102780295698692736e-02
4.404404404404404366e-02	9.897203073105085291e-01	-7.174720387880806349e-03
4.504504504504504292e-02	9.888356636741854055e-01	-9.269367340073442207e-04
4.604604604604604912e-02	9.490728576750315781e-01	4.322210997978215286e-02
4.704704704704704837e-02	9.993177980126152216e-01	-3.617826305777560592e-03
4.804804804804804763e-02	1.064556899677879587e+00	-6.643652763973328934e-02
4.904904904904904689e-02	1.053704793412869822e+00	-5.415101819110601511e-02
5.005005005005004615e-02	1.072731266370545278e+00	-7.273250254194785214e-02
5.105105105105105234e-02	9.963186107423319671e-01	3.136287086737299390e-03
5.205205205205205160e-02	1.023713741756407947e+00	-2.579102672816468989e-02
5.305305305305305086e-02	9.835330160479001105e-01	1.187071448611243252e-02
5.405405405405405705e-02	9.465443148188200650e-01	4.535612044005676857e-02
5.505505505505505631e-02	9.230447088408177958e-01	6.437158461597114467e-02
5.605605605605605557e-02	9.268025935432366857e-01	5.515314575426999433e-02
5.705705705705705483e-02	1.010239967659197768e+00	-3.471579517735901010e-02
5.805805805805805409e-02	1.045402703276589795e+00	-7.727475037447095740e-02
5.905905905905906028e-02	1.003839056343016400e+00	-4.406466198982739169e-02
6.006006006006005954e-02	1.017650966611652441e+00	-6.717920931154086617e-02
6.106106106106105880e-02	1.040761429963033224e+00	-1.005321892532742289e-01
6.206206206206206499e-02	9.910714653642349603e-01	-6.201449240987222389e-02
6.306306306306305731e-02	9.333480376037749382e-01	-1.638203580776143031e-02
6.406406406406406351e-02	9.164884533385601051e-01	-1.252016987654391844e-02
6.506506506506506970e-02	9.392942648158101315e-01	-4.921759399390424061e-02
6.606606606606606202e-02	9.119793016466887225e-01	-3.667440096887564227e-02
6.706706706706706822e-02	9.528799749632912430e-01	-9.321239478254605970e-02
6.806806806806806054e-02	8.818266890142074654e-01	-3.864651662798479492e-02
6.906906906906906674e-02	8.756302821313174389e-01	-4.977130116777417346e-02
7.007007007007007293e-02	9.107749252714091304e-01	-1.030537911976023846e-01
7.107107107107106525e-02	9.179021565487858192e-01	-1.291175891161543410e-01
7.207207207207207145e-02	9.050547377651930736e-01	-1.359867311908761200e-01
7.307307307307307764e-02	8.901357543911658787e-01	-1.415448060561752541e-01
7.407407407407406996e-02	8.966123857292170873e-01	-1.692387441561682415e-01
7.507507507507507616e-02	8.741843698168774157e-01	-1.687473026709243040e-01
7.607607607607608236e-02	8.316841778312618061e-01	-1.488812606680727235e-01
7.707707707707707467e-02	7.981230960109332306e-01	-1.386295224750371258e-01
7.807807807807808087e-02	7.854621275293154348e-01	-1.499300416849312922e-01
7.907907907907907319e-02	7.725597548387008739e-01	-1.616176062932778157e-01
8.008008008008007939e-02	7.233640666245014783e-01	-1.376159890826621490e-01
8.108108108108108558e-02	7.618978097297874896e-01	-2.019230235921920524e-01
8.208208208208207790e-02	7.551223265868609591e-01	-2.214745661847383751e-01
8.308308308308308410e-02	7.068302797847899610e-01	-2.000372458165173839e-01
8.408408408408407642e-02	7.147722595495209497e-01	-2.353350972607110014e-01
8.508508508508508261e-02	7.548466048169822917e-01	-3.032394084400868994e-01
8.608608608608608881e-02	7.735693886530549124e-01	-3.502387325965203857e-01
8.708708708708708113e-02	7.585124456931727766e-01	-3.638769429437316849e-01
8.808808808808808732e-02	6.999432293700742491e-01	-3.343931175448552340e-01
8.908908908908909352e-02	6.920464025163455268e-01	-3.559431579741296758e-01
9.009009009009008584e-02	6.974050786515202383e-01	-3.910810590447364454e-01
9.109109109109109204e-02	6.872656495777553776e-01	-4.110237651986808904e-01
9.209209209209209823e-02	6.653953550989067933e-01	-4.195087693450566535e-01
9.309309309309309055e-02	6.613796031394838515e-01	-4.460914623943935120e-01
9.409409409409409675e-02	6.537298731984645395e-01	-4.692530663949719960e-01
9.509509509509508907e-02	6.914540374683787460e-01	-5.379709855721621636e-01
9.609609609609609526e-02	6.831254667776964773e-01	-5.607879423992391255e-01
9.709709709709710146e-02	7.389346637319109679e-01	-6.478636410452702776e-01
9.809809809809809378e-02	6.744397957406551569e-01	-6.147253308574448516e-01
9.909909909909909997e-02	6.128290827976810018e-01	-5.845302247145627295e-01
1.001001001001000923e-01	6.764983500105468117e-01	-6.796430822182828457e-01
1.011011011011010985e-01	5.091289214733778490e-01	-5.437141342851951054e-01
1.021021021021021047e-01	2.845880296117976327e-01	-3.505795232384182891e-01
1.031031031031030970e-01	2.296454484840992072e-01	-3.269779668524013805e-01
1.041041041041041032e-01	-1.368740309884860368e-02	-1.148898921830198705e-01
1.051051051051051094e-01	-1.003030308220181563e-02	-1.496646247053476930e-01
1.061061061061061017e-01	-9.880414642401078029e-02	-9.185049860905367125e-02
1.071071071071071079e-01	-2.597279344324157635e-01	3.830210211085688377e-02
1.081081081081081141e-01	-2.550566036980939089e-01	3.078542312968723937e-03
1.091091091091091064e-01	-7.837347596530090665e-02	-2.039076445086706046e-01
1.101101101101101126e-01	-4.981700002487524787e-02	-2.624880442066142572e-01
1.111111111111111049e-01	-7.251798000300006819e-03	-3.347683453253681995e-01
1.121121121121121111e-01	-1.957852089435221932e-01	-1.756118248640456958e-01
1.131131131131131173e-01	-2.016966763557493658e-01	-1.987099898120544827e-01
1.141141141141141097e-01	-1.724421317772125428e-01	-2.565782222851137329e-01
1.151151151151151159e-01	-2.373634318092207041e-01	-2.198463708698584762e-01
1.161161161161161082e-01	-1.653943762528496397e-01	-3.195527604646376529e-01
1.171171171171171144e-01	-1.869467432258266615e-01	-3.252581847272874582e-01
1.181181181181181206e-01	-2.193103465395465634e-01	-3.196458758206698891e-01
1.191191191191191129e-01	-1.880283757971470959e-01	-3.771461909682455871e-01
1.201201201201201191e-01	-1.905315940166240618e-01	-4.003024409893337077e-01
1.211211211211211253e-01	-4.533051832318771290e-01	-1.626040703353023864e-01
1.221221221221221176e-01	-4.023547580567185533e-01	-2.380206686163072738e-01
1.231231231231231238e-01	-5.073703074547306624e-01	-1.568380533508832997e-01
1.241241241241241300e-01	-7.214121785461854452e-01	3.402768991707527668e-02
1.251251251251251362e-01	-6.678054129011786744e-01	-4.207547939324995934e-02
1.261261261261261146e-01	-8.546008931775692652e-01	1.229255670758913066e-01
1.271271271271271208e-01	-8.352722173577350473e-01	8.252597885978041337e-02
1.281281281281281270e-01	-8.836912450237904837e-01	1.106184516350730007e-01
1.291291291291291332e-01	-1.006058737934207858e+00	2.134238471925231639e-01
1.301301301301301394e-01	-1.071604522768734524e+00	2.601913363058686590e-01
1.311311311311311179e-01	-1.030610374392279427e+00	2.012212628671969927e-01
1.321321321321321240e-01	-1.226134070607923565e+00	3.795891802778631474e-01
1.331331331331331302e-01	-1.219297834258660673e+00	3.564342759727295862e-01
1.341341341341341364e-01	-1.198923133740044999e+00	3.205941551572761838e-01
1.351351351351351426e-01	-1.085923028147044000e+00	1.929971699974756261e-01
1.361361361361361211e-01	-9.632311342224204598e-01	5.659137144553150200e-02
1.371371371371371273e-01	-1.090075297385848740e+00	1.706181659956436114e-01
1.381381381381381335e-01	-1.003376142633082058e+00	7.201085317322808432e-02
1.391391391391391397e-01	-1.125285508010350322e+00	1.829330464760317021e-01
1.401401401401401459e-01	-1.212543761664921504e+00	2.601359787804700119e-01
1.411411411411411521e-01	-1.193037725284155970e+00	2.315164150370303542e-01
1.421421421421421305e-01	-1.237717832437638332e+00	2.680338007799507594e-01
1.431431431431431367e-01	-1.164160676507594250e+00	1.872728011461016751e-01
1.441441441441441429e-01	-9.190886242663737216e-01	-6.403709352933040222e-02
1.451451451451451491e-01	-8.311152511111117303e-01	-1.572761395223609693e-01
1.461461461461461553e-01	-9.880109355182884467e-01	-4.668751365231815775e-03
1.471471471471471337e-01	-8.707357262678638854e-01	-1.252506397712404018e-01
1.481481481481481399e-01	-8.848651931894490064e-01	-1.134429650818191693e-01
1.491491491491491461e-01	-9.408021713225993565e-01	-5.884059633963056868e-02
1.501501501501501523e-01	-9.716364283336252905e-01	-2.835244614208876079e-02
1.511511511511511585e-01	-8.757946605105830784e-01	-1.235514759513978156e-01
1.521521521521521647e-01	-8.856303116347996607e-01	-1.120848775614617931e-01
1.531531531531531432e-01	-9.385919164258138547e-01	-5.650572902445227808e-02
1.541541541541541493e-01	-9.262238962281325039e-01	-6.527219736925238269e-02
1.551551551551551555e-01	-1.006399235142588555e+00	1.948514008942847653e-02
1.561561561561561617e-01	-8.815445979599996207e-01	-9.981158279355983876e-02
1.571571571571571679e-01	-1.031014124743893978e+00	5.618627806935982960e-02
1.581581581581581464e-01	-1.125510845335031096e+00	1.581752969377407947e-01
1.591591591591591526e-01	-1.199855215593319091e+00	2.409685208686692670e-01
1.601601601601601588e-01	-1.179518360870944749e+00	2.300287205161314352e-01
1.611611611611611650e-01	-1.049328791397069249e+00	1.101751137773012701e-01
1.621621621621621712e-01	-1.013086412616615029e+00	8.519738532010556753e-02
1.631631631631631496e-01	-9.946166688695667890e-01	7.890984036939729940e-02
1.641641641641641558e-01	-1.098074649799416713e+00	1.954555221303824197e-01
1.651651651651651620e-01	-9.978976416711494712e-01	1.092587750187934414e-01
1.661661661661661682e-01	-9.931157017840501755e-01	1.193358318713215738e-01
1.671671671671671744e-01	-1.051328305235740057e+00	1.932714743800526547e-01
1.681681681681681528e-01	-9.371351045580155192e-01	9.564980725796512484e-02
1.691691691691691590e-01	-8.277554221590023298e-01	3.673766055637850414e-03
1.701701701701701652e-01	-7.105323249545344444e-01	-9.533079200313510082e-02
1.711711711711711714e-01	-7.050700365216854282e-01	-8.177765884990484402e-02
1.721721721721721776e-01	-5.092645751272287802e-01	-2.577896197283701119e-01
1.731731731731731838e-01	-5.488959178326100474e-01	-1.976062704954418825e-01
1.741741741741741623e-01	-5.821160166159538019e-01	-1.430959821444439672e-01
1.751751751751751685e-01	-5.498309194361806762e-01	-1.533737596445033935e-01
1.761761761761761746e-01	-5.191411235648971667e-01	-1.613608677903553001e-01
1.771771771771771808e-01	-5.681740819454151881e-01	-8.895230332377324078e-02
1.781781781781781870e-01	-6.145202522017582103e-01	-1.858072372506269776e-02
1.791791791791791655e-01	-6.454349077074863494e-01	3.698538671326845328e-02
1.801801801801801717e-01	-7.166642628690423900e-01	1.334678656627684701e-01
1.811811811811811779e-01	-7.369724284904118905e-01	1.796058522287693471e-01
1.821821821821821841e-01	-7.719050189386772454e-01	2.409194188093567446e-01
1.831831831831831903e-01	-8.948416132226287845e-01	3.907620574313042106e-01
1.841841841841841965e-01	-8.136924769694215964e-01	3.370174275229944616e-01
1.851851851851851749e-01	-9.161227006307391951e-01	4.673235204302767509e-01
1.861861861861861811e-01	-8.723685938271810159e-01	4.518890805579666714e-01
1.871871871871871873e-01	-8.138203818947330470e-01	4.220763291743351298e-01
1.881881881881881935e-01	-7.959301241076361944e-01	4.333089103259689101e-01
1.891891891891891997e-01	-7.171457245241913414e-01	3.840059297821336592e-01
1.901901901901901781e-01	-6.787761711776327811e-01	3.754472227030054565e-01
1.911911911911911843e-01	-6.193284622788601812e-01	3.461103086703938847e-01
1.921921921921921905e-01	-5.572310657665949796e-01	3.143938803880076405e-01
1.931931931931931967e-01	-4.602842034953457673e-01	2.480681173128379269e-01
1.941941941941942029e-01	-3.593092426528928796e-01	1.779241067802421195e-01
1.951951951951951814e-01	-2.159380584476077169e-01	6.556323663367072396e-02
1.961961961961961876e-01	-9.351258303027187857e-02	-2.570322570590237443e-02
1.971971971971971938e-01	1.103859961946142554e-01	-1.983249046056761444e-01
1.981981981981981999e-01	2.825632148240311836e-01	-3.391382640078239308e-01
1.991991991991992061e-01	3.721274484684967132e-01	-3.972826938578726819e-01
2.002002002002001846e-01	4.394311711829210210e-01	-4.331417378668540041e-01
2.012012012012011908e-01	4.391674905653321082e-01	-4.014395978866153736e-01
2.022022022022021970e-01	5.369679995183511689e-01	-4.678389549235668077e-01
2.032032032032032032e-01	5.504565403398260504e-01	-4.499947024876580493e-01
2.042042042042042094e-01	5.839844402004155111e-01	-4.522891513647915307e-01
2.052052052052052156e-01	4.062453551974474220e-01	-2.434468430323533661e-01
2.062062062062061940e-01	3.550877909911346886e-01	-1.613470397542379198e-01
2.072072072072072002e-01	2.993749446966141869e-01	-7.488353605904218835e-02
2.082082082082082064e-01	2.770938231594481382e-01	-2.207374675913803541e-02
2.092092092092092126e-01	3.216219641672308227e-01	-3.632539809318113821e-02
2.102102102102102188e-01	4.029058430196518215e-01	-8.761490444414921086e-02
2.112112112112111972e-01	4.047764649932488190e-01	-5.980293119865875973e-02
2.122122122122122034e-01	4.997091009695458497e-01	-1.253941010455271177e-01
2.132132132132132096e-01	4.224002099430430590e-01	-1.911388745906256181e-02
2.142142142142142158e-01	4.345076375878243469e-01	-2.648784574527440761e-03
2.152152152152152220e-01	3.979750514936860051e-01	6.202928590492479133e-02
2.162162162162162282e-01	3.928431935820511645e-01	9.485175023158337604e-02
2.172172172172172067e-01	3.893363393751771984e-01	1.255669508656349631e-01
2.182182182182182129e-01	5.016735957522232559e-01	3.992887579596648973e-02
2.192192192192192191e-01	5.389831376126144047e-01	2.878294848209339563e-02
2.202202202202202252e-01	4.313926556282383085e-01	1.619756062093821725e-01
2.212212212212212314e-01	4.347664508111186432e-01	1.836172311050970896e-01
2.222222222222222099e-01	4.056757640384055508e-01	2.371118456481329240e-01
2.232232232232232161e-01	5.588190192827756642e-01	1.077368938995957315e-01
2.242242242242242223e-01	5.052306740044542055e-01	1.844344149738073035e-01
2.252252252252252285e-01	5.126706817995021481e-01	1.994216036315231699e-01
2.262262262262262347e-01	5.208209539861199389e-01	2.129943712906078312e-01
2.272272272272272131e-01	6.030853316940589792e-01	1.517273958667394451e-01
2.282282282282282193e-01	5.890322434816557262e-01	1.860314853979456728e-01
2.292292292292292255e-01	6.477299802334726131e-01	1.468183236789709634e-01
2.302302302302302317e-01	5.225369201626488547e-01	2.907102650610842165e-01
2.312312312312312379e-01	5.401131510477685804e-01	2.910287312679247229e-01
2.322322322322322163e-01	5.222634597212852947e-01	3.259512401915164448e-01
2.332332332332332225e-01	5.892889739242098690e-01	2.751597815356546795e-01
2.342342342342342287e-01	5.418876242227471662e-01	3.379403715936819541e-01
2.352352352352352349e-01	6.572788909499913679e-01	2.370583221810357299e-01
2.362362362362362411e-01	7.955039650547983676e-01	1.124580948247477785e-01
2.372372372372372473e-01	6.316381752400521687e-01	2.890508878128110748e-01
2.382382382382382258e-01	7.102202677855710133e-01	2.222853696941362589e-01
2.392392392392392320e-01	8.452342114829350939e-01	9.816588678864579531e-02
2.402402402402402382e-01	8.383160771059124938e-01	1.150455952715165875e-01
2.412412412412412444e-01	7.759624341856398155e-01	1.864180750509936146e-01
2.422422422422422505e-01	7.542327375596113992e-01	2.162149529601855580e-01
2.432432432432432290e-01	8.395939318651256533e-01	1.379613070825603804e-01
2.442442442442442352e-01	8.830360999314587067e-01	1.006600262481512909e-01
2.452452452452452414e-01	7.523328057641318622e-01	2.365314739993038540e-01
2.462462462462462476e-01	8.070938965992269232e-01	1.859606925411407818e-01
2.472472472472472538e-01	9.492640711372043461e-01	4.699883956135009200e-02
2.482482482482482600e-01	9.734649551344477514e-01	2.502111673607465558e-02
2.492492492492492384e-01	8.374177632629612456e-01	1.623041110074274762e-01
2.502502502502502724e-01	8.926927349727480365e-01	1.072763608949988123e-01
2.512512512512512508e-01	8.971585897749742022e-01	1.020689024211052232e-01
2.522522522522522292e-01	9.755188774859754330e-01	2.197891910852434183e-02
2.532532532532532632e-01	9.320641871576481607e-01	6.271753232493715302e-02
2.542542542542542416e-01	9.606203149793691720e-01	3.046163168965054791e-02
2.552552552552552756e-01	9.946774874333007554e-01	-8.275350737586339989e-03
2.562562562562562540e-01	9.394629129143630131e-01	4.128400430567680246e-02
2.572572572572572325e-01	8.391766971148095777e-01	1.349451833239267984e-01
2.582582582582582664e-01	7.541077631031629647e-01	2.124258144548785143e-01
2.592592592592592449e-01	7.486363228304606654e-01	2.093531894850282349e-01
2.602602602602602788e-01	7.074632385561318015e-01	2.410348950036633742e-01
2.612612612612612573e-01	7.432886757544475698e-01	1.947801511417187603e-01
2.622622622622622357e-01	6.255943112702262443e-01	3.011175941350591190e-01
2.632632632632632697e-01	6.650394642776237264e-01	2.493991351675423074e-01
2.642642642642642481e-01	6.041348887541032608e-01	2.971261567918416224e-01
2.652652652652652820e-01	6.379017020305466357e-01	2.492905723780575178e-01
2.662662662662662605e-01	6.955507057052600084e-01	1.766954923142262102e-01
2.672672672672672389e-01	6.811883427520302181e-01	1.752492531413164523e-01
2.682682682682682729e-01	7.382565313240223581e-01	1.015255691345170463e-01
2.692692692692692513e-01	7.668004219831929813e-01	5.549575961561692417e-02
2.702702702702702853e-01	7.289317347877235509e-01	7.506539557921743100e-02
2.712712712712712637e-01	5.521249484492971593e-01	2.327780934371075361e-01
2.722722722722722422e-01	7.602147773869867287e-01	4.818020070904482921e-03
2.732732732732732761e-01	7.669028950033877079e-01	-2.249684911496885320e-02
2.742742742742742545e-01	6.407776802134799166e-01	8.226550384803033023e-02
2.752752752752752885e-01	6.433907500338118535e-01	5.757458673378512692e-02
2.762762762762762669e-01	6.711412810469129520e-01	7.053054767753974552e-03
2.772772772772773009e-01	7.071924763051344875e-01	-5.243977786540043873e-02
2.782782782782782793e-01	5.985168071016143676e-01	3.214679794094310594e-02
2.792792792792792578e-01	7.205446379427042913e-01	-1.145937616791546931e-01
2.802802802802802917e-01	7.140496144880565943e-01	-1.334106650594512056e-01
2.812812812812812702e-01	7.985049762639624404e-01	-2.437521218798442968e-01
2.822822822822823041e-01	7.430606873393730272e-01	-2.147424985933222841e-01
2.832832832832832826e-01	7.460106963944642677e-01	-2.446496038068577406e-01
2.842842842842842610e-01	7.953843064408853136e-01	-3.214760838504417406e-01
2.852852852852852950e-01	8.197550589815214561e-01	-3.737683332964452654e-01
2.862862862862862734e-01	6.797002330616376264e-01	-2.620760208551707326e-01
2.872872872872873073e-01	6.623016077837564630e-01	-2.734528791923692692e-01
2.882882882882882858e-01	6.844796688885111946e-01	-3.247909392439743970e-01
2.892892892892892642e-01	7.166935214082126304e-01	-3.865204710073750216e-01
2.902902902902902982e-01	6.324330983192381073e-01	-3.321022207074870169e-01
2.912912912912912766e-01	5.532503869030672705e-01	-2.830586660192847548e-01
2.922922922922923106e-01	6.152634589380889807e-01	-3.754780754403528875e-01
2.932932932932932890e-01	5.345340873914937729e-01	-3.253921544539265520e-01
2.942942942942942675e-01	4.543767193998781151e-01	-2.760850482419008323e-01
2.952952952952953014e-01	5.088402584569624576e-01	-3.615751538368219831e-01
2.962962962962962798e-01	3.557476623451883424e-01	-2.396547482199573031e-01
2.972972972972973138e-01	3.938135002103058113e-01	-3.090075757347960916e-01
2.982982982982982922e-01	3.448061255307025008e-01	-2.913710515376448096e-01
2.992992992992992707e-01	2.273922916404404471e-01	-2.053809077142110806e-01
3.003003003003003046e-01	7.053315672240044465e-02	-7.996722894829744188e-02
3.013013013013012831e-01	1.195198527424746748e-01	-1.603900521831850001e-01
3.023023023023023170e-01	7.444569633523308305e-02	-1.467116082558208578e-01
3.033033033033032955e-01	-1.000599754761622856e-01	-3.530188356076296996e-03
3.043043043043043294e-01	-7.022148798933822156e-02	-6.459049201724553768e-02
3.053053053053053079e-01	-1.628495716344806610e-01	-3.050914934232512588e-03
3.063063063063062863e-01	-2.778253312360352001e-01	8.100038976833145998e-02
3.073073073073073203e-01	-4.393130508704318760e-01	2.117582859943491491e-01
3.083083083083082987e-01	-4.366420016319778608e-01	1.785824322031287492e-01
3.093093093093093326e-01	-4.548606145169492576e-01	1.665514242447265758e-01
3.103103103103103111e-01	-4.546579922989183453e-01	1.363842774066104102e-01
3.113113113113112895e-01	-4.226689713427113082e-01	7.474545864842774279e-02
3.123123123123123235e-01	-4.918809517538794696e-01	1.146516874511096518e-01
3.133133133133133019e-01	-5.257408080486064561e-01	1.195788174941355142e-01
3.143143143143143359e-01	-5.506371524032647180e-01	1.159440712488686853e-01
3.153153153153153143e-01	-5.708103429445902099e-01	1.080160199772921548e-01
3.163163163163162928e-01	-5.758391193169574152e-01	8.540119140053759050e-02
3.173173173173173267e-01	-6.026933416331879956e-01	8.509678117131003194e-02
3.183183183183183051e-01	-6.536660125483756412e-01	1.094226479167969002e-01
3.193193193193193391e-01	-6.578203593549016848e-01	8.746836877700026047e-02
3.203203203203203175e-01	-6.844732899652919977e-01	8.857666933139407561e-02
3.213213213213212960e-01	-7.453262103301684371e-01	1.244742154869258322e-01
3.223223223223223299e-01	-7.175909581626963574e-01	7.239752222400375192e-02
3.233233233233233084e-01	-7.923166779027135398e-01	1.234198041583746130e-01
3.243243243243243423e-01	-8.773580169135436480e-01	1.854191479359977857e-01
3.253253253253253208e-01	-9.019989648431708806e-01	1.877023284161499772e-01
3.263263263263262992e-01	-8.800905909461902432e-01	1.441425234620880014e-01
3.273273273273273332e-01	-7.129855391083760319e-01	-4.388621289661598368e-02
3.283283283283283116e-01	-7.358888216647453406e-01	-4.115817781754238514e-02
3.293293293293293456e-01	-6.923997039919972396e-01	-1.040541555129324003e-01
3.303303303303303240e-01	-6.573026335166370915e-01	-1.577705079696247736e-01
3.313313313313313024e-01	-7.324642350997052631e-01	-1.004221985410670426e-01
3.323323323323323364e-01	-6.882287815892674798e-01	-1.616473396014188602e-01
3.333333333333333148e-01	-7.487270178981130231e-01	-1.172983858863247963e-01
3.343343343343343488e-01	-9.701338080426120669e-01	8.881549593280479993e-02
3.353353353353353272e-01	-9.820055899737020200e-01	8.626586628844712390e-02
3.363363363363363057e-01	-1.089477460792694474e+00	1.802020829788063550e-01
3.373373373373373396e-01	-1.066282492507094393e+00	1.443706028218695314e-01
3.383383383383383181e-01	-1.087015294024261669e+00	1.533785304134155369e-01
3.393393393393393520e-01	-9.811273040910655219e-01	3.668889871023661708e-02
3.403403403403403304e-01	-9.206044768834152903e-01	-3.370165684533310557e-02
3.413413413413413644e-01	-9.161047562961309731e-01	-4.712543459778173460e-02
3.423423423423423428e-01	-9.788026550359641975e-01	7.600902765588113397e-03
3.433433433433433213e-01	-1.040545982673634740e+00	6.233304754042645612e-02
3.443443443443443552e-01	-1.035378049527640343e+00	5.112124309427179547e-02
3.453453453453453337e-01	-1.039172873920682472e+00	4.984548426718893310e-02
3.463463463463463676e-01	-1.063562545427019002e+00	7.014287470920832490e-02
3.473473473473473461e-01	-1.057369602443837264e+00	6.083999949350049619e-02
3.483483483483483245e-01	-1.049495441793345307e+00	5.084133071688889949e-02
3.493493493493493585e-01	-1.046131268827250382e+00	4.634017456332428786e-02
3.503503503503503369e-01	-1.058240178875857529e+00	5.830075067556383939e-02
3.513513513513513709e-01	-1.135914805706574660e+00	1.368158395018931328e-01
3.523523523523523493e-01	-1.007941814534412783e+00	1.067127516158006273e-02
3.533533533533533277e-01	-1.004477882181645798e+00	1.002192642636812181e-02
3.543543543543543617e-01	-1.003947369683769519e+00	1.328937111433781126e-02
3.553553553553553401e-01	-1.015716283131008923e+00	2.983585968361290863e-02
3.563563563563563741e-01	-1.106772638455125302e+00	1.266446837329489039e-01
3.573573573573573525e-01	-1.136717669113635587e+00	1.633113883576328140e-01
3.583583583583583310e-01	-1.133545335599374093e+00	1.678232872840189627e-01
3.593593593593593649e-01	-1.123478401053848330e+00	1.663955450555775206e-01
3.603603603603603434e-01	-1.058400475037671651e+00	1.109032283172414202e-01
3.613613613613613773e-01	-1.066126457131166605e+00	1.291517578637287889e-01
3.623623623623623557e-01	-9.978262809167369740e-01	7.230066199505869040e-02
3.633633633633633342e-01	-9.138408584857637962e-01	6.795313127802016240e-04
3.643643643643643681e-01	-8.280239344773578924e-01	-7.187011604596049708e-02
3.653653653653653466e-01	-7.770088914801479563e-01	-1.087280169163823418e-01
3.663663663663663805e-01	-7.712835153610435590e-01	-9.942038480408388335e-02
3.673673673673673590e-01	-7.928453450100250155e-01	-6.196454629690173466e-02
3.683683683683683929e-01	-7.906254898837973277e-01	-4.744510882142882746e-02
3.693693693693693714e-01	-8.174584292611071223e-01	-3.044145845980894549e-03
3.703703703703703498e-01	-7.845463150852265422e-01	-1.757687766981763655e-02
3.713713713713713838e-01	-8.212964461185789933e-01	3.834581991011565272e-02
3.723723723723723622e-01	-7.676520849826543591e-01	4.648250611127058285e-03
3.733733733733733962e-01	-7.432833539711199977e-01	9.808122255108298049e-04
3.743743743743743746e-01	-7.150695361495877922e-01	-5.797682774998147437e-03
3.753753753753753530e-01	-6.933523192777274469e-01	-5.366743074640689670e-03
3.763763763763763870e-01	-6.349899668006453446e-01	-4.089000656203434225e-02
3.773773773773773654e-01	-6.844726696689270584e-01	3.210013314713577870e-02
3.783783783783783994e-01	-6.824569522343763017e-01	5.423695493873381679e-02
3.793793793793793778e-01	-6.139868736540131655e-01	1.054063459058696139e-02
3.803803803803803563e-01	-6.714386142943692404e-01	9.336285479399730747e-02
3.813813813813813902e-01	-6.557833984897429858e-01	1.036497521366732677e-01
3.823823823823823687e-01	-7.537683013638072360e-01	2.281227487324857250e-01
3.833833833833834026e-01	-8.012486941799608076e-01	3.026110229389687434e-01
3.843843843843843811e-01	-7.549735422060180889e-01	2.838368331229998986e-01
3.853853853853853595e-01	-7.641411254226556649e-01	3.209712647785278317e-01
3.863863863863863934e-01	-7.962657890194364541e-01	3.815010079140295773e-01
3.873873873873873719e-01	-8.084136022952556067e-01	4.224640432999255957e-01
3.883883883883884058e-01	-7.151109788728794436e-01	3.583582904586483098e-01
3.893893893893893843e-01	-6.379945496079467704e-01	3.107915087501743612e-01
3.903903903903903627e-01	-5.331441238773603208e-01	2.358142872101874343e-01
3.913913913913913967e-01	-5.108987483664126916e-01	2.437361322318910561e-01
3.923923923923923751e-01	-5.017341769219966219e-01	2.650029666303150844e-01
3.933933933933934091e-01	-5.342905677982455748e-01	3.282248563865532431e-01
3.943943943943943875e-01	-4.882573462773807660e-01	3.130609030255105396e-01
3.953953953953953659e-01	-4.174336230309644846e-01	2.732796919630051669e-01
3.963963963963963999e-01	-2.978032247060961035e-01	1.848343532770225228e-01
3.973973973973973783e-01	-1.526771870602440517e-01	7.100508519703693788e-02
3.983983983983984123e-01	-1.405164392373287052e-03	-4.888940597099310920e-02
3.993993993993993907e-01	9.448972815421356752e-02	-1.133570329386806019e-01
4.004004004004003692e-01	1.370215438704956434e-01	-1.244429260317560376e-01
4.014014014014014031e-01	9.603755543168263076e-02	-5.202545340930214701e-02
4.024024024024023816e-01	1.803740987078820412e-01	-1.049720341254813533e-01
4.034034034034034155e-01	2.460719673241512084e-01	-1.393545019527929474e-01
4.044044044044043940e-01	1.989186161458625091e-01	-6.099127817320929013e-02
4.054054054054054279e-01	2.127354963083488981e-01	-4.373467598649993793e-02
4.064064064064064064e-01	3.000164216693484431e-01	-1.001092364445436977e-01
4.074074074074073848e-01	2.854542148077792163e-01	-5.483834406534035533e-02
4.084084084084084187e-01	2.730397583216623292e-01	-1.194324790957340676e-02
4.094094094094093972e-01	2.648372970417911532e-01	2.648166623375525219e-02
4.104104104104104311e-01	1.319717046782158121e-01	1.892816390059273990e-01
4.114114114114114096e-01	2.037075695222917704e-01	1.471624813290384470e-01
4.124124124124123880e-01	1.661162517630475899e-01	2.140235463605474620e-01
4.134134134134134220e-01	2.494844629686124859e-01	1.595491789721336651e-01
4.144144144144144004e-01	3.515148778809935592e-01	8.600813257590961269e-02
4.154154154154154344e-01	4.070600535429005351e-01	5.851967825105730547e-02
4.164164164164164128e-01	4.397135966435314347e-01	5.346246525594233745e-02
4.174174174174173912e-01	5.035525266365411534e-01	1.673218534503739807e-02
4.184184184184184252e-01	6.098165370555155285e-01	-6.293766156188829175e-02
4.194194194194194036e-01	7.404281193462822763e-01	-1.674958647042636972e-01
4.204204204204204376e-01	7.505243517487800720e-01	-1.521052653578529590e-01
4.214214214214214160e-01	7.685545422297090923e-01	-1.452403742914932794e-01
4.224224224224223945e-01	6.757266858113877284e-01	-2.813380417399435895e-02
4.234234234234234284e-01	7.571694167782372364e-01	-8.593819743733499550e-02
4.244244244244244069e-01	7.974582037148644220e-01	-1.032523975741420630e-01
4.254254254254254408e-01	8.131476379728878046e-01	-9.665371449010462523e-02
4.264264264264264193e-01	8.273411770430603163e-01	-8.926764541072240711e-02
4.274274274274273977e-01	6.773026572471010365e-01	8.162063422098697618e-02
4.284284284284284317e-01	6.578769453268796807e-01	1.211456402566107871e-01
4.294294294294294101e-01	6.473810067565520798e-01	1.509705319178533678e-01
4.304304304304304440e-01	6.674345861865880192e-01	1.494564510063171037e-01
4.314314314314314225e-01	5.900316960148017653e-01	2.445910522330154713e-01
4.324324324324324564e-01	6.431462020132902024e-01	2.083829357200210897e-01
4.334334334334334349e-01	6.461904120562728115e-01	2.214030756113286591e-01
4.344344344344344133e-01	6.091522582995831936e-01	2.736476544250358023e-01
4.354354354354354473e-01	5.907587903930999751e-01	3.063745855492137071e-01
4.364364364364364257e-01	6.445089065866369538e-01	2.660707970053983740e-01
4.374374374374374597e-01	5.721917779308043350e-01	3.509338212635078058e-01
4.384384384384384381e-01	5.766164259401094228e-01	3.581422307270415439e-01
4.394394394394394165e-01	6.918173997417462751e-01	2.536499728521166563e-01
4.404404404404404505e-01	7.533402146390201226e-01	2.019009429592668603e-01
4.414414414414414289e-01	6.623782383390875994e-01	3.016921084770627370e-01
4.424424424424424629e-01	6.412984835717941978e-01	3.306477258804396691e-01
4.434434434434434413e-01	7.151918702649129322e-01	2.636690871489484334e-01
4.444444444444444198e-01	8.805354797765138075e-01	1.042722732356938797e-01
4.454454454454454537e-01	9.491739362136949465e-01	4.060677951008850872e-02
4.464464464464464322e-01	1.035388745258814858e+00	-4.161381725339086124e-02
4.474474474474474661e-01	9.037395702703242550e-01	9.304686988671007075e-02
4.484484484484484446e-01	8.791589586025302383e-01	1.196533156247389096e-01
4.494494494494494230e-01	9.055429415907312318e-01	9.430748536756916600e-02
4.504504504504504570e-01	8.603570284849623162e-01	1.395428432817865660e-01
4.514514514514514354e-01	9.636652391772331239e-01	3.529532058159434715e-02
4.524524524524524693e-01	9.167645046548248411e-01	8.026891512386535865e-02
4.534534534534534478e-01	9.278178674492709721e-01	6.630249004066846030e-02
4.544544544544544262e-01	9.684761414958400483e-01	2.174811199535864326e-02
4.554554554554554602e-01	1.084286139590896481e+00	-9.893717912327981701e-02
4.564564564564564386e-01	9.800543770977581115e-01	-5.550777166415388209e-04
4.574574574574574726e-01	8.629542278969958291e-01	1.097268268061643015e-01
4.584584584584584510e-01	8.665226405471398996e-01	9.837832814759916999e-02
4.594594594594594295e-01	8.605259387719025321e-01	9.564079596734886834e-02
4.604604604604604634e-01	8.511213308591627502e-01	9.536565887568959621e-02
4.614614614614614418e-01	7.792570191488986664e-01	1.566142864049138161e-01
4.624624624624624758e-01	7.078554787659098180e-01	2.164747008113988569e-01
4.634634634634634542e-01	7.554887970400775421e-01	1.563862272749564353e-01
4.644644644644644327e-01	7.499828013741289823e-01	1.485353547457392009e-01
4.654654654654654666e-01	8.998520673355175914e-01	-1.557928432673982844e-02
4.664664664664664451e-01	8.057685225979747123e-01	6.338446900402494588e-02
4.674674674674674790e-01	7.401363488998605744e-01	1.130373842935319395e-01
4.684684684684684575e-01	5.975736249342807893e-01	2.387771840314959482e-01
4.694694694694694914e-01	6.562835897796617246e-01	1.624172645861667874e-01
4.704704704704704699e-01	5.594616347080131336e-01	2.407796879460192274e-01
4.714714714714714483e-01	5.405598155596653687e-01	2.404306520862533603e-01
4.724724724724724823e-01	4.626433742380340330e-01	2.983239514236335488e-01
4.734734734734734607e-01	3.918713060636284662e-01	3.483203906383160464e-01
4.744744744744744946e-01	4.665111499462682998e-01	2.521729749222696437e-01
4.754754754754754731e-01	5.141632273747802628e-01	1.823026506744421793e-01
4.764764764764764515e-01	6.039269027754889940e-01	6.963202411137736636e-02
4.774774774774774855e-01	5.737010149000463244e-01	7.628490815360067234e-02
4.784784784784784639e-01	6.207057641984888852e-01	5.064412653318473012e-03
4.794794794794794979e-01	6.994098767059706567e-01	-9.847424254284786738e-02
4.804804804804804763e-01	8.398899752632941196e-01	-2.643831224934030111e-01
4.814814814814814548e-01	8.558674190864876685e-01	-3.063584410156806603e-01
4.824824824824824887e-01	7.313814166441623410e-01	-2.084136984283591065e-01
4.834834834834834671e-01	6.660003872210010778e-01	-1.700910685366111008e-01
4.844844844844845011e-01	7.244122919442997910e-01	-2.560517556116389537e-01
4.854854854854854795e-01	5.091003911863278830e-01	-6.875177825170852852e-02
4.864864864864864580e-01	5.652583264620785197e-01	-1.533570782180844194e-01
4.874874874874874919e-01	5.975310977170740223e-01	-2.144845251139051445e-01
4.884884884884884704e-01	5.631627470402158497e-01	-2.093496279138761795e-01
4.894894894894895043e-01	5.514695340364579312e-01	-2.272397385520862900e-01
4.904904904904904828e-01	5.399130665665407003e-01	-2.455872112472584634e-01
4.914914914914914612e-01	4.694670218934013373e-01	-2.053361525767931073e-01
4.924924924924924952e-01	5.095946991638006240e-01	-2.759200031995482361e-01
4.934934934934934736e-01	4.642365014874437756e-01	-2.612490494606810043e-01
4.944944944944945076e-01	5.825046559986818417e-01	-4.104051732345134207e-01
4.954954954954954860e-01	4.750435177365973649e-01	-3.340021858116771214e-01
4.964964964964965199e-01	3.401391423436520012e-01	-2.302954308011513351e-01
4.974974974974974984e-01	2.324975625538471258e-01	-1.539600909881771174e-01
4.984984984984984768e-01	1.259988400560176081e-01	-7.884527070371002977e-02
4.994994994994995108e-01	7.845185798075571260e-02	-6.272881892371486023e-02
5.005005005005005447e-01	9.436661567839732534e-02	-1.100896547354387328e-01
5.015015015015015232e-01	5.855111706182781345e-02	-1.057046864141341636e-01
5.025025025025025016e-01	4.633074748562936163e-02	-1.248682190512981488e-01
5.035035035035034801e-01	4.890426959039571170e-02	-1.587479811328951773e-01
5.045045045045044585e-01	-1.517083604152952292e-03	-1.395242483207643214e-01
5.055055055055055480e-01	-5.276880830846986808e-02	-1.193306744556991428e-01
5.065065065065065264e-01	-1.576722691334868920e-01	-4.531518289327465809e-02
5.075075075075075048e-01	-3.435561907313688934e-01	1.098814947671176989e-01
5.085085085085084833e-01	-4.268315672413166006e-01	1.627006979247112572e-01
5.095095095095094617e-01	-3.622011893549237915e-01	6.787533403564272039e-02
5.105105105105105512e-01	-4.186916784791252510e-01	9.446188299475305472e-02
5.115115115115115296e-01	-3.433388572141056749e-01	-1.047426191223282954e-02
5.125125125125125081e-01	-4.733565248823609073e-01	9.030995227919480506e-02
5.135135135135134865e-01	-5.795236605999989354e-01	1.676224123560091650e-01
5.145145145145144649e-01	-5.791974606622412036e-01	1.388488477276229593e-01
5.155155155155155544e-01	-6.048980505716669009e-01	1.365375142390056196e-01
5.165165165165165329e-01	-6.395767667918782484e-01	1.436674481074893261e-01
5.175175175175175113e-01	-6.087500888561467871e-01	8.578237064034621717e-02
5.185185185185184897e-01	-5.756311151928105163e-01	2.612213712200461835e-02
5.195195195195194682e-01	-4.081617288672331201e-01	-1.673451239026555459e-01
5.205205205205205576e-01	-4.296666758699617672e-01	-1.712689582931614662e-01
5.215215215215215361e-01	-4.927275327057660803e-01	-1.330426441460389464e-01
5.225225225225225145e-01	-5.779941540413024992e-01	-7.199176901234216608e-02
5.235235235235234930e-01	-6.245637404541540816e-01	-4.899518643271139062e-02
5.245245245245244714e-01	-6.226683414249716275e-01	-7.379753662424859417e-02
5.255255255255255609e-01	-7.150537834654483449e-01	-3.630341403089931696e-03
5.265265265265265393e-01	-7.057063357558336358e-01	-3.448536094610887837e-02
5.275275275275275177e-01	-6.244047426529126810e-01	-1.365625830087552339e-01
5.285285285285284962e-01	-7.848395641823613378e-01	3.849096536444496230e-03
5.295295295295294746e-01	-7.186028774144385123e-01	-8.163844523959207233e-02
5.305305305305305641e-01	-7.929785034384068121e-01	-2.572235092742103379e-02
5.315315315315315425e-01	-7.802240698412661324e-01	-5.612673912450893976e-02
5.325325325325325210e-01	-7.761252246958542100e-01	-7.704850849753863695e-02
5.335335335335334994e-01	-8.515746425237696871e-01	-1.757834907822841686e-02
5.345345345345344779e-01	-9.725168240471003811e-01	8.824404103832395041e-02
5.355355355355355673e-01	-9.715208253095455326e-01	7.300266918967868168e-02
5.365365365365365458e-01	-9.280843563226276460e-01	1.620933200759344661e-02
5.375375375375375242e-01	-9.639109156601317618e-01	3.958073608282353106e-02
5.385385385385385026e-01	-1.002140627325735389e+00	6.626932177192401685e-02
5.395395395395394811e-01	-1.037011803418147027e+00	9.052481368329567957e-02
5.405405405405405705e-01	-1.004977829446252136e+00	4.881109470700162323e-02
5.415415415415415490e-01	-1.076608315279177441e+00	1.117073465844382607e-01
5.425425425425425274e-01	-1.092549982120864849e+00	1.198689274177049402e-01
5.435435435435435059e-01	-9.650900768932024754e-01	-1.440922248791354221e-02
5.445445445445444843e-01	-9.064513563068431479e-01	-7.889760416077273852e-02
5.455455455455455738e-01	-9.260462104022308960e-01	-6.417804308896790655e-02
5.465465465465465522e-01	-8.567681984652669724e-01	-1.373521590246723489e-01
5.475475475475475307e-01	-1.010030294939533668e+00	1.299687516084357952e-02
5.485485485485485091e-01	-9.789400883013475996e-01	-2.002047145747964940e-02
5.495495495495495986e-01	-1.013659936371068104e+00	1.376006460431922207e-02
5.505505505505505770e-01	-1.019260521984333145e+00	1.941009502603274761e-02
5.515515515515515554e-01	-9.841728929508789525e-01	-1.463938127639019537e-02
5.525525525525525339e-01	-8.670276695187990601e-01	-1.297587706382353767e-01
5.535535535535535123e-01	-9.081746441836079375e-01	-8.560028382181661399e-02
5.545545545545546018e-01	-9.269872439715528545e-01	-6.279347175223026767e-02
5.555555555555555802e-01	-9.063807361482851821e-01	-7.842701686392272720e-02
5.565565565565565587e-01	-9.919459992997050612e-01	1.308504188584347361e-02
5.575575575575575371e-01	-9.523146586006516756e-01	-1.963155085158241331e-02
5.585585585585585155e-01	-9.994360827921306978e-01	3.536573597597902907e-02
5.595595595595596050e-01	-1.055381865048742984e+00	1.001407074504566674e-01
5.605605605605605835e-01	-9.759910196153187556e-01	3.052364702145549114e-02
5.615615615615615619e-01	-9.543684315993046230e-01	1.960977493215321221e-02
5.625625625625625403e-01	-9.584495486180757418e-01	3.532394942376237967e-02
5.635635635635635188e-01	-1.038510382093208229e+00	1.279306785011724568e-01
5.645645645645646082e-01	-1.018123441337089652e+00	1.209900653947761917e-01
5.655655655655655867e-01	-9.671003438636308625e-01	8.430043113901120044e-02
5.665665665665665651e-01	-9.355347575891108658e-01	6.794126992150884004e-02
5.675675675675675436e-01	-9.110446467237639512e-01	5.951550899045110476e-02
5.685685685685685220e-01	-8.609502878002495141e-01	2.632753955243161137e-02
5.695695695695696115e-01	-8.373143385371011327e-01	2.042330134419634291e-02
5.705705705705705899e-01	-7.748037117277984942e-01	-2.354782694660761955e-02
5.715715715715715683e-01	-8.168281306398355035e-01	3.780554505634314832e-02
5.725725725725725468e-01	-8.464970755196412622e-01	8.757378405155247236e-02
5.735735735735735252e-01	-7.160716103307356306e-01	-2.200192130160427695e-02
5.745745745745746147e-01	-6.741402868235576440e-01	-4.235363665922509124e-02
5.755755755755755931e-01	-6.745584914170061896e-01	-1.964731472371694654e-02
5.765765765765765716e-01	-6.927117640137184784e-01	2.148054467281401703e-02
5.775775775775775500e-01	-7.123934504723206107e-01	6.480056883492635311e-02
5.785785785785785285e-01	-6.980805683992388211e-01	7.476640046102067672e-02
5.795795795795796179e-01	-6.180638933186614059e-01	1.964480692773473702e-02
5.805805805805805964e-01	-6.286554990463106840e-01	5.572324440428966241e-02
5.815815815815815748e-01	-6.795158758304279401e-01	1.326370003368011474e-01
5.825825825825825532e-01	-7.107492282951627383e-01	1.904645163135831876e-01
5.835835835835835317e-01	-6.849740022659099870e-01	1.917979403664336058e-01
5.845845845845846211e-01	-7.160967016673944752e-01	2.505169698734371342e-01
5.855855855855855996e-01	-6.474078274934139676e-01	2.098848170365080756e-01
5.865865865865865780e-01	-6.151175778295928653e-01	2.060839358888472139e-01
5.875875875875875565e-01	-5.340862907072992938e-01	1.539464925837014664e-01
5.885885885885885349e-01	-5.559365444170887294e-01	2.050664935657556809e-01
5.895895895895896244e-01	-6.773271594281426999e-01	3.560738157439983231e-01
5.905905905905906028e-01	-6.082771407855562806e-01	3.169581775100103749e-01
5.915915915915915813e-01	-5.445955319820166007e-01	2.834990215699282334e-01
5.925925925925925597e-01	-5.217346886857689992e-01	2.911188179433272238e-01
5.935935935935935381e-01	-5.193719555342890537e-01	3.194647703094813940e-01
5.945945945945946276e-01	-3.962476420181063608e-01	2.272468216962561793e-01
5.955955955955956060e-01	-3.006928178470659185e-01	1.627654798744132547e-01
5.965965965965965845e-01	-3.286717043968808705e-01	2.219542390255213882e-01
5.975975975975975629e-01	-2.694542016603911905e-01	1.940521370779875188e-01
5.985985985985985414e-01	-2.073743135612354793e-01	1.633622115388502216e-01
5.995995995995996308e-01	-1.361783626092529786e-01	1.235997447705139141e-01
6.006006006006006093e-01	-1.761282988981460185e-01	1.949956036826135941e-01
6.016016016016015877e-01	-1.254875357887566545e-01	1.757821061521218364e-01
6.026026026026025662e-01	-1.536502278936808796e-01	2.353223297568849959e-01
6.036036036036035446e-01	-1.023591900233259272e-01	2.153280614523947478e-01
6.046046046046046341e-01	-8.721102376648173782e-02	2.313649548344415829e-01
6.056056056056056125e-01	-1.012464270876891198e-01	2.764428703395581666e-01
6.066066066066065909e-01	-5.738860871695196375e-02	2.634543201286431158e-01
6.076076076076075694e-01	-9.137895715686611409e-02	3.281101674485429887e-01
6.086086086086086588e-01	-5.670868852679492034e-03	2.728334849871998924e-01
6.096096096096096373e-01	1.637242664018896676e-02	2.809574100269844332e-01
6.106106106106106157e-01	-5.672125305361704062e-02	3.839242939113883257e-01
6.116116116116115942e-01	-5.201789509220655638e-02	4.087705835064365245e-01
6.126126126126125726e-01	5.948558430246635165e-02	3.264639746928592046e-01
6.136136136136136621e-01	1.600553021508842044e-01	2.547094789545247817e-01
6.146146146146146405e-01	1.267725288248662541e-01	3.163973318192604411e-01
6.156156156156156189e-01	2.462624033430376724e-01	2.248743057399794631e-01
6.166166166166165974e-01	3.700476460012677160e-01	1.285900252397217391e-01
6.176176176176175758e-01	4.669025325780489233e-01	5.874302005327147747e-02
6.186186186186186653e-01	6.094012029389939133e-01	-5.726755658592219689e-02
6.196196196196196437e-01	5.845726391454085791e-01	-6.496879645037645368e-03
6.206206206206206222e-01	6.720993059497282207e-01	-6.865306688630301579e-02
6.216216216216216006e-01	6.636421115327952869e-01	-3.542211423715513341e-02
6.226226226226225791e-01	7.057550011895171727e-01	-5.338246466772678112e-02
6.236236236236236685e-01	7.042202985296788231e-01	-2.834032516699880322e-02
6.246246246246246470e-01	7.088433788079533393e-01	-1.012431645558609095e-02
6.256256256256256254e-01	5.979731363361477925e-01	1.228940825884361487e-01
6.266266266266266038e-01	6.910406097322414620e-01	5.126193201336570748e-02
6.276276276276275823e-01	8.318470386016663110e-01	-6.884320423013978729e-02
6.286286286286286717e-01	9.303527533127042837e-01	-1.474021271042406100e-01
6.296296296296296502e-01	9.016741563672092674e-01	-9.955096361216586587e-02
6.306306306306306286e-01	8.330142592229021758e-01	-1.251168411581593531e-02
6.316316316316316071e-01	8.314685841266905575e-01	6.602014578535930767e-03
6.326326326326325855e-01	8.519069823714869871e-01	2.902908935438097693e-03
6.336336336336336750e-01	8.682910566184609547e-01	2.412843546666820771e-03
6.346346346346346534e-01	8.100736874742517912e-01	7.566322092227706353e-02
6.356356356356356319e-01	7.483557820365607238e-01	1.515382684867563334e-01
6.366366366366366103e-01	6.363185834097069282e-01	2.768427437632761112e-01
6.376376376376375887e-01	7.077842248854155915e-01	2.177413940362615818e-01
6.386386386386386782e-01	8.124822076033985097e-01	1.244924916640395285e-01
6.396396396396396566e-01	9.058429125291787010e-01	4.165433419125053049e-02
6.406406406406406351e-01	9.281363830863993414e-01	2.894647291187157911e-02
6.416416416416416135e-01	1.042752225099403907e+00	-7.703017678404955326e-02
6.426426426426425920e-01	1.145067336424301585e+00	-1.716610556682994781e-01
6.436436436436436814e-01	1.148817413687806654e+00	-1.686894589656301457e-01
6.446446446446446599e-01	9.929417600819842038e-01	-7.061336634588744054e-03
6.456456456456456383e-01	9.881705560072854277e-01	2.487442562146280345e-03
6.466466466466466168e-01	1.034228721088169101e+00	-3.977276533289164639e-02
6.476476476476475952e-01	1.033616566702265649e+00	-3.634602732943315040e-02
6.486486486486486847e-01	9.649262316744476875e-01	3.417273453023372820e-02
6.496496496496496631e-01	1.010410319988305883e+00	-1.047089178801219322e-02
6.506506506506506415e-01	9.475231954892640029e-01	5.226789877466220258e-02
6.516516516516516200e-01	8.228897779898566300e-01	1.757643330865998887e-01
6.526526526526525984e-01	9.165584672313151771e-01	7.997113571902181306e-02
6.536536536536536879e-01	9.222508989494060394e-01	7.116877176840474828e-02
6.546546546546546663e-01	9.439794003612138606e-01	4.534798929227956688e-02
6.556556556556556448e-01	9.421792145322164247e-01	4.207759190115234471e-02
6.566566566566566232e-01	8.782969514461598237e-01	9.991598368704912581e-02
6.576576576576576016e-01	7.778573073924124337e-01	1.933444448779647606e-01
6.586586586586586911e-01	7.510005037038163245e-01	2.122296871900958282e-01
6.596596596596596696e-01	6.741812423370329155e-01	2.801248913917158134e-01
6.606606606606606480e-01	6.070261016586011582e-01	3.374123037222280796e-01
6.616616616616616264e-01	4.789533576252963942e-01	4.546834059855507371e-01
6.626626626626626049e-01	5.018792675780974211e-01	4.200326221071293276e-01
6.636636636636636943e-01	5.166043107710502902e-01	3.926710670428376071e-01
6.646646646646646728e-01	5.353578677635488781e-01	3.603818559217065731e-01
6.656656656656656512e-01	5.104600272693700092e-01	3.708582848404378129e-01
6.666666666666666297e-01	5.769539056159028734e-01	2.890714981685373886e-01
6.676676676676676081e-01	6.794968036432864622e-01	1.703793175474005439e-01
6.686686686686686976e-01	5.648657931571253732e-01	2.680206404836475986e-01
6.696696696696696760e-01	5.713917799211754023e-01	2.436813615650871290e-01
6.706706706706706544e-01	5.066893158477151493e-01	2.897645436572151567e-01
6.716716716716716329e-01	4.335300402025034083e-01	3.435169592797873150e-01
6.726726726726726113e-01	3.430675455669378593e-01	4.138042064380549334e-01
6.736736736736737008e-01	2.819949524374238958e-01	4.539531150466792342e-01
6.746746746746746792e-01	3.603562363892403586e-01	3.539404000377813220e-01
6.756756756756756577e-01	4.166081733717789115e-01	2.753306956057691712e-01
6.766766766766766361e-01	3.112650591625943930e-01	3.576318145817455330e-01
6.776776776776777256e-01	3.759413108662023051e-01	2.692521250724899673e-01
6.786786786786787040e-01	4.850225287898366489e-01	1.358294660534069553e-01
6.796796796796796825e-01	5.484297846290552281e-01	4.746683600484369325e-02
6.806806806806806609e-01	5.439965067408830679e-01	2.635548383702079889e-02
6.816816816816816393e-01	6.108114786720904021e-01	-6.656811404051055092e-02
6.826826826826827288e-01	6.354556446528274449e-01	-1.178590841909499254e-01
6.836836836836837072e-01	7.051569174560693432e-01	-2.147189895396484638e-01
6.846846846846846857e-01	6.421431792679294093e-01	-1.793488563006286896e-01
6.856856856856856641e-01	4.711512797593872537e-01	-3.645819860499172060e-02
6.866866866866866426e-01	5.658584103358864636e-01	-1.596964197814127462e-01
6.876876876876877320e-01	4.828816882834867097e-01	-1.056524239807173915e-01
6.886886886886887105e-01	4.985559625888617008e-01	-1.506324498945770252e-01
6.896896896896896889e-01	6.162261913072526465e-01	-2.979524764149418248e-01
6.906906906906906674e-01	5.746128030485235794e-01	-2.863036127763014527e-01
6.916916916916916458e-01	5.683286581411500782e-01	-3.102690887122980801e-01
6.926926926926927353e-01	4.835119828010839838e-01	-2.559572179250018120e-01
6.936936936936937137e-01	3.043260346096099411e-01	-1.075010931419032589e-01
6.946946946946946921e-01	2.342661290157068976e-01	-6.836564244699427917e-02
6.956956956956956706e-01	2.670939970404158648e-01	-1.322820170338308843e-01
6.966966966966966490e-01	1.930070265937931517e-01	-8.941686276155158541e-02
6.976976976976977385e-01	4.455060350512422135e-02	2.771530841546301221e-02
6.986986986986987169e-01	-2.298759339666311269e-02	6.385779283737642864e-02
6.996996996996996954e-01	3.985794018562498903e-02	-3.042386795972853997e-02
7.007007007007006738e-01	-9.418098664461425906e-02	7.216960271838790408e-02
7.017017017017016522e-01	-1.779638929664572877e-01	1.245288189734025663e-01
7.027027027027027417e-01	-2.392383181810793236e-01	1.544323937055707974e-01
7.037037037037037202e-01	-2.430510925444744064e-01	1.269581784192428120e-01
7.047047047047046986e-01	-2.331230753423167157e-01	8.585797072217568604e-02
7.057057057057056770e-01	-1.062807943348503120e-01	-7.201087682312402871e-02
7.067067067067066555e-01	-5.420878892794617210e-02	-1.549331440096181067e-01
7.077077077077077449e-01	-6.155518092126865959e-02	-1.782302025764662401e-01
7.087087087087087234e-01	9.292718650700932531e-03	-2.794844395344839305e-01
7.097097097097097018e-01	5.905632792421539740e-02	-3.593872055359653150e-01
7.107107107107106803e-01	-7.023842399033637662e-02	-2.599346264104984150e-01
7.117117117117116587e-01	-3.172673907964909668e-02	-3.279619905648832878e-01
7.127127127127127482e-01	-1.882815852840847570e-01	-2.005671433073046017e-01
7.137137137137137266e-01	-2.375765760550488936e-01	-1.800476361514184998e-01
7.147147147147147050e-01	-1.205376282470802668e-01	-3.254490974379948276e-01
7.157157157157156835e-01	-1.336519938986606704e-01	-3.402562286917802936e-01
7.167167167167166619e-01	-1.913572320316709596e-01	-3.100038605559314320e-01
7.177177177177177514e-01	-3.175798626173814143e-01	-2.107383261286713272e-01
7.187187187187187298e-01	-3.348095582704574968e-01	-2.199432961136596476e-01
7.197197197197197083e-01	-4.322439928688239785e-01	-1.483949565597804110e-01
7.207207207207206867e-01	-4.800656005214467004e-01	-1.258852757420991231e-01
7.217217217217216652e-01	-5.681080003285798874e-01	-6.255560471397658695e-02
7.227227227227227546e-01	-6.429142057740084848e-01	-1.183849266572734038e-02
7.237237237237237331e-01	-6.932227859929865899e-01	1.502845017832055152e-02
7.247247247247247115e-01	-7.658275913064042095e-01	6.486225453880811731e-02
7.257257257257256899e-01	-8.815167224065421081e-01	1.584735383450351920e-01
7.267267267267266684e-01	-9.870519808276579932e-01	2.426459349392399156e-01
7.277277277277277578e-01	-9.530394201264851262e-01	1.880066226685948028e-01
7.287287287287287363e-01	-8.924352259483333549e-01	1.075321840619294367e-01
7.297297297297297147e-01	-8.456265545801795458e-01	4.162942421324034026e-02
7.307307307307306932e-01	-8.729580856976469905e-01	5.066190409883974954e-02
7.317317317317316716e-01	-9.342159322216807560e-01	9.443383176314201766e-02
7.327327327327327611e-01	-9.495463311724933186e-01	9.310873527914731440e-02
7.337337337337337395e-01	-9.586432470820518414e-01	8.639704906256617800e-02
7.347347347347347180e-01	-7.631897689208265723e-01	-1.240025054877761379e-01
7.357357357357356964e-01	-9.604320696679833347e-01	5.917102412203889550e-02
7.367367367367367859e-01	-9.054372902039035109e-01	-9.001309241262744898e-03
7.377377377377377643e-01	-1.020631432088693336e+00	9.391952668340841637e-02
7.387387387387387427e-01	-1.020977034412941853e+00	8.290820751677663303e-02
7.397397397397397212e-01	-1.027742026267248754e+00	7.924389270745457736e-02
7.407407407407406996e-01	-1.078473203533961033e+00	1.204836912184724662e-01
7.417417417417417891e-01	-1.156190473838176525e+00	1.896568962801349345e-01
7.427427427427427675e-01	-1.063878132090056550e+00	8.975625165132039562e-02
7.437437437437437460e-01	-1.041029793375150669e+00	6.028287615511140896e-02
7.447447447447447244e-01	-1.078548648381883357e+00	9.214651168616883048e-02
7.457457457457457028e-01	-1.043917570770597214e+00	5.283562410157782718e-02
7.467467467467467923e-01	-1.010930532158133666e+00	1.614881267554835187e-02
7.477477477477477708e-01	-9.448826478502135862e-01	-5.261514874428607769e-02
7.487487487487487492e-01	-1.014007870220676288e+00	1.478037802459697403e-02
7.497497497497497276e-01	-1.012938006052050310e+00	1.296891018430346154e-02
7.507507507507507061e-01	-9.787394948863898936e-01	-2.098237938399882818e-02
7.517517517517517955e-01	-1.125604301621227821e+00	1.271182297507054137e-01
7.527527527527527740e-01	-1.028856572244472467e+00	3.259366154591791798e-02
7.537537537537537524e-01	-8.789735679884889130e-01	-1.140810211518786810e-01
7.547547547547547309e-01	-8.394267998563060829e-01	-1.494374799071297444e-01
7.557557557557557093e-01	-7.798177709800763191e-01	-2.038783551995342336e-01
7.567567567567567988e-01	-7.591572691012395957e-01	-2.183979698464466601e-01
7.577577577577577772e-01	-7.646799349288527781e-01	-2.057677555909446232e-01
7.587587587587587556e-01	-8.384502264542549321e-01	-1.239302827823784980e-01
7.597597597597597341e-01	-8.401854099373862184e-01	-1.131762624400435291e-01
7.607607607607607125e-01	-8.873136867480898582e-01	-5.608641152349236325e-02
7.617617617617618020e-01	-8.626703574318288492e-01	-6.983528004787886712e-02
7.627627627627627804e-01	-8.415910050678201415e-01	-7.909805798504254692e-02
7.637637637637637589e-01	-8.282372966023970884e-01	-7.972476327714927979e-02
7.647647647647647373e-01	-8.090793038971249018e-01	-8.525790923390319520e-02
7.657657657657657158e-01	-8.833436695031199326e-01	3.515673686688924882e-03
7.667667667667668052e-01	-9.256910119373357171e-01	6.124225647747005841e-02
7.677677677677677837e-01	-8.649538578725888271e-01	1.673915795978686560e-02
7.687687687687687621e-01	-7.142243211320632446e-01	-1.169175611836308359e-01
7.697697697697697405e-01	-7.659114441917507232e-01	-4.733574103198356919e-02
7.707707707707707190e-01	-7.649712651416760156e-01	-2.957703877077000332e-02
7.717717717717718084e-01	-7.608088880294365808e-01	-1.425484085016393010e-02
7.727727727727727869e-01	-7.815414354769135707e-01	2.672870791611492436e-02
7.737737737737737653e-01	-7.683481128731505239e-01	3.453278759642197659e-02
7.747747747747747438e-01	-7.572497152530913711e-01	4.515742982206394363e-02
7.757757757757757222e-01	-8.249746944526847869e-01	1.353096054744198362e-01
7.767767767767768117e-01	-8.510147997372866646e-01	1.844588865549156020e-01
7.777777777777777901e-01	-8.650259852335423494e-01	2.222383755470028754e-01
7.787787787787787686e-01	-8.771261775500639457e-01	2.587424956338472137e-01
7.797797797797797470e-01	-8.571437996827158123e-01	2.637755378450928889e-01
7.807807807807807254e-01	-7.403949958585084312e-01	1.726289097637996317e-01
7.817817817817818149e-01	-6.561857950237853787e-01	1.145833234755960772e-01
7.827827827827827933e-01	-6.118557867491734026e-01	9.695249650836024191e-02
7.837837837837837718e-01	-6.394679094569800659e-01	1.517729656433436936e-01
7.847847847847847502e-01	-5.948358398108675171e-01	1.348315024122532790e-01
7.857857857857857287e-01	-5.661771609054421228e-01	1.343183078921433293e-01
7.867867867867868181e-01	-4.789563814074029313e-01	7.567005892342210105e-02
7.877877877877877966e-01	-3.978644855050993967e-01	2.354948558107955447e-02
7.887887887887887750e-01	-4.470023172572908376e-01	1.020287834626979473e-01
7.897897897897897534e-01	-3.780068455808452410e-01	6.271590700534229734e-02
7.907907907907907319e-01	-4.041973422178122277e-01	1.189007761437604893e-01
7.917917917917918214e-01	-3.420874842092597734e-01	8.706740780894933751e-02
7.927927927927927998e-01	-3.614174588473379468e-01	1.369260502097638943e-01
7.937937937937937782e-01	-2.295620249236424992e-01	3.582127368674192791e-02
7.947947947947947567e-01	-2.391620426595016946e-01	7.636353049440641749e-02
7.957957957957957351e-01	-2.657907863442023344e-01	1.340954975085762724e-01
7.967967967967968246e-01	-2.200139504542416580e-01	1.195521126020732960e-01
7.977977977977978030e-01	-2.434932449474034311e-01	1.743642003526169604e-01
7.987987987987987815e-01	-2.405289613958710715e-01	2.028010687171540039e-01
7.997997997997997599e-01	-2.504471105614707871e-01	2.441576772454016608e-01
8.008008008008007383e-01	-1.788925092979947173e-01	2.040477546873676606e-01
8.018018018018018278e-01	-8.346899480919751924e-02	1.400440439929890313e-01
8.028028028028028062e-01	-4.970931738096924513e-02	1.376482257920281504e-01
8.038038038038037847e-01	-6.828884075912049212e-02	1.875046494952935239e-01
8.048048048048047631e-01	2.344554056739839992e-02	1.269292812465365183e-01
8.058058058058058526e-01	1.350312161116965781e-01	4.635391976095470934e-02
8.068068068068068310e-01	2.245076441302883696e-01	-1.229155794778172273e-02
8.078078078078078095e-01	2.843073749326412436e-01	-4.147018955405334939e-02
8.088088088088087879e-01	1.941290564969714583e-01	7.908909711149367250e-02
8.098098098098097664e-01	2.200529880709004849e-01	8.327596040372400865e-02
8.108108108108108558e-01	2.462123990933002271e-01	8.692739564875712199e-02
8.118118118118118343e-01	3.522883207136565664e-01	1.033289306800871943e-02
8.128128128128128127e-01	4.502698389179066174e-01	-5.852578619750897770e-02
8.138138138138137911e-01	3.863542073859354553e-01	3.412530588327777892e-02
8.148148148148147696e-01	4.564900382450131633e-01	-7.690858044553439132e-03
8.158158158158158590e-01	5.676486143228146597e-01	-9.097356487638780242e-02
8.168168168168168375e-01	5.587649338893110329e-01	-5.468537809798523774e-02
8.178178178178178159e-01	6.501271346073405066e-01	-1.191415344780203389e-01
8.188188188188187944e-01	6.405613607748894545e-01	-8.319478451324868740e-02
8.198198198198197728e-01	6.566767324192702704e-01	-7.348033521299945914e-02
8.208208208208208623e-01	6.212148603640419431e-01	-1.276533936982571227e-02
8.218218218218218407e-01	6.665388483941639963e-01	-3.343787246734197804e-02
8.228228228228228192e-01	6.185847419374572720e-01	3.854164333173082380e-02
8.238238238238237976e-01	5.745516735938183128e-01	1.059503177614325997e-01
8.248248248248247760e-01	5.273096432480651741e-01	1.758950358326162311e-01
8.258258258258258655e-01	5.930877894984208920e-01	1.321242092619777653e-01
8.268268268268268439e-01	6.240733423198258079e-01	1.224288460082265662e-01
8.278278278278278224e-01	7.837115009525164044e-01	-1.665730609691828956e-02
8.288288288288288008e-01	8.234983455692544974e-01	-3.665065019766600152e-02
8.298298298298297793e-01	8.240395049429710683e-01	-1.817638798530429867e-02
8.308308308308308687e-01	8.601743654171027931e-01	-3.609270931373753655e-02
8.318318318318318472e-01	9.222201424066384101e-01	-8.073484510658823776e-02
8.328328328328328256e-01	9.589891624715050078e-01	-1.009323316158182715e-01
8.338338338338338041e-01	9.091061483815374711e-01	-3.532627846881042366e-02
8.348348348348347825e-01	9.283184411676501657e-01	-3.967957451529469104e-02
8.358358358358358720e-01	9.832023545133765641e-01	-8.058322684434204852e-02
8.368368368368368504e-01	9.430520974011735724e-01	-2.734526890100463792e-02
8.378378378378378288e-01	9.628723763753666010e-01	-3.498334907885802814e-02
8.388388388388388073e-01	9.756422558184439930e-01	-3.648857819867734609e-02
8.398398398398397857e-01	9.744669518838507960e-01	-2.497731152903781560e-02
8.408408408408408752e-01	1.014566538496051162e+00	-5.567984377140122731e-02
8.418418418418418536e-01	9.420076324341442042e-01	2.532791596314576399e-02
8.428428428428428321e-01	1.023510023661714730e+00	-4.868217698718102504e-02
8.438438438438438105e-01	1.087817287410425493e+00	-1.064611066568666997e-01
8.448448448448447889e-01	1.082083149950354262e+00	-9.516905489719451605e-02
8.458458458458458784e-01	1.071607200002832716e+00	-8.011110640544794048e-02
8.468468468468468568e-01	1.093733146911747944e+00	-9.863550146148203357e-02
8.478478478478478353e-01	1.025860453351410184e+00	-2.814526415514884139e-02
8.488488488488488137e-01	9.752293781022203234e-01	2.411675835976057058e-02
8.498498498498497922e-01	9.613923540251300137e-01	3.859652045058403758e-02
8.508508508508508816e-01	8.251129727569229688e-01	1.745297949053069564e-01
8.518518518518518601e-01	7.543900536398879808e-01	2.439181046313803058e-01
8.528528528528528385e-01	7.750190675058241663e-01	2.209672985332804540e-01
8.538538538538538170e-01	7.354414560530624367e-01	2.572382308304579368e-01
8.548548548548547954e-01	6.585595312298111459e-01	3.298318594036621088e-01
8.558558558558558849e-01	6.174351613848052533e-01	3.656905564108990925e-01
8.568568568568568633e-01	5.512554048703133258e-01	4.256324704911796930e-01
8.578578578578578417e-01	5.133865199846462390e-01	4.562975116730414449e-01
8.588588588588588202e-01	4.674693126928307629e-01	4.940519975542951858e-01
8.598598598598597986e-01	4.621966894877366228e-01	4.902110933967157580e-01
8.608608608608608881e-01	5.281716214086458194e-01	4.141808401256731331e-01
8.618618618618618665e-01	5.311230768834431792e-01	4.002422125764119043e-01
8.628628628628628450e-01	5.455527532397379531e-01	3.739043781504676200e-01
8.638638638638638234e-01	5.799161374992944928e-01	3.267236252775956862e-01
8.648648648648649129e-01	6.419976144348666924e-01	2.509282437147017930e-01
8.658658658658658913e-01	6.200447585677745233e-01	2.582842200149948475e-01
8.668668668668668698e-01	6.494926534580569566e-01	2.133709048278739084e-01
8.678678678678678482e-01	7.277231044377237001e-01	1.188217858923373837e-01
8.688688688688688266e-01	7.058883631555219473e-01	1.235007483695621522e-01
8.698698698698699161e-01	8.033998151231521723e-01	8.013371339713803998e-03
8.708708708708708945e-01	8.808132745290168097e-01	-8.817838378733089399e-02
8.718718718718718730e-01	8.685992910631190611e-01	-9.552649767440135609e-02
8.728728728728728514e-01	8.450905773749916028e-01	-9.234433887703585864e-02
8.738738738738738299e-01	7.615187381461566707e-01	-2.984341204447626961e-02
8.748748748748749193e-01	8.368824997405689414e-01	-1.270016074461397526e-01
8.758758758758758978e-01	7.060503303591316726e-01	-1.866584173002228120e-02
8.768768768768768762e-01	6.758187642548284524e-01	-1.161040344921415723e-02
8.778778778778778547e-01	6.185114593586374943e-01	2.186396731438988716e-02
8.788788788788788331e-01	5.981320795340688834e-01	1.777717403311340760e-02
8.798798798798799226e-01	4.801012873398501357e-01	1.107327476661089660e-01
8.808808808808809010e-01	5.708976306004273082e-01	-5.723063835035069324e-03
8.818818818818818794e-01	4.752409112847486017e-01	6.371531107546851702e-02
8.828828828828828579e-01	4.674108375272769678e-01	4.479409042583926137e-02
8.838838838838838363e-01	4.254604651179226815e-01	5.948667159956838590e-02
8.848848848848849258e-01	3.590383507816251596e-01	9.817145189745235534e-02
8.858858858858859042e-01	3.099207702011929078e-01	1.190995838611332847e-01
8.868868868868868827e-01	3.541371660574163527e-01	4.626950011038866162e-02
8.878878878878878611e-01	3.323295132008450281e-01	3.906752060672563642e-02
8.888888888888888395e-01	3.375621832344375406e-01	4.457960091235169120e-03
8.898898898898899290e-01	2.949634900707802654e-01	1.734155416070792821e-02
8.908908908908909074e-01	2.309034508536051411e-01	5.137766962036671714e-02
8.918918918918918859e-01	2.437611970390117788e-01	8.216864346115015927e-03
8.928928928928928643e-01	3.009490488803736596e-01	-7.952321655881142148e-02
8.938938938938938428e-01	2.731738405844296169e-01	-8.251919555136394413e-02
8.948948948948949322e-01	1.593773758611398139e-01	3.175519264087267590e-04
8.958958958958959107e-01	2.826108766187644949e-01	-1.540335813368952367e-01
8.968968968968968891e-01	2.238020848288116704e-01	-1.264695664605069436e-01
8.978978978978978676e-01	1.057131107663446257e-01	-3.972161713972051367e-02
8.988988988988988460e-01	2.167773105193553096e-01	-1.821920977075364156e-01
8.998998998998999355e-01	2.054013983145454025e-01	-2.022566661068095073e-01
9.009009009009009139e-01	1.206838668873123355e-01	-1.489827249704293866e-01
9.019019019019018923e-01	2.005177217830709721e-02	-7.976623706151443616e-02
9.029029029029028708e-01	-2.239313321043750332e-03	-8.883170936559656172e-02
9.039039039039038492e-01	1.471157410285704736e-02	-1.370490984813122481e-01
9.049049049049049387e-01	-9.576367294142006104e-02	-5.771937895479624381e-02
9.059059059059059171e-01	1.503215369491854407e-02	-1.995089604984094378e-01
9.069069069069068956e-01	-4.693939195456373753e-02	-1.683487487905236668e-01
9.079079079079078740e-01	-1.215017449534383231e-01	-1.243848408004110395e-01
9.089089089089088525e-01	-1.312003637691416535e-01	-1.450415206099303911e-01
9.099099099099099419e-01	-1.065368962820852916e-01	-1.997871233246977796e-01
9.109109109109109204e-01	-1.626948477593086473e-01	-1.734083967829055939e-01
9.119119119119118988e-01	-2.561551524484521614e-01	-1.093949593767669648e-01
9.129129129129128772e-01	-2.763556817891520412e-01	-1.182798209602874961e-01
9.139139139139138557e-01	-4.002184259977693004e-01	-2.311223005876250625e-02
9.149149149149149451e-01	-4.781031458099186393e-01	2.649594943302435723e-02
9.159159159159159236e-01	-5.053609472713725959e-01	2.592378498256492358e-02
9.169169169169169020e-01	-5.178223184291739223e-01	1.102928446090167824e-02
9.179179179179178805e-01	-4.831218614326827088e-01	-5.052589896943809888e-02
9.189189189189188589e-01	-4.754114744920954760e-01	-8.456331164549718560e-02
9.199199199199199484e-01	-5.636824805401023930e-01	-2.206559700173593708e-02
9.209209209209209268e-01	-6.268535128556295133e-01	1.591136431020601094e-02
9.219219219219219053e-01	-5.972479488123204616e-01	-3.828413703206301477e-02
9.229229229229228837e-01	-5.895962682865935056e-01	-6.989730524930071187e-02
9.239239239239238621e-01	-5.161132873708192959e-01	-1.666896297923670112e-01
9.249249249249249516e-01	-5.258028936652442420e-01	-1.796341734807076485e-01
9.259259259259259300e-01	-4.675722221969036418e-01	-2.598014193761453150e-01
9.269269269269269085e-01	-5.074134756569014248e-01	-2.411774726780884226e-01
9.279279279279278869e-01	-5.148986322565990426e-01	-2.541693743177160236e-01
9.289289289289288654e-01	-5.494644939082374835e-01	-2.393200735243913302e-01
9.299299299299299548e-01	-5.229550119528669772e-01	-2.847661221209406568e-01
9.309309309309309333e-01	-3.934074143033758908e-01	-4.324515666601671526e-01
9.319319319319319117e-01	-4.322334448953101260e-01	-4.109467274909113232e-01
9.329329329329328901e-01	-4.870652761199700809e-01	-3.726023040607735481e-01
9.339339339339339796e-01	-5.733553379020979168e-01	-3.019495627757144973e-01
9.349349349349349581e-01	-5.802954637547192984e-01	-3.097812070671870366e-01
9.359359359359359365e-01	-6.823753791493774035e-01	-2.215929043126384501e-01
9.369369369369369149e-01	-8.094849684941058943e-01	-1.074810333019066144e-01
9.379379379379378934e-01	-7.053110051581304996e-01	-2.237459677962309046e-01
9.389389389389389828e-01	-8.538885176734490878e-01	-8.634072303630935252e-02
9.399399399399399613e-01	-9.273030454521580257e-01	-2.316871184795366023e-02
9.409409409409409397e-01	-9.057737884556721353e-01	-5.400060589751665141e-02
9.419419419419419182e-01	-8.462316029553345054e-01	-1.218963499467836664e-01
9.429429429429428966e-01	-8.469425729826072224e-01	-1.285815994992305367e-01
9.439439439439439861e-01	-7.319010370768924689e-01	-2.500547022206144332e-01
9.449449449449449645e-01	-8.196993609328699915e-01	-1.677169325239189490e-01
9.459459459459459429e-01	-8.659337031431215692e-01	-1.259667321157551534e-01
9.469469469469469214e-01	-8.776935408974114727e-01	-1.177101896366008482e-01
9.479479479479478998e-01	-8.126917039543447574e-01	-1.852310110738983884e-01
9.489489489489489893e-01	-7.860357826988378926e-01	-2.134191151302314848e-01
9.499499499499499677e-01	-8.094533417112902418e-01	-1.905454221173071838e-01
9.509509509509509462e-01	-8.752237575531326419e-01	-1.243300176686312764e-01
9.519519519519519246e-01	-8.891763913123245100e-01	-1.089439807258220094e-01
9.529529529529529031e-01	-8.098781890346269385e-01	-1.858217826722108335e-01
9.539539539539539925e-01	-8.160705888638956074e-01	-1.762243787909180126e-01
9.549549549549549710e-01	-7.894719745548423040e-01	-1.984367523853358684e-01
9.559559559559559494e-01	-7.713124202025530840e-01	-2.112331667200750829e-01
9.569569569569569278e-01	-7.273090186796647982e-01	-2.489018322947655903e-01
9.579579579579579063e-01	-7.567077350489492815e-01	-2.122030481872007046e-01
9.589589589589589957e-01	-6.848346121557304933e-01	-2.758179902665904848e-01
9.599599599599599742e-01	-8.337428730877400884e-01	-1.177016015954369665e-01
9.609609609609609526e-01	-9.069231676238790341e-01	-3.437233790562510549e-02
9.619619619619619311e-01	-9.143971885138544309e-01	-1.581854231475010586e-02
9.629629629629629095e-01	-8.610144142645002052e-01	-5.720169261577467967e-02
9.639639639639639990e-01	-8.259630600532019695e-01	-7.934543952939476785e-02
9.649649649649649774e-01	-9.043138135261395982e-01	1.280814082785497465e-02
9.659659659659659559e-01	-9.686733905694379088e-01	9.185211533628279135e-02
9.669669669669669343e-01	-9.401084358611747627e-01	7.883860792194341549e-02
9.679679679679679127e-01	-8.604732204818327235e-01	1.560651152601344460e-02
9.689689689689690022e-01	-7.535079835736029352e-01	-7.412015502912860931e-02
9.699699699699699806e-01	-7.322677716684907745e-01	-7.730339167225441788e-02
9.709709709709709591e-01	-7.664699616223492606e-01	-2.424367729274456984e-02
9.719719719719719375e-01	-7.183587357452239086e-01	-5.271547695350176088e-02
9.729729729729729160e-01	-6.709252503765287257e-01	-7.974705487619770938e-02
9.739739739739740054e-01	-5.982915846691957418e-01	-1.312365064529934511e-01
9.749749749749749839e-01	-4.950597733863761896e-01	-2.126027055001300514e-01
9.759759759759759623e-01	-5.152937352978103069e-01	-1.698033551859708945e-01
9.769769769769769407e-01	-5.477291220297989538e-01	-1.141251178000706190e-01
9.779779779779779192e-01	-5.831155512340521208e-01	-5.484135951906254913e-02
9.789789789789790087e-01	-6.371276354910064832e-01	2.369890122434348267e-02
9.799799799799799871e-01	-6.455137533820890505e-01	5.721978818128437005e-02
9.809809809809809655e-01	-6.410181763639277719e-01	7.844071814548991828e-02
9.819819819819819440e-01	-5.943483649013007186e-01	5.804372166391613685e-02
9.829829829829829224e-01	-6.064508128093596406e-01	9.694931252548300016e-02
9.839839839839840119e-01	-4.826039472023639920e-01	4.094134003145288858e-04
9.849849849849849903e-01	-5.617706804332609494e-01	1.073599339883836157e-01
9.859859859859859688e-01	-5.489348722655870150e-01	1.227572598931504499e-01
9.869869869869869472e-01	-5.571458984711694651e-01	1.596228483872538240e-01
9.879879879879879256e-01	-5.201161341315151398e-01	1.516407393212610977e-01
9.889889889889890151e-01	-4.172125208424378728e-01	7.814915034776370728e-02
9.899899899899899935e-01	-4.466190479031601490e-01	1.373029865142909034e-01
9.909909909909909720e-01	-3.992824236051462083e-01	1.200195403123143767e-01
9.919919919919919504e-01	-3.612627421684669882e-01	1.123291877015720752e-01
9.929929929929930399e-01	-3.452132256719720460e-01	1.268551594273253091e-01
9.939939939939940183e-01	-3.166052457575068146e-01	1.290385923816703972e-01
9.949949949949949968e-01	-2.911582233996169999e-01	1.345684592710585381e-01
9.959959959959959752e-01	-2.652854125536566188e-01	1.398273823733582888e-01
9.969969969969969537e-01	-2.264357004843613463e-01	1.322334641567313174e-01
9.979979979979980431e-01	-1.673142877493336289e-01	1.044609977048534671e-01
9.989989989989990216e-01	-1.667000407915520954e-01	1.352578498724317790e-01
1.000000000000000000e+00	-1.060571861172429908e-01	1.060571861172417696e-01
