# Time	RLS_Output	RLS_Error
0.000000000000000000e+00	0.000000000000000000e+00	0.000000000000000000e+00
2.004008016032063962e-03	0.000000000000000000e+00	0.000000000000000000e+00
4.008016032064127925e-03	0.000000000000000000e+00	0.000000000000000000e+00
6.012024048096191453e-03	0.000000000000000000e+00	0.000000000000000000e+00
8.016032064128255849e-03	0.000000000000000000e+00	0.000000000000000000e+00
1.002004008016032024e-02	0.000000000000000000e+00	0.000000000000000000e+00
1.202404809619238291e-02	0.000000000000000000e+00	0.000000000000000000e+00
1.402805611222444730e-02	0.000000000000000000e+00	0.000000000000000000e+00
1.603206412825651170e-02	0.000000000000000000e+00	0.000000000000000000e+00
1.803607214428857436e-02	0.000000000000000000e+00	0.000000000000000000e+00
2.004008016032064049e-02	0.000000000000000000e+00	0.000000000000000000e+00
2.204408817635270315e-02	0.000000000000000000e+00	0.000000000000000000e+00
2.404809619238476581e-02	0.000000000000000000e+00	0.000000000000000000e+00
2.605210420841683194e-02	0.000000000000000000e+00	0.000000000000000000e+00
2.805611222444889460e-02	0.000000000000000000e+00	0.000000000000000000e+00
3.006012024048096073e-02	0.000000000000000000e+00	0.000000000000000000e+00
3.206412825651302340e-02	0.000000000000000000e+00	0.000000000000000000e+00
3.406813627254508953e-02	0.000000000000000000e+00	0.000000000000000000e+00
3.607214428857714872e-02	0.000000000000000000e+00	0.000000000000000000e+00
3.807615230460921485e-02	0.000000000000000000e+00	0.000000000000000000e+00
4.008016032064128098e-02	0.000000000000000000e+00	0.000000000000000000e+00
4.208416833667334017e-02	0.000000000000000000e+00	0.000000000000000000e+00
4.408817635270540630e-02	0.000000000000000000e+00	0.000000000000000000e+00
4.609218436873747243e-02	0.000000000000000000e+00	0.000000000000000000e+00
4.809619238476953162e-02	0.000000000000000000e+00	0.000000000000000000e+00
5.010020040080159776e-02	0.000000000000000000e+00	9.999950454033060820e-01
5.210420841683366389e-02	4.880266856942706011e-01	5.097891309323572262e-01
5.410821643286573002e-02	6.865761229734802518e-01	3.051067478517240916e-01
5.611222444889778921e-02	7.998030086007587025e-01	1.818175004083661950e-01
5.811623246492985534e-02	8.507519842503056262e-01	1.169166177444792565e-01
6.012024048096192147e-02	9.361055511835182363e-01	1.377688123837883527e-02
6.212424849699398066e-02	9.565453754131235664e-01	-2.821289970999185659e-02
6.412825651302604679e-02	9.593491904160571515e-01	-5.624506964171316348e-02
6.613226452905811292e-02	9.134734186925095312e-01	-3.917608694062657548e-02
6.813627254509017905e-02	8.695939504441576595e-01	-2.756769860653884852e-02
7.014028056112224518e-02	8.815614069914556872e-01	-7.514265595029112621e-02
7.214428857715429744e-02	8.661909518546128117e-01	-9.857503234322784191e-02
7.414829659318636357e-02	8.998316161238218980e-01	-1.740601076390198010e-01
7.615230460921842970e-02	9.151999078021499923e-01	-2.341485867360836304e-01
7.815631262525049583e-02	8.929068025687415533e-01	-2.592742473142926052e-01
8.016032064128256196e-02	8.665139865522523133e-01	-2.828108847327254205e-01
8.216432865731462809e-02	7.423368780710372095e-01	-2.108760782628988917e-01
8.416833667334668034e-02	5.810255235532650886e-01	-1.039128709206952328e-01
8.617234468937874647e-02	6.206777381160503149e-01	-1.998037302699335882e-01
8.817635270541081260e-02	5.444712212296641818e-01	-1.815035173735989882e-01
9.018036072144287874e-02	4.648504078781747761e-01	-1.612272209230573572e-01
9.218436873747494487e-02	3.805113100370536849e-01	-1.374357078671256394e-01
9.418837675350701100e-02	3.982750850699969813e-01	-2.167102235408631117e-01
9.619238476953906325e-02	2.802508259044553807e-01	-1.609161324617039146e-01
9.819639278557112938e-02	1.968836749931694163e-01	-1.402519980335139582e-01
1.002004008016031955e-01	1.215090063889862210e-01	-1.278047416592216490e-01
1.022044088176352616e-01	5.660743170540737806e-02	-1.258056331630809099e-01
1.042084168336673278e-01	-7.737304517666363304e-03	-1.240891741412358945e-01
1.062124248496993939e-01	-1.039790674561520967e-01	-8.995334291265566495e-02
1.082164328657314600e-01	-1.393094346189716892e-01	-1.159604751902294784e-01
1.102204408817635123e-01	-1.738510679809729120e-01	-1.417448670351004469e-01
1.122244488977955784e-01	-2.084533059543793587e-01	-1.662181459077828605e-01
1.142284569138276445e-01	-2.292370284565331262e-01	-2.030253527424508431e-01
1.162324649298597107e-01	-3.074303723949845524e-01	-1.807101539704102922e-01
1.182364729458917768e-01	-3.748047752190731829e-01	-1.672797021684832020e-01
1.202404809619238429e-01	-4.319682469302867922e-01	-1.619122413572319230e-01
1.222444889779558952e-01	-4.610511946681208340e-01	-1.822721293560869427e-01
1.242484969939879613e-01	-5.449640819125669555e-01	-1.452529917983527152e-01
1.262525050100200275e-01	-6.778408588421344083e-01	-5.653506804490981974e-02
1.282565130260520936e-01	-7.062439372378661595e-01	-6.938097253028929767e-02
1.302605210420841597e-01	-7.350880280061850014e-01	-7.871255055097425846e-02
1.322645290581162258e-01	-8.606604491461818940e-01	1.190878207683510048e-02
1.342685370741482920e-01	-8.898876460238762665e-01	9.547959918648429856e-03
1.362725450901803581e-01	-8.966773815838656736e-01	-1.176209061232968978e-02
1.382765531062124242e-01	-9.212291705794882768e-01	-1.171051296920666562e-02
1.402805611222444904e-01	-8.891806053765130002e-01	-6.456263584527099919e-02
1.422845691382765287e-01	-9.082624096395348623e-01	-6.250530415043120680e-02
1.442885771543085949e-01	-8.618648407231286335e-01	-1.220808032439998358e-01
1.462925851703406610e-01	-9.273753866202658624e-01	-6.584942927710846217e-02
1.482965931863727271e-01	-9.214720042622519536e-01	-7.709645779139451260e-02
1.503006012024047933e-01	-9.584114494051835242e-01	-4.154395951914691132e-02
1.523046092184368594e-01	-9.818167161413021704e-01	-1.556344476927329357e-02
1.543086172344689255e-01	-1.018128576948137853e+00	2.727565484623850622e-02
1.563126252505009917e-01	-1.017072947382119175e+00	3.667339153832560594e-02
1.583166332665330578e-01	-9.938951741262462836e-01	2.783369186870732204e-02
1.603206412825651239e-01	-1.013664109576058792e+00	6.576859545776414517e-02
1.623246492985971901e-01	-9.266764374071225774e-01	7.028056653503034212e-04
1.643286573146292562e-01	-8.780662911079611943e-01	-2.231640666351863977e-02
1.663326653306613223e-01	-9.114238006795649660e-01	4.019968768291160011e-02
1.683366733466933607e-01	-8.395324134236349378e-01	9.189988589839437338e-04
1.703406813627254268e-01	-7.263062131282832512e-01	-7.637360505156054469e-02
1.723446893787574929e-01	-6.460410351183391020e-01	-1.175246709846475834e-01
1.743486973947895591e-01	-6.387442924118692522e-01	-8.268177056792247459e-02
1.763527054108216252e-01	-6.643846603768669423e-01	-1.204320135730874153e-02
1.783567134268536913e-01	-5.949587576236717856e-01	-3.379064433582135152e-02
1.803607214428857575e-01	-5.512008394354281915e-01	-2.737876399387029203e-02
1.823647294589178236e-01	-4.931917418598713021e-01	-3.292551566713081135e-02
1.843687374749498897e-01	-4.429643388336283460e-01	-2.860590072691854280e-02
1.863727454909819559e-01	-3.609425064479477863e-01	-5.421217863525124026e-02
1.883767535070140220e-01	-2.947370908767855124e-01	-6.235704260738711424e-02
1.903807615230460881e-01	-1.876030501604436795e-01	-1.100155920820677091e-01
1.923847695390781265e-01	-1.484084273289852096e-01	-8.855544802488848899e-02
1.943887775551101926e-01	-3.306327433736828275e-02	-1.423068952048472391e-01
1.963927855711422588e-01	-3.302815176076320802e-03	-1.097787667803118844e-01
1.983967935871743249e-01	2.238090192663306360e-02	-7.272582505166241829e-02
2.004008016032063910e-01	1.421908403318070946e-01	-1.295996193333512903e-01
2.024048096192384572e-01	1.058521493187103146e-01	-3.037467529289587798e-02
2.044088176352705233e-01	6.982300263191552891e-02	6.824165462393812220e-02
2.064128256513025894e-01	1.441202118004669963e-01	5.598456521257705321e-02
2.084168336673346555e-01	1.210791434881381134e-01	1.402728638024678676e-01
2.104208416833667217e-01	1.856771662234967535e-01	1.358864975809984388e-01
2.124248496993987878e-01	2.308443112141985443e-01	1.496568543845095689e-01
2.144288577154308539e-01	2.397372288429556464e-01	1.981937515487211809e-01
2.164328657314629201e-01	3.127118874336176080e-01	1.809136624843297736e-01
2.184368737474949584e-01	4.573303127409463209e-01	9.003387885763108889e-02
2.204408817635270246e-01	5.703399272457296831e-01	2.859404572178814163e-02
2.224448897795590907e-01	6.659314526999905448e-01	-1.780089731083533966e-02
2.244488977955911568e-01	6.511288948331520610e-01	4.363010889076768262e-02
2.264529058116232230e-01	7.243672056090300071e-01	1.426735312470761574e-02
2.284569138276552891e-01	7.939852517003738175e-01	-1.440188253359242498e-02
2.304609218436873552e-01	8.200822615003828808e-01	-2.639080879651145572e-03
2.324649298597194214e-01	9.035157376624175507e-01	-5.145175920741162923e-02
2.344689378757514875e-01	9.353430980563061103e-01	-5.203451585180063343e-02
2.364729458917835536e-01	9.743304972310867784e-01	-6.327730809149645363e-02
2.384769539078156197e-01	1.048005265140918407e+00	-1.128174003224217126e-01
2.404809619238476859e-01	1.083431413618119343e+00	-1.278144349296760351e-01
2.424849699398797520e-01	1.017260546414834099e+00	-4.500096340542059092e-02
2.444889779559117904e-01	1.064349592599696415e+00	-7.929985900051517156e-02
2.464929859719438565e-01	1.080663557176571477e+00	-8.672680604790827807e-02
2.484969939879759226e-01	1.026125308907152256e+00	-2.723988697490187239e-02
2.505010020040079888e-01	1.033666905583944029e+00	-3.379076804650671395e-02
2.525050100200400549e-01	9.829648382879205837e-01	1.394013407295469076e-02
2.545090180360721210e-01	1.020038207926199814e+00	-3.005450866320769077e-02
2.565130260521041872e-01	1.022777462584317565e+00	-4.363771968477248020e-02
2.585170340681362533e-01	9.900997048689255120e-01	-2.568363381398186540e-02
2.605210420841683194e-01	9.508941118457159281e-01	-5.023087457791675092e-03
2.625250501002003856e-01	9.531125803982928302e-01	-2.953449513411288141e-02
2.645290581162324517e-01	8.783680553833426163e-01	1.925753120858286760e-02
2.665330661322645178e-01	8.505652563221223206e-01	1.755110549196980951e-02
2.685370741482965840e-01	8.121225364107764744e-01	2.304480103324091367e-02
2.705410821643286501e-01	8.211544857239949646e-01	-2.224541596484241879e-02
2.725450901803607162e-01	8.414576584092797740e-01	-8.197243092070050086e-02
2.745490981963927823e-01	7.695571567798373813e-01	-5.250513423571123717e-02
2.765531062124248485e-01	7.770736382844549706e-01	-1.052960472337307607e-01
2.785571142284569146e-01	6.871335494220652818e-01	-6.329222229345610184e-02
2.805611222444889807e-01	5.951044447638685897e-01	-2.167127269670965362e-02
2.825651302605209914e-01	5.663329614980456839e-01	-4.558009979111643517e-02
2.845691382765530575e-01	5.049037592580363221e-01	-3.889462424600581558e-02
2.865731462925851236e-01	4.803908594314986735e-01	-7.097195246269311086e-02
2.885771543086171897e-01	5.504764647804629707e-01	-1.992700556924237310e-01
2.905811623246492559e-01	5.599344182214274213e-01	-2.683321173050250974e-01
2.925851703406813220e-01	4.458459852862406980e-01	-2.150032292086206664e-01
2.945891783567133881e-01	4.448012488280774779e-01	-2.756327223632581980e-01
2.965931863727454543e-01	3.770381565360017007e-01	-2.702141682439298531e-01
2.985971943887775204e-01	2.811988352298792071e-01	-2.371426614448498560e-01
3.006012024048095865e-01	2.094124585607559375e-01	-2.282986662132934774e-01
3.026052104208416527e-01	1.993806842071876861e-01	-2.811344391250085728e-01
3.046092184368737188e-01	1.429410130994923922e-01	-2.872383765283000323e-01
3.066132264529057849e-01	6.753228272890490769e-02	-2.738014948981004615e-01
3.086172344689378511e-01	2.449745505991907449e-02	-2.919212007072619075e-01
3.106212424849699172e-01	-8.659680733036179134e-02	-2.409218395480051678e-01
3.126252505010019833e-01	-9.039306460384768926e-02	-2.959227329302311915e-01
3.146292585170340494e-01	-2.254804821603514364e-01	-2.181017392959186396e-01
3.166332665330661156e-01	-3.405450738844537639e-01	-1.585459339103749699e-01
3.186372745490981817e-01	-4.459627724217506972e-01	-1.066594376910839359e-01
3.206412825651302478e-01	-4.984280342162303867e-01	-1.055356836798391207e-01
3.226452905811623140e-01	-4.763321018515161986e-01	-1.765799951621722652e-01
3.246492985971943801e-01	-5.095568979582806302e-01	-1.897164978415561976e-01
3.266533066132264462e-01	-5.476894273902335186e-01	-1.951744861719842961e-01
3.286573146292585124e-01	-6.693697461986987118e-01	-1.141411822737898873e-01
3.306613226452905785e-01	-6.703214342024664818e-01	-1.507319477518638262e-01
3.326653306613226446e-01	-7.327653500331495762e-01	-1.225771668242169321e-01
3.346693386773546552e-01	-8.276409982624061135e-01	-5.860146862586124161e-02
3.366733466933867214e-01	-8.132570175617344077e-01	-1.003737774017573470e-01
3.386773547094187875e-01	-7.964538512110308499e-01	-1.409451271394694949e-01
3.406813627254508536e-01	-7.640283232148182835e-01	-1.934245154603319028e-01
3.426853707414829198e-01	-7.921831667200892602e-01	-1.815297483713147475e-01
3.446893787575149859e-01	-7.116421725057284764e-01	-2.744726066290023025e-01
3.466933867735470520e-01	-7.675451092949142629e-01	-2.270641807167054216e-01
3.486973947895791182e-01	-8.203369429206572860e-01	-1.788258463930065822e-01
3.507014028056111843e-01	-8.209516358705551964e-01	-1.788055985141259185e-01
3.527054108216432504e-01	-8.275660327953169304e-01	-1.688242370171045836e-01
3.547094188376753165e-01	-8.688760431171468346e-01	-1.201991936444390952e-01
3.567134268537073827e-01	-9.136956370429116792e-01	-6.414548306826373114e-02
3.587174348697394488e-01	-9.211242704282265326e-01	-4.160816317740223536e-02
3.607214428857715149e-01	-9.727116670681105193e-01	2.890262359328188424e-02
3.627254509018035811e-01	-9.908176768962482228e-01	6.967174567439482491e-02
3.647294589178356472e-01	-1.024171070328186994e+00	1.293381738097859612e-01
3.667334669338677133e-01	-1.114451004225694764e+00	2.494768028405713878e-01
3.687374749498997795e-01	-1.068069036091854107e+00	2.363808790250958580e-01
3.707414829659318456e-01	-1.129985721977893931e+00	3.348790667388733544e-01
3.727454909819639117e-01	-1.102329579614678590e+00	3.469549342099079725e-01
3.747494989979959779e-01	-1.051944776895852529e+00	3.392952163456240955e-01
3.767535070140280440e-01	-1.029394967911863246e+00	3.622942745748793936e-01
3.787575150300601101e-01	-9.584534334009987555e-01	3.395449080994319413e-01
3.807615230460921762e-01	-9.225703291406610607e-01	3.543063174201225296e-01
3.827655310621242424e-01	-8.594492829474711382e-01	3.440814579727407008e-01
3.847695390781562530e-01	-8.151619965076650765e-01	3.547324370969499041e-01
3.867735470941883191e-01	-7.321983781980895278e-01	3.285314773479789396e-01
3.887775551102203853e-01	-6.403664491397041969e-01	2.950616851022195286e-01
3.907815631262524514e-01	-5.295784728097502336e-01	2.440040713651924209e-01
3.927855711422845175e-01	-4.097946813314506942e-01	1.850821943694660188e-01
3.947895791583165837e-01	-2.623364226834716817e-01	9.937624457401314504e-02
3.967935871743486498e-01	-7.845005369090127245e-02	-2.211210678910786875e-02
3.987975951903807159e-01	3.451305064698148573e-02	-7.227872885175382067e-02
4.008016032064127820e-01	1.346153628184393880e-01	-1.094349170983024977e-01
4.028056112224448482e-01	1.874899218955919933e-01	-9.946312653280864335e-02
4.048096192384769143e-01	3.037426457077813668e-01	-1.532182955737700358e-01
4.068136272545089804e-01	3.814002029490428103e-01	-1.689747314494950692e-01
4.088176352705410466e-01	4.507564164410631791e-01	-1.772715322251731118e-01
4.108216432865731127e-01	4.121671298039022435e-01	-7.870648160194226861e-02
4.128256513026051788e-01	4.224046503621385340e-01	-3.028953316654275918e-02
4.148296593186372450e-01	4.285938922353188518e-01	2.062198816103660848e-02
4.168336673346693111e-01	4.353472357429196693e-01	6.918944762053891306e-02
4.188376753507013772e-01	4.809607729386928265e-01	7.689755158125882728e-02
4.208416833667334433e-01	5.373822856812656701e-01	7.158723802953959048e-02
4.228456913827655095e-01	5.645885056402569768e-01	9.307925373313663542e-02
4.248496993987975756e-01	6.400430699304172633e-01	6.371700107276045966e-02
4.268537074148296417e-01	6.244668582150532110e-01	1.225969655198654307e-01
4.288577154308617079e-01	6.398561637833533045e-01	1.475512682265290865e-01
4.308617234468937740e-01	6.186145050687537061e-01	2.060165343928208603e-01
4.328657314629258401e-01	6.268584133395680436e-01	2.317287389864962632e-01
4.348697394789579063e-01	6.405754844807867165e-01	2.485657393862940046e-01
4.368737474949899169e-01	7.249155906636994828e-01	1.912565968364758895e-01
4.388777555110219830e-01	7.677995101681595047e-01	1.717734263353583035e-01
4.408817635270540491e-01	7.300690516569403599e-01	2.291816967575782682e-01
4.428857715430861153e-01	7.472765471932161230e-01	2.278511052374696533e-01
4.448897795591181814e-01	7.453776683240935785e-01	2.417630700348188943e-01
4.468937875751502475e-01	8.321610107608745643e-01	1.630813951281639973e-01
4.488977955911823137e-01	7.997212731124819785e-01	1.996792800914842791e-01
4.509018036072143798e-01	7.930449719033536571e-01	2.065537322756337835e-01
4.529058116232464459e-01	7.945250352046243636e-01	2.013110384616874082e-01
4.549098196392785121e-01	8.388469371325578683e-01	1.492806334735565787e-01
4.569138276553105782e-01	8.149679693361669974e-01	1.615357696156081158e-01
4.589178356713426443e-01	8.256257712479647681e-01	1.353848653954203840e-01
4.609218436873747105e-01	7.099854346950617012e-01	2.317242184140139161e-01
4.629258517034067766e-01	6.825591120070414464e-01	2.361181540102508247e-01
4.649298597194388427e-01	6.361797947212564086e-01	2.558249435225999902e-01
4.669338677354709088e-01	6.435577570550637949e-01	2.182399991994754540e-01
4.689378757515029750e-01	5.767952295929423823e-01	2.513807817430757652e-01
4.709418837675350411e-01	6.145136791238895446e-01	1.767590462106302107e-01
4.729458917835671072e-01	6.678162675623026123e-01	8.341785521906486256e-02
4.749498997995991734e-01	5.490271182187573817e-01	1.591917332782969430e-01
4.769539078156312395e-01	5.483236087163613215e-01	1.140737452532682994e-01
4.789579158316633056e-01	5.754320273278176190e-01	3.851916467041216485e-02
4.809619238476953718e-01	5.176558958602879290e-01	4.541643141747775392e-02
4.829659318637274379e-01	4.436924275520297001e-01	6.626993322333590841e-02
4.849699398797595040e-01	4.054340565762623583e-01	4.939767733616362566e-02
4.869739478957915702e-01	4.140931153593006009e-01	-1.619422064178893672e-02
4.889779559118235808e-01	3.853824977643386385e-01	-4.599306551024073819e-02
4.909819639278556469e-01	2.473614010412535091e-01	3.217378171161869305e-02
4.929859719438877130e-01	2.359223180715303569e-01	-1.734900708107769973e-02
4.949899799599197792e-01	2.636349333455495492e-01	-1.068895627911297663e-01
4.969939879759518453e-01	2.113566519490968909e-01	-1.170603052308570452e-01
4.989979959919839114e-01	6.256282908338681170e-02	-3.108914336479821211e-02
5.010020040080159776e-01	5.171905162286501156e-02	-8.319273734144883026e-02
5.030060120240480437e-01	-8.673889597376485683e-03	-8.562245712085861382e-02
5.050100200400801098e-01	-2.924373950458022259e-02	-1.275016310498348349e-01
5.070140280561121759e-01	-1.184190284189175907e-01	-1.001542825715321244e-01
5.090180360721442421e-01	-1.509443672583880292e-01	-1.285908154944796211e-01
5.110220440881763082e-01	-1.817091329387827692e-01	-1.576802993153089694e-01
5.130260521042083743e-01	-2.634526444257522804e-01	-1.344462502917549984e-01
5.150300601202404405e-01	-3.854878810957730884e-01	-6.934385281665178535e-02
5.170340681362725066e-01	-4.914614315822259938e-01	-1.850092919313850448e-02
5.190380761523045727e-01	-5.336158945075080151e-01	-2.945643277025666862e-02
5.210420841683366389e-01	-6.149083673846933440e-01	9.571753864658916200e-04
5.230460921843687050e-01	-6.431826273051347576e-01	-1.921472666449253186e-02
5.250501002004007711e-01	-7.675190785638112967e-01	5.930022706675919242e-02
5.270541082164328373e-01	-7.704230834914393977e-01	1.918896071007392123e-02
5.290581162324649034e-01	-8.581511466467165450e-01	6.687842131219856601e-02
5.310621242484969695e-01	-8.865407988553108964e-01	5.836478751929441433e-02
5.330661322645290356e-01	-8.881985243456171908e-01	2.640076809107949618e-02
5.350701402805611018e-01	-9.098267380912048452e-01	1.782199984735066689e-02
5.370741482965931679e-01	-9.123628206613372260e-01	-6.314445355953157701e-03
5.390781563126252340e-01	-9.156420499629023269e-01	-2.606760314617173613e-02
5.410821643286573002e-01	-9.499394346925297272e-01	-1.107120195085409264e-02
5.430861723446893663e-01	-1.063086101381403914e+00	8.658236242962902285e-02
5.450901803607214324e-01	-9.238303752314374062e-01	-6.429719537467692980e-02
5.470941883767534986e-01	-9.216817540508717155e-01	-7.415431961543994532e-02
5.490981963927855647e-01	-9.996664546527997963e-01	6.775047381246679379e-05
5.511022044088176308e-01	-9.826522807029022255e-01	-1.674827250106414311e-02
5.531062124248496970e-01	-9.336245324777665555e-01	-6.161787341127233919e-02
5.551102204408817631e-01	-9.014102996869320927e-01	-8.573043867198082424e-02
5.571142284569138292e-01	-9.794490627736468502e-01	4.321410342960407824e-03
5.591182364729458953e-01	-8.493714336394242448e-01	-1.098793147750951604e-01
5.611222444889779615e-01	-8.211208304089477883e-01	-1.184521060945710191e-01
5.631262525050100276e-01	-7.371251919817615184e-01	-1.790469955184157413e-01
5.651302605210419827e-01	-7.620890074695426675e-01	-1.270522163975410512e-01
5.671342685370740488e-01	-7.033887469340895926e-01	-1.551984053919780449e-01
5.691382765531061150e-01	-6.286755216152939418e-01	-1.959555178462824010e-01
5.711422845691381811e-01	-5.841083462220414413e-01	-2.032990857878427260e-01
5.731462925851702472e-01	-6.285140071456213340e-01	-1.185498165892993061e-01
5.751503006012023134e-01	-5.770572546831090888e-01	-1.267028163200707436e-01
5.771543086172343795e-01	-4.856363908231859927e-01	-1.720313685502111722e-01
5.791583166332664456e-01	-4.276023419563601546e-01	-1.813671817544489917e-01
5.811623246492985118e-01	-4.256881135753463608e-01	-1.321702109446092899e-01
5.831663326653305779e-01	-4.124831531334957613e-01	-9.205353022996692891e-02
5.851703406813626440e-01	-2.701259902147444270e-01	-1.790898901816153077e-01
5.871743486973947102e-01	-2.739765025143790500e-01	-1.181386146812211102e-01
5.891783567134267763e-01	-2.572591690913486606e-01	-7.620147911061586621e-02
5.911823647294588424e-01	-1.472594896315212176e-01	-1.262253945843751779e-01
5.931863727454909085e-01	-1.802630496626207723e-01	-3.216242183693338030e-02
5.951903807615229747e-01	-7.309618874415485523e-02	-7.742816138986294283e-02
5.971943887775550408e-01	-3.747439765230217018e-02	-5.055239771048416347e-02
5.991983967935871069e-01	-2.901981158836217795e-02	3.839365868222286565e-03
6.012024048096191731e-01	-6.023946240483241121e-02	9.800514060960174856e-02
6.032064128256512392e-01	7.101264536344982503e-02	2.954951511655633245e-02
6.052104208416833053e-01	9.673191405235155582e-02	6.622826405710226239e-02
6.072144288577153715e-01	3.603423829664580136e-02	1.886782486653342250e-01
6.092184368737474376e-01	1.512558677323538325e-01	1.343185337121993728e-01
6.112224448897795037e-01	1.757244274620553548e-01	1.695803365754248171e-01
6.132264529058115698e-01	1.721094455475090934e-01	2.315574553025971094e-01
6.152304609218436360e-01	1.156356951447612968e-01	3.447938642659496011e-01
6.172344689378757021e-01	2.119109962730973684e-01	3.034568287016304877e-01
6.192384769539077682e-01	2.520613591144013066e-01	3.162026526061333387e-01
6.212424849699398344e-01	3.077548405355848837e-01	3.111536847659781557e-01
6.232464929859719005e-01	3.669312193686866119e-01	3.001694739682936874e-01
6.252505010020039666e-01	3.875321257093357064e-01	3.251174348408919501e-01
6.272545090180360328e-01	4.230873191314749038e-01	3.322873262732949362e-01
6.292585170340680989e-01	4.852772891914717834e-01	3.098293660475480160e-01
6.312625250501001650e-01	5.093264864027191585e-01	3.223616706640384244e-01
6.332665330661322312e-01	5.277699785118529219e-01	3.372042228732688995e-01
6.352705410821642973e-01	6.113993847879631849e-01	2.834335117304365159e-01
6.372745490981963634e-01	6.210615180815107772e-01	3.000844131403413995e-01
6.392785571142284295e-01	6.539093076253358339e-01	2.898997358494918020e-01
6.412825651302604957e-01	6.908996338012238780e-01	2.718327998044041127e-01
6.432865731462925618e-01	6.840027151510172931e-01	2.938384049601574510e-01
6.452905811623246279e-01	7.456054391440257723e-01	2.434697976175598244e-01
6.472945891783566941e-01	7.240577353076050882e-01	2.723325345048159818e-01
6.492985971943887602e-01	7.033346061001219951e-01	2.964226282845590088e-01
6.513026052104208263e-01	6.895971966697084232e-01	3.095655926439556671e-01
6.533066132264528925e-01	7.485805914794221305e-01	2.460286985321976649e-01
6.553106212424849586e-01	8.781664153231719672e-01	1.079483638115590338e-01
6.573146292585170247e-01	8.487029739109629434e-01	1.250099411804412863e-01
6.593186372745490909e-01	9.089767350551404279e-01	4.847610362001009143e-02
6.613226452905811570e-01	9.552785268841018640e-01	-1.787954853360040897e-02
6.633266533066132231e-01	8.914491277466058960e-01	2.218166721688707987e-02
6.653306613226452892e-01	9.004631995952666612e-01	-1.422073270699786285e-02
6.673346693386772444e-01	8.592196989507239202e-01	-3.877182093354969439e-03
6.693386773547093105e-01	6.874467375486165155e-01	1.336066444057165681e-01
6.713426853707413766e-01	6.801243706088451191e-01	1.033865578636464777e-01
6.733466933867734427e-01	6.067110480347238655e-01	1.361528655274971689e-01
6.753507014028055089e-01	5.698039445148394000e-01	1.294694512850020907e-01
6.773547094188375750e-01	5.153711902040893911e-01	1.375409068096040688e-01
6.793587174348696411e-01	5.661503599325894420e-01	3.781335796348528344e-02
6.813627254509017073e-01	5.967713773625382689e-01	-4.414916724970108231e-02
6.833667334669337734e-01	5.705713288912485082e-01	-7.148032109641716536e-02
6.853707414829658395e-01	4.894304002212483962e-01	-4.584817876497560007e-02
6.873747494989979057e-01	4.109474314323552369e-01	-2.463163389827360827e-02
6.893787575150299718e-01	3.551800241213425857e-01	-2.766137724297107470e-02
6.913827655310620379e-01	2.672017820127427501e-01	2.219636346046938158e-04
6.933867735470941041e-01	1.751322567650986373e-01	3.113695540410163498e-02
6.953907815631261702e-01	1.238870299397041852e-01	2.041033348910820111e-02
6.973947895791582363e-01	9.412386586110427222e-02	-1.237011094327863936e-02
6.993987975951903024e-01	5.012893352691380477e-02	-3.124272587437148391e-02
7.014028056112223686e-01	-2.906258035196786910e-02	-1.499359343305671499e-02
7.034068136272544347e-01	-1.375470952315934192e-01	3.072310693952810812e-02
7.054108216432865008e-01	-5.713486141448320677e-02	-1.120336650503296061e-01
7.074148296593185670e-01	-1.327449765644541091e-01	-9.809777951315956646e-02
7.094188376753506331e-01	-1.877018550812071529e-01	-1.039004458351923399e-01
7.114228456913826992e-01	-2.483286059511725929e-01	-1.028778031368638157e-01
7.134268537074147654e-01	-4.006504485291543238e-01	-8.768458439648518787e-03
7.154308617234468315e-01	-4.603186133238968414e-01	-5.690521688131000566e-03
7.174348697394788976e-01	-5.436710610110632169e-01	2.291819930413807604e-02
7.194388777555109638e-01	-6.297586763833233903e-01	5.632550431616700770e-02
7.214428857715430299e-01	-6.161084808500773002e-01	-7.732846278529548201e-03
7.234468937875750960e-01	-6.726416611065249018e-01	8.640700558029124068e-04
7.254509018036071621e-01	-6.490013197362789477e-01	-6.805070280784508707e-02
7.274549098196392283e-01	-6.552935980217974299e-01	-1.041916294667798448e-01
7.294589178356712944e-01	-6.372592952209781281e-01	-1.616497745381715312e-01
7.314629258517033605e-01	-6.310745876644009433e-01	-2.040927497796137802e-01
7.334669338677354267e-01	-6.733668621752992856e-01	-1.947494996387904020e-01
7.354709418837674928e-01	-7.435519400346769503e-01	-1.540736465572464242e-01
7.374749498997995589e-01	-7.979498638797315468e-01	-1.256282213844479578e-01
7.394789579158316251e-01	-8.685739125801181792e-01	-7.729711180780574065e-02
7.414829659318636912e-01	-8.765046120309522015e-01	-8.791145902399111201e-02
7.434869739478957573e-01	-9.402322599023174021e-01	-3.890748299722712744e-02
7.454909819639278235e-01	-9.197149793308243559e-01	-7.026871993216743384e-02
7.474949899799598896e-01	-9.182161138608369022e-01	-7.868885850003815019e-02
7.494989979959919557e-01	-8.996963642058768418e-01	-1.001797733315604733e-01
7.515030060120240218e-01	-8.922823859507682531e-01	-1.066030359814822415e-01
7.535070140280560880e-01	-8.785248909403551298e-01	-1.154118601883084017e-01
7.555110220440881541e-01	-9.259599556435398338e-01	-5.908977795564207547e-02
7.575150300601202202e-01	-9.506931715495124946e-01	-2.156641145990179087e-02
7.595190380761522864e-01	-9.128780887849067271e-01	-4.273888990353746919e-02
7.615230460921843525e-01	-9.906200980742767559e-01	5.543223325577861793e-02
7.635270541082164186e-01	-1.000562233067811890e+00	8.950904392822001121e-02
7.655310621242484848e-01	-1.098937050930232973e+00	2.156284687257272736e-01
7.675350701402805509e-01	-1.140647015516790708e+00	2.885830370617842311e-01
7.695390781563125060e-01	-1.085126762436194214e+00	2.676835818154597035e-01
7.715430861723445721e-01	-1.098916471197526556e+00	3.193331020307421664e-01
7.735470941883766383e-01	-1.119536896519173208e+00	3.809023377854323655e-01
7.755511022044087044e-01	-1.107108929875258108e+00	4.123499261513343672e-01
7.775551102204407705e-01	-9.747998579092443938e-01	3.266693025200848588e-01
7.795591182364728366e-01	-8.937020230795695852e-01	2.947680501120472085e-01
7.815631262525049028e-01	-7.891421018230202478e-01	2.417779102244372869e-01
7.835671342685369689e-01	-7.448580740918089305e-01	2.512325241738566084e-01
7.855711422845690350e-01	-6.916349982569804933e-01	2.537040178652985589e-01
7.875751503006011012e-01	-6.959947208870805868e-01	3.154935552883672556e-01
7.895791583166331673e-01	-6.541653347723970224e-01	3.326016709678956684e-01
7.915831663326652334e-01	-5.906430615733617717e-01	3.292910542827529041e-01
7.935871743486972996e-01	-4.902301021029648043e-01	2.901253250899178404e-01
7.955911823647293657e-01	-3.247425548529492834e-01	1.866778975970918020e-01
7.975951903807614318e-01	-1.717469545971703759e-01	9.626948057135206738e-02
7.995991983967934980e-01	-4.340681535189746393e-02	3.081559435343775993e-02
8.016032064128255641e-01	4.859036120143113424e-02	1.754561923594341599e-03
8.036072144288576302e-01	9.286069544289884958e-02	2.022088651348460941e-02
8.056112224448896963e-01	1.829812442813406603e-01	-7.611074739129863875e-03
8.076152304609217625e-01	2.685817559000177601e-01	-3.161788054614869670e-02
8.096192384769538286e-01	2.674503707727916013e-01	3.016827146971523543e-02
8.116232464929858947e-01	3.123479498440484559e-01	4.474618364011967442e-02
8.136272545090179609e-01	4.297258685400393574e-01	-1.457118345684466076e-02
8.156312625250500270e-01	4.427960519443533971e-01	2.877418761618927290e-02
8.176352705410820931e-01	4.586354482275601940e-01	6.748180929943714546e-02
8.196392785571141593e-01	4.746832739383487487e-01	1.038963294909479584e-01
8.216432865731462254e-01	4.066722577185046816e-01	2.220771442409869012e-01
8.236472945891782915e-01	4.848981625077265489e-01	1.915296992264469145e-01
8.256513026052103577e-01	4.793923782670340139e-01	2.420336847127556035e-01
8.276553106212424238e-01	5.527517251858049541e-01	2.108139809171798440e-01
8.296593186372744899e-01	6.735489582776399420e-01	1.291308599022020775e-01
8.316633266533065560e-01	7.543887244914930790e-01	8.422469007315580569e-02
8.336673346693386222e-01	7.912070275494016425e-01	8.001708544725028016e-02
8.356713426853706883e-01	8.333516410889160175e-01	6.703105668256248428e-02
8.376753507014027544e-01	9.074863149220765424e-01	1.848731681969428831e-02
8.396793587174348206e-01	1.026813732812224877e+00	-7.891821869393145228e-02
8.416833667334668867e-01	1.072746887219067746e+00	-1.066854049615297839e-01
8.436873747494989528e-01	1.112368611331584711e+00	-1.319690554877919197e-01
8.456913827655310190e-01	1.044259362767920196e+00	-5.340644066602140416e-02
8.476953907815630851e-01	1.101942846380947749e+00	-1.045626854703722852e-01
8.496993987975951512e-01	1.128613875068851691e+00	-1.286584661445212552e-01
8.517034068136272174e-01	1.108163048591963129e+00	-1.095945865383165518e-01
8.537074148296592835e-01	1.091996325082277730e+00	-9.877150918490307241e-02
8.557114228456913496e-01	9.572785612868602856e-01	2.666708268026851680e-02
8.577154308617234157e-01	9.183321503756278759e-01	5.243556341433874834e-02
8.597194388777554819e-01	8.800625311236800474e-01	7.368071009810461813e-02
8.617234468937875480e-01	8.524979296393619954e-01	8.044175390933372416e-02
8.637274549098196141e-01	7.539980991918230346e-01	1.544413730043732169e-01
8.657314629258516803e-01	7.580442119675435686e-01	1.222954741376856003e-01
8.677354709418837464e-01	7.145924559841692059e-01	1.341592110851791420e-01
8.697394789579158125e-01	6.213226754028043919e-01	1.924779031543565333e-01
8.717434869739478787e-01	5.728430508597357473e-01	2.027818589084221523e-01
8.737474949899798338e-01	5.942744078828270382e-01	1.401015190042221858e-01
8.757515030060118999e-01	5.361554965686947671e-01	1.540615771422276792e-01
8.777555110220439660e-01	5.057737699371550599e-01	1.375495540870560474e-01
8.797595190380760322e-01	5.130962020681604230e-01	8.078428621936140086e-02
8.817635270541080983e-01	4.925989881222310185e-01	4.948548926532903014e-02
8.837675350701401644e-01	4.132198883568153902e-01	7.492063800858361766e-02
8.857715430861722306e-01	3.719585728332680530e-01	6.030380836572024617e-02
8.877755511022042967e-01	3.657499616184064495e-01	8.921490243760599181e-03
8.897795591182363628e-01	4.121028518666155493e-01	-9.650691685053724989e-02
8.917835671342684289e-01	3.953854792470016255e-01	-1.401155694377954064e-01
8.937875751503004951e-01	4.049306396729010493e-01	-2.109982293040881529e-01
8.957915831663325612e-01	2.613108750902216615e-01	-1.294843964313137918e-01
8.977955911823646273e-01	1.800420958479696520e-01	-1.108438943902900348e-01
8.997995991983966935e-01	1.283705717406421476e-01	-1.220748364704005995e-01
9.018036072144287596e-01	2.596151375210932477e-02	-8.259319071175824645e-02
9.038076152304608257e-01	3.748095704608908618e-02	-1.568156504888375546e-01
9.058116232464928919e-01	-7.013083550747795103e-02	-1.114340260216529765e-01
9.078156312625249580e-01	-1.245813104317101683e-01	-1.184942917382149630e-01
9.098196392785570241e-01	-1.476636241996392429e-01	-1.559595627554749009e-01
9.118236472945890903e-01	-1.034119880201350705e-01	-2.595557158359264593e-01
9.138276553106211564e-01	-2.300795797858277147e-01	-1.907944280602855147e-01
9.158316633266532225e-01	-3.731409915519570686e-01	-1.039716610806089570e-01
9.178356713426852886e-01	-4.149866761768273293e-01	-1.164741236313076578e-01
9.198396793587173548e-01	-4.814857226896648856e-01	-1.022173791298585654e-01
9.218436873747494209e-01	-5.405184418498226728e-01	-9.311411340462283359e-02
9.238476953907814870e-01	-6.262026672456337817e-01	-5.484865382042902748e-02
9.258517034068135532e-01	-7.145070982884502708e-01	-1.126441019634827345e-02
9.278557114228456193e-01	-7.236133498199711633e-01	-4.400256969141047581e-02
9.298597194388776854e-01	-7.671369236520367840e-01	-3.928182738912466831e-02
9.318637274549097516e-01	-6.788099134565750425e-01	-1.632163383810428803e-01
9.338677354709418177e-01	-7.826519442949608774e-01	-9.164538745692107913e-02
9.358717434869738838e-01	-8.547845519541299453e-01	-4.831956882021304356e-02
9.378757515030059499e-01	-9.933793736896240345e-01	6.504689798649321286e-02
9.398797595190380161e-01	-9.661305628127916378e-01	1.624813039089534339e-02
9.418837675350700822e-01	-1.080635416773981783e+00	1.129668147791976773e-01
9.438877755511021483e-01	-1.106321169452574305e+00	1.247006604434500732e-01
9.458917835671342145e-01	-1.173109601131015589e+00	1.814267303058116898e-01
9.478957915831662806e-01	-1.238031915924018067e+00	2.402160992973905174e-01
9.498997995991983467e-01	-1.147214303721411977e+00	1.472192583181058945e-01
9.519038076152304129e-01	-1.089932730415039686e+00	9.172080817395145136e-02
9.539078156312624790e-01	-9.746555278549003942e-01	-1.781798468159911941e-02
9.559118236472945451e-01	-9.826337511909545297e-01	-1.688028100605976078e-04
9.579158316633266113e-01	-9.054135793792449372e-01	-6.382378718655401517e-02
9.599198396793586774e-01	-8.338317300989457337e-01	-1.179999704449506970e-01
9.619238476953907435e-01	-6.823673938997576460e-01	-2.482871297517689202e-01
9.639278557114228096e-01	-6.151043143111610823e-01	-2.906854334211964597e-01
9.659318637274548758e-01	-6.943667634980387193e-01	-1.829691327695682768e-01
9.679358717434869419e-01	-6.992646389091060621e-01	-1.461410750802939473e-01
9.699398797595190080e-01	-6.121483730833404691e-01	-1.979773470609073049e-01
9.719438877755510742e-01	-7.228588989625716055e-01	-4.877680821421059854e-02
9.739478957915831403e-01	-6.254497672984974388e-01	-1.046384195216497615e-01
9.759519038076150954e-01	-5.635502344032423672e-01	-1.220975513846030980e-01
9.779559118236471615e-01	-5.285311724422451229e-01	-1.099594210192748056e-01
9.799599198396792277e-01	-5.001376193223261435e-01	-8.866584483708150888e-02
9.819639278557112938e-01	-4.246639857443607613e-01	-1.121192910057317582e-01
9.839679358717433599e-01	-4.302412469826421004e-01	-5.239490756263337490e-02
9.859719438877754261e-01	-3.371155115798007418e-01	-8.946113698282021076e-02
9.879759519038074922e-01	-3.092343298332915769e-01	-5.959255756162529227e-02
9.899799599198395583e-01	-1.475906377065674402e-01	-1.620250593474668044e-01
9.919839679358716245e-01	-1.577718307397994457e-01	-9.140586353745658310e-02
9.939879759519036906e-01	-1.813038458726611291e-01	-6.448511015922697709e-03
9.959919839679357567e-01	-1.672734095389923903e-01	4.169033464037602554e-02
9.979959919839678228e-01	-1.921923880589647415e-01	1.292762019560739772e-01
1.000000000000000000e+00	-1.296301653863389247e-01	1.296301653863377035e-01
