# Time	RLS_Output	RLS_Error
0.000000000000000000e+00	0.000000000000000000e+00	0.000000000000000000e+00
1.001001001001000992e-03	0.000000000000000000e+00	0.000000000000000000e+00
2.002002002002001985e-03	0.000000000000000000e+00	0.000000000000000000e+00
3.003003003003002977e-03	0.000000000000000000e+00	0.000000000000000000e+00
4.004004004004003969e-03	0.000000000000000000e+00	0.000000000000000000e+00
5.005005005005004962e-03	0.000000000000000000e+00	0.000000000000000000e+00
6.006006006006005954e-03	0.000000000000000000e+00	0.000000000000000000e+00
7.007007007007006946e-03	0.000000000000000000e+00	0.000000000000000000e+00
8.008008008008007939e-03	0.000000000000000000e+00	0.000000000000000000e+00
9.009009009009008931e-03	0.000000000000000000e+00	0.000000000000000000e+00
1.001001001001000992e-02	0.000000000000000000e+00	0.000000000000000000e+00
1.101101101101101092e-02	0.000000000000000000e+00	0.000000000000000000e+00
1.201201201201201191e-02	0.000000000000000000e+00	0.000000000000000000e+00
1.301301301301301290e-02	0.000000000000000000e+00	0.000000000000000000e+00
1.401401401401401389e-02	0.000000000000000000e+00	0.000000000000000000e+00
1.501501501501501488e-02	0.000000000000000000e+00	0.000000000000000000e+00
1.601601601601601588e-02	0.000000000000000000e+00	0.000000000000000000e+00
1.701701701701701513e-02	0.000000000000000000e+00	0.000000000000000000e+00
1.801801801801801786e-02	0.000000000000000000e+00	0.000000000000000000e+00
1.901901901901902059e-02	0.000000000000000000e+00	0.000000000000000000e+00
2.002002002002001985e-02	0.000000000000000000e+00	0.000000000000000000e+00
2.102102102102101910e-02	0.000000000000000000e+00	0.000000000000000000e+00
2.202202202202202183e-02	0.000000000000000000e+00	0.000000000000000000e+00
2.302302302302302456e-02	0.000000000000000000e+00	0.000000000000000000e+00
2.402402402402402382e-02	0.000000000000000000e+00	0.000000000000000000e+00
2.502502502502502307e-02	0.000000000000000000e+00	7.076624788865043536e-01
2.602602602602602580e-02	3.232099337064638922e-01	4.063181574157245235e-01
2.702702702702702853e-02	4.906626551015296211e-01	2.600096501511947045e-01
2.802802802802802778e-02	5.921535118721494850e-01	1.789207008265751853e-01
2.902902902902902704e-02	6.409652294688177321e-01	1.497484094462759874e-01
3.003003003003002977e-02	7.692114464948913710e-01	4.035971684585260011e-02
3.103103103103103250e-02	8.001667183692893204e-01	2.746142023344189109e-02
3.203203203203203175e-02	8.167138846929593576e-01	2.815282426285836692e-02
3.303303303303303101e-02	7.798922598791311334e-01	8.137756806009965871e-02
3.403403403403403027e-02	7.850301026636261614e-01	9.179117256952729065e-02
3.503503503503503647e-02	8.441768457508472823e-01	4.732882694743667518e-02
3.603603603603603572e-02	8.637960093459117195e-01	4.151249023668490690e-02
3.703703703703703498e-02	9.185732862065032478e-01	-3.571793262292510818e-04
3.803803803803804118e-02	9.481433703830892679e-01	-1.792763955448506419e-02
3.903903903903904044e-02	9.858849598744906517e-01	-4.458945434498740035e-02
4.004004004004003969e-02	1.004360447297566017e+00	-5.291597261438929500e-02
4.104104104104103895e-02	9.388048204277062991e-01	2.184778199461467896e-02
4.204204204204203821e-02	8.658267534101601326e-01	1.030840298259894094e-01
4.304304304304304440e-02	9.448814607948126110e-01	3.132939017961700046e-02
4.404404404404404366e-02	9.882738154223015270e-01	-5.728228499673804208e-03
4.504504504504504292e-02	9.884318312397366579e-01	-5.231042995585966082e-04
4.604604604604604912e-02	9.501509312395484130e-01	4.214403641526531796e-02
4.704704704704704837e-02	1.000345764289366945e+00	-4.645792582529284509e-03
4.804804804804804763e-02	1.062916718056758913e+00	-6.479634601861261611e-02
4.904904904904904689e-02	1.051146831510627599e+00	-5.159305628886379225e-02
5.005005005005004615e-02	1.070468622681455484e+00	-7.046985885285805828e-02
5.105105105105105234e-02	9.985010210368305827e-01	9.538767922386837128e-04
5.205205205205205160e-02	1.022195720459440071e+00	-2.427300543119681464e-02
5.305305305305305086e-02	9.809392257312541386e-01	1.446450480275840444e-02
5.405405405405405705e-02	9.460021067133403960e-01	4.589832854553643759e-02
5.505505505505505631e-02	9.241725127567322895e-01	6.324378070005665098e-02
5.605605605605605557e-02	9.279857584844678486e-01	5.396998081303883144e-02
5.705705705705705483e-02	1.009862106417150240e+00	-3.433793393531148208e-02
5.805805805805805409e-02	1.044537338576528862e+00	-7.640938567441002416e-02
5.905905905905906028e-02	1.004268782335107968e+00	-4.449438798191895916e-02
6.006006006006005954e-02	1.017732926719781439e+00	-6.726116941966986396e-02
6.106106106106105880e-02	1.040034866769101285e+00	-9.980562605934228948e-02
6.206206206206206499e-02	9.902444784818335011e-01	-6.118750552747076465e-02
6.306306306306305731e-02	9.330176000063862274e-01	-1.605159821037271950e-02
6.406406406406406351e-02	9.163788092934119778e-01	-1.241052583139579113e-02
6.506506506506506970e-02	9.389658288934671360e-01	-4.888915807156124504e-02
6.606606606606606202e-02	9.116295089140180608e-01	-3.632460823620498047e-02
6.706706706706706822e-02	9.527304189676983892e-01	-9.306283878695320588e-02
6.806806806806806054e-02	8.817906879871830750e-01	-3.861051560096040447e-02
6.906906906906906674e-02	8.756725087365631044e-01	-4.981352777301983892e-02
7.007007007007007293e-02	9.105925729383210765e-01	-1.028714388645143307e-01
7.107107107107106525e-02	9.178077185272780492e-01	-1.290231510946465709e-01
7.207207207207207145e-02	9.050474281952470834e-01	-1.359794216209301299e-01
7.307307307307307764e-02	8.902388246902133151e-01	-1.416478763552226905e-01
7.407407407407406996e-02	8.966805992652635560e-01	-1.693069576922147101e-01
7.507507507507507616e-02	8.742902892672239634e-01	-1.688532221212708517e-01
7.607607607607608236e-02	8.317211294505455488e-01	-1.489182122873564662e-01
7.707707707707707467e-02	7.981924743885088214e-01	-1.386989008526127165e-01
7.807807807807808087e-02	7.855785188527188989e-01	-1.500464330083347564e-01
7.907907907907907319e-02	7.726286860294148129e-01	-1.616865374839917546e-01
8.008008008008007939e-02	7.232947153725868272e-01	-1.375466378307474979e-01
8.108108108108108558e-02	7.616714553625036910e-01	-2.016966692249082538e-01
8.208208208208207790e-02	7.549933595634964467e-01	-2.213455991613738627e-01
8.308308308308308410e-02	7.066788862680055683e-01	-1.998858522997329912e-01
8.408408408408407642e-02	7.147399028504380913e-01	-2.353027405616281431e-01
8.508508508508508261e-02	7.548235250633849036e-01	-3.032163286864895113e-01
8.608608608608608881e-02	7.735100413389044416e-01	-3.501793852823699149e-01
8.708708708708708113e-02	7.584317530611621727e-01	-3.637962503117210811e-01
8.808808808808808732e-02	7.000252412382087508e-01	-3.344751294129897357e-01
8.908908908908909352e-02	6.921489039647076291e-01	-3.560456594224917781e-01
9.009009009009008584e-02	6.973140911176479717e-01	-3.909900715108641789e-01
9.109109109109109204e-02	6.873465394587884303e-01	-4.111046550797139432e-01
9.209209209209209823e-02	6.653190778129546290e-01	-4.194324920591044892e-01
9.309309309309309055e-02	6.613775170211636523e-01	-4.460893762760733128e-01
9.409409409409409675e-02	6.536678236948288978e-01	-4.691910168913363544e-01
9.509509509509508907e-02	6.911661946679401591e-01	-5.376831427717234657e-01
9.609609609609609526e-02	6.826536060527811367e-01	-5.603160816743237849e-01
9.709709709709710146e-02	7.383175700835902244e-01	-6.472465473969495342e-01
9.809809809809809378e-02	6.740474372771091405e-01	-6.143329723938988352e-01
9.909909909909909997e-02	6.125312363282315875e-01	-5.842323782451133152e-01
1.001001001001000923e-01	6.760449805302645165e-01	-6.791897127380005506e-01
1.011011011011010985e-01	5.090877252343992687e-01	-5.436729380462165251e-01
1.021021021021021047e-01	2.849884881423348504e-01	-3.509799817689555068e-01
1.031031031031030970e-01	2.303243999193131109e-01	-3.276569182876152841e-01
1.041041041041041032e-01	-1.252178118711973730e-02	-1.160555140947487490e-01
1.051051051051051094e-01	-8.855495985815406423e-03	-1.508394318017340918e-01
1.061061061061061017e-01	-9.782742555995616041e-02	-9.282721947310829114e-02
1.071071071071071079e-01	-2.586851925431867816e-01	3.725936022162790184e-02
1.081081081081081141e-01	-2.539017269424700407e-01	1.923665557344855781e-03
1.091091091091091064e-01	-7.766667280463415701e-02	-2.046144476693373682e-01
1.101101101101101126e-01	-4.912482147522033438e-02	-2.631802227562691776e-01
1.111111111111111049e-01	-6.829881881064593999e-03	-3.351902614446036210e-01
1.121121121121121111e-01	-1.951095146647536804e-01	-1.762875191428142085e-01
1.131131131131131173e-01	-2.010216367098683898e-01	-1.993850294579354587e-01
1.141141141141141097e-01	-1.720521778958620240e-01	-2.569681761664642794e-01
1.151151151151151159e-01	-2.369197761442648209e-01	-2.202900265348143594e-01
1.161161161161161082e-01	-1.651715038752354370e-01	-3.197756328422518557e-01
1.171171171171171144e-01	-1.867961765130226881e-01	-3.254087514400914039e-01
1.181181181181181206e-01	-2.191457988662663947e-01	-3.198104234939500579e-01
1.191191191191191129e-01	-1.879541861071521158e-01	-3.772203806582405949e-01
1.201201201201201191e-01	-1.905095618487541442e-01	-4.003244731572036530e-01
1.211211211211211253e-01	-4.531105935006952690e-01	-1.627986600664842465e-01
1.221221221221221176e-01	-4.022796904904230031e-01	-2.380957361826028240e-01
1.231231231231231238e-01	-5.070136975102224053e-01	-1.571946632953915568e-01
1.241241241241241300e-01	-7.208804162002000471e-01	3.349592757108987851e-02
1.251251251251251362e-01	-6.674849848345472125e-01	-4.239590745988142118e-02
1.261261261261261146e-01	-8.542199997704524872e-01	1.225446736687745286e-01
1.271271271271271208e-01	-8.348790655613567147e-01	8.213282706340208073e-02
1.281281281281281270e-01	-8.831745947163811561e-01	1.101018013276636731e-01
1.291291291291291332e-01	-1.005458274941907648e+00	2.128233842002229537e-01
1.301301301301301394e-01	-1.071057537270310389e+00	2.596443508074445239e-01
1.311311311311311179e-01	-1.030205016295442810e+00	2.008159047703603761e-01
1.321321321321321240e-01	-1.225633360159666729e+00	3.790884698296063116e-01
1.331331331331331302e-01	-1.218812071346736969e+00	3.559485130608058823e-01
1.341341341341341364e-01	-1.198569511324567127e+00	3.202405327417983116e-01
1.351351351351351426e-01	-1.085647027859000469e+00	1.927211697094320941e-01
1.361361361361361211e-01	-9.630979517814758362e-01	5.645818900458687839e-02
1.371371371371371273e-01	-1.089865632947856211e+00	1.704085015576510820e-01
1.381381381381381335e-01	-1.003216393037124732e+00	7.185110357727075847e-02
1.391391391391391397e-01	-1.125114891044974419e+00	1.827624295106557994e-01
1.401401401401401459e-01	-1.212405386967416288e+00	2.599976040829647950e-01
1.411411411411411521e-01	-1.192883196602818385e+00	2.313618863556927696e-01
1.421421421421421305e-01	-1.237517646070066091e+00	2.678336144123785179e-01
1.431431431431431367e-01	-1.163995198952274102e+00	1.871073235907815269e-01
1.441441441441441429e-01	-9.189819753885766218e-01	-6.414374240712750197e-02
1.451451451451451491e-01	-8.310387389424666038e-01	-1.573526516910060957e-01
1.461461461461461553e-01	-9.878741611582311233e-01	-4.805525725289139238e-03
1.471471471471471337e-01	-8.706694883166472554e-01	-1.253168777224570318e-01
1.481481481481481399e-01	-8.848697911447874764e-01	-1.134383671264806992e-01
1.491491491491491461e-01	-9.408440105958969513e-01	-5.879875706633297394e-02
1.501501501501501523e-01	-9.716715993060917045e-01	-2.831727516962234681e-02
1.511511511511511585e-01	-8.758322735891955757e-01	-1.235138628727853183e-01
1.521521521521521647e-01	-8.856663172673790996e-01	-1.120488719288823543e-01
1.531531531531531432e-01	-9.386121257793819117e-01	-5.648551967088422110e-02
1.541541541541541493e-01	-9.262409073351984823e-01	-6.525518626218640428e-02
1.551551551551551555e-01	-1.006402226886234930e+00	1.948813183307485097e-02
1.561561561561561617e-01	-8.815833991700141592e-01	-9.977278158354530024e-02
1.571571571571571679e-01	-1.031013022247521560e+00	5.618517557298741139e-02
1.581581581581581464e-01	-1.125480301844181241e+00	1.581447534468909399e-01
1.591591591591591526e-01	-1.199794919816458805e+00	2.409082250918089807e-01
1.601601601601601588e-01	-1.179468064421432150e+00	2.299784240666188362e-01
1.611611611611611650e-01	-1.049253736277896865e+00	1.101000586581288854e-01
1.621621621621621712e-01	-1.012983449237771838e+00	8.509442194126237702e-02
1.631631631631631496e-01	-9.945032585748445619e-01	7.879643007467507232e-02
1.641641641641641558e-01	-1.097965780912038225e+00	1.953466532430039315e-01
1.651651651651651620e-01	-9.978464517136936829e-01	1.092075850613376531e-01
1.661661661661661682e-01	-9.931153201360903848e-01	1.193354502233617831e-01
1.671671671671671744e-01	-1.051351084688543214e+00	1.932942538328558113e-01
1.681681681681681528e-01	-9.371691001284427891e-01	9.568380282839239470e-02
1.691691691691691590e-01	-8.277930060878624374e-01	3.711349984497958054e-03
1.701701701701701652e-01	-7.105757046673183419e-01	-9.528741229035120330e-02
1.711711711711711714e-01	-7.051087295430918944e-01	-8.173896582849837777e-02
1.721721721721721776e-01	-5.093608467012286090e-01	-2.576933481543702831e-01
1.731731731731731838e-01	-5.490023746819272521e-01	-1.974998136461246778e-01
1.741741741741741623e-01	-5.822396320269036529e-01	-1.429723667334941162e-01
1.751751751751751685e-01	-5.499365277136826213e-01	-1.532681513670014484e-01
1.761761761761761746e-01	-5.192555555334308348e-01	-1.612464358218216320e-01
1.771771771771771808e-01	-5.682766652866219070e-01	-8.884971998256652181e-02
1.781781781781781870e-01	-6.146029027318700155e-01	-1.849807319495089253e-02
1.791791791791791655e-01	-6.454741320316420561e-01	3.702461103742415993e-02
1.801801801801801717e-01	-7.166711071518083731e-01	1.334747099455344532e-01
1.811811811811811779e-01	-7.369742562237974193e-01	1.796076799621548759e-01
1.821821821821821841e-01	-7.719028284128233164e-01	2.409172282835028156e-01
1.831831831831831903e-01	-8.948319012951418960e-01	3.907523455038173221e-01
1.841841841841841965e-01	-8.136858617247976211e-01	3.370108122783704863e-01
1.851851851851851749e-01	-9.160971858490838393e-01	4.672980056486213951e-01
1.861861861861861811e-01	-8.723528355312190063e-01	4.518733222620046619e-01
1.871871871871871873e-01	-8.137879669429726182e-01	4.220439142225747009e-01
1.881881881881881935e-01	-7.958957099086151343e-01	4.332744961269478501e-01
1.891891891891891997e-01	-7.170978074996819940e-01	3.839580127576243118e-01
1.901901901901901781e-01	-6.787423489420085776e-01	3.754134004673812530e-01
1.911911911911911843e-01	-6.192943988828585322e-01	3.460762452743922357e-01
1.921921921921921905e-01	-5.572298025961784917e-01	3.143926172175911526e-01
1.931931931931931967e-01	-4.603305259373572933e-01	2.481144397548494529e-01
1.941941941941942029e-01	-3.593528667754765649e-01	1.779677309028258048e-01
1.951951951951951814e-01	-2.160087579733661889e-01	6.563393615942919590e-02
1.961961961961961876e-01	-9.359330189669542999e-02	-2.562250683947882302e-02
1.971971971971971938e-01	1.102706214042761257e-01	-1.982095298153380147e-01
1.981981981981981999e-01	2.824605696621159123e-01	-3.390356188459086595e-01
1.991991991991992061e-01	3.720247172960240989e-01	-3.971799626854000675e-01
2.002002002002001846e-01	4.393085865440082283e-01	-4.330191532279412114e-01
2.012012012012011908e-01	4.390337737840811494e-01	-4.013058811053644148e-01
2.022022022022021970e-01	5.368381024725435990e-01	-4.677090578777592378e-01
2.032032032032032032e-01	5.503337025001734384e-01	-4.498718646480054373e-01
2.042042042042042094e-01	5.838751607716463621e-01	-4.521798719360223817e-01
2.052052052052052156e-01	4.061892776758205814e-01	-2.433907655107265255e-01
2.062062062062061940e-01	3.550522347805685763e-01	-1.613114835436718075e-01
2.072072072072072002e-01	2.993502419685997173e-01	-7.485883333102771875e-02
2.082082082082082064e-01	2.770603305079821777e-01	-2.204025410767207482e-02
2.092092092092092126e-01	3.215885490314341899e-01	-3.629198295738450541e-02
2.102102102102102188e-01	4.028516910227959436e-01	-8.756075244729333296e-02
2.112112112112111972e-01	4.047367644077697890e-01	-5.976323061317972973e-02
2.122122122122122034e-01	4.996452833056730936e-01	-1.253302833816543616e-01
2.132132132132132096e-01	4.223652789874204894e-01	-1.907895650343999217e-02
2.142142142142142158e-01	4.344592091567678338e-01	-2.600356143470927694e-03
2.152152152152152220e-01	3.979286641137944613e-01	6.207567328481633506e-02
2.162162162162162282e-01	3.928090924960493391e-01	9.488585131758520141e-02
2.172172172172172067e-01	3.893233204944381298e-01	1.255799697463740316e-01
2.182182182182182129e-01	5.016534087514223916e-01	3.994906279676735394e-02
2.192192192192192191e-01	5.389401889595063500e-01	2.882589713520145036e-02
2.202202202202202252e-01	4.313835968856997716e-01	1.619846649519207094e-01
2.212212212212212314e-01	4.347702392853054487e-01	1.836134426309102841e-01
2.222222222222222099e-01	4.056971730060591752e-01	2.370904366804792995e-01
2.232232232232232161e-01	5.587947796056423888e-01	1.077611335767290068e-01
2.242242242242242223e-01	5.052145522361842778e-01	1.844505367420772313e-01
2.252252252252252285e-01	5.126660128466723476e-01	1.994262725843529704e-01
2.262262262262262347e-01	5.208278031520591211e-01	2.129875221246686490e-01
2.272272272272272131e-01	6.030710955921393390e-01	1.517416319686590853e-01
2.282282282282282193e-01	5.890232495997818063e-01	1.860404792798195928e-01
2.292292292292292255e-01	6.477127606148319616e-01	1.468355432976116148e-01
2.302302302302302317e-01	5.225442381634964883e-01	2.907029470602365828e-01
2.312312312312312379e-01	5.401119554207567397e-01	2.910299268949365636e-01
2.322322322322322163e-01	5.222575553599722031e-01	3.259571445528295364e-01
2.332332332332332225e-01	5.892754774113028171e-01	2.751732780485617313e-01
2.342342342342342287e-01	5.418764976363550367e-01	3.379514981800740836e-01
2.352352352352352349e-01	6.572603288602871796e-01	2.370768842707399182e-01
2.362362362362362411e-01	7.954790383234251472e-01	1.124830215561209990e-01
2.372372372372372473e-01	6.316530112039547840e-01	2.890360518489084596e-01
2.382382382382382258e-01	7.102248905914984034e-01	2.222807468882088688e-01
2.392392392392392320e-01	8.451984699584489391e-01	9.820162831313195007e-02
2.402402402402402382e-01	8.382731738808121280e-01	1.150884984966169533e-01
2.412412412412412444e-01	7.759513256964553074e-01	1.864291835401781228e-01
2.422422422422422505e-01	7.542466461849776094e-01	2.162010443348193478e-01
2.432432432432432290e-01	8.395937273780638144e-01	1.379615115696222194e-01
2.442442442442442352e-01	8.830215311987774651e-01	1.006745949808325324e-01
2.452452452452452414e-01	7.523326425780809679e-01	2.365316371853547484e-01
2.462462462462462476e-01	8.071095298997537082e-01	1.859450592406139968e-01
2.472472472472472538e-01	9.492588157400716486e-01	4.700409495848278940e-02
2.482482482482482600e-01	9.734440948766928114e-01	2.504197699382959552e-02
2.492492492492492384e-01	8.374119106144001234e-01	1.623099636559885983e-01
2.502502502502502724e-01	8.926889834726297046e-01	1.072801123951171443e-01
2.512512512512512508e-01	8.971486081069337537e-01	1.020788840891456717e-01
2.522522522522522292e-01	9.754914698402519235e-01	2.200632675424785134e-02
2.532532532532532632e-01	9.320470296937548582e-01	6.273468978883045555e-02
2.542542542542542416e-01	9.606143598996313981e-01	3.046758676938832178e-02
2.552552552552552756e-01	9.946708442765825886e-01	-8.268707580868173146e-03
2.562562562562562540e-01	9.394602030527381409e-01	4.128671416730167465e-02
2.572572572572572325e-01	8.391749592351417375e-01	1.349469212035946386e-01
2.582582582582582664e-01	7.541128501918925586e-01	2.124207273661489204e-01
2.592592592592592449e-01	7.486531933480489176e-01	2.093363189674399827e-01
2.602602602602602788e-01	7.074771889093566246e-01	2.410209446504385511e-01
2.612612612612612573e-01	7.432965522455773355e-01	1.947722746505889946e-01
2.622622622622622357e-01	6.256218642104541816e-01	3.010900411948311817e-01
2.632632632632632697e-01	6.650606851438048972e-01	2.493779143013611366e-01
2.642642642642642481e-01	6.041478853392866499e-01	2.971131602066582333e-01
2.652652652652652820e-01	6.379099688835875304e-01	2.492823055250166231e-01
2.662662662662662605e-01	6.955516170748804461e-01	1.766945809446057725e-01
2.672672672672672389e-01	6.812009986751683677e-01	1.752365972181783027e-01
2.682682682682682729e-01	7.382499576871486280e-01	1.015321427713907765e-01
2.692692692692692513e-01	7.667891974932589116e-01	5.550698410555099382e-02
2.702702702702702853e-01	7.289312227649982212e-01	7.506590760194276069e-02
2.712712712712712637e-01	5.521398229767474630e-01	2.327632189096572324e-01
2.722722722722722422e-01	7.602108654402737198e-01	4.821932017617491795e-03
2.732732732732732761e-01	7.668987507767315304e-01	-2.249270488831267567e-02
2.742742742742742545e-01	6.407953617043176120e-01	8.224782235719263479e-02
2.752752752752752885e-01	6.434066431914150508e-01	5.755869357618192961e-02
2.762762762762762669e-01	6.711539378750982499e-01	7.040397939568676655e-03
2.772772772772773009e-01	7.071920961491215962e-01	-5.243939770938754741e-02
2.782782782782782793e-01	5.985143403958977926e-01	3.214926464665968098e-02
2.792792792792792578e-01	7.205410833559517947e-01	-1.145902070924021965e-01
2.802802802802802917e-01	7.140495379815149368e-01	-1.334105885529095481e-01
2.812812812812812702e-01	7.984967996930674161e-01	-2.437439453089492725e-01
2.822822822822823041e-01	7.430497637714988945e-01	-2.147315750254481515e-01
2.832832832832832826e-01	7.460060691600707283e-01	-2.446449765724642011e-01
2.842842842842842610e-01	7.953709531318114978e-01	-3.214627305413679248e-01
2.852852852852852950e-01	8.197363949025973096e-01	-3.737496692175211188e-01
2.862862862862862734e-01	6.796906000084385058e-01	-2.620663878019716120e-01
2.872872872872873073e-01	6.623033326012792710e-01	-2.734546040098920772e-01
2.882882882882882858e-01	6.844795727281163256e-01	-3.247908430835795279e-01
2.892892892892892642e-01	7.166865721174078274e-01	-3.865135217165702186e-01
2.902902902902902982e-01	6.324262843047485649e-01	-3.320954066929974746e-01
2.912912912912912766e-01	5.532493080588984924e-01	-2.830575871751159767e-01
2.922922922922923106e-01	6.152685700970169647e-01	-3.754831865992808715e-01
2.932932932932932890e-01	5.345380626970127613e-01	-3.253961297594455404e-01
2.942942942942942675e-01	4.543838630964375236e-01	-2.760921919384602408e-01
2.952952952952953014e-01	5.088404553996874746e-01	-3.615753507795470001e-01
2.962962962962962798e-01	3.557548717413117623e-01	-2.396619576160807230e-01
2.972972972972973138e-01	3.938193360132806742e-01	-3.090134115377709545e-01
2.982982982982982922e-01	3.448091943857128361e-01	-2.913741203926551449e-01
2.992992992992992707e-01	2.274060204987501665e-01	-2.053946365725208001e-01
3.003003003003003046e-01	7.055463977741593951e-02	-7.998871200331293674e-02
3.013013013013012831e-01	1.195413522400606415e-01	-1.604115516807709529e-01
3.023023023023023170e-01	7.446301145161743351e-02	-1.467289233722052222e-01
3.033033033033032955e-01	-1.000392665567078898e-01	-3.550897275530692787e-03
3.043043043043043294e-01	-7.020049059313894502e-02	-6.461148941344481422e-02
3.053053053053053079e-01	-1.628273020064893162e-01	-3.073184562223857386e-03
3.063063063063062863e-01	-2.778019558876023698e-01	8.097701441989862969e-02
3.073073073073073203e-01	-4.392861501491636123e-01	2.117313852730808854e-01
3.083083083083082987e-01	-4.366102251748993357e-01	1.785506557460502242e-01
3.093093093093093326e-01	-4.548324409967005599e-01	1.665232507244778781e-01
3.103103103103103111e-01	-4.546362820675841632e-01	1.363625671752762281e-01
3.113113113113112895e-01	-4.226527822173132276e-01	7.472926952302966219e-02
3.123123123123123235e-01	-4.918655783890052979e-01	1.146363140862354801e-01
3.133133133133133019e-01	-5.257283537964907438e-01	1.195663632420198019e-01
3.143143143143143359e-01	-5.506253766435200703e-01	1.159322954891240376e-01
3.153153153153153143e-01	-5.708024246648907285e-01	1.080081016975926733e-01
3.163163163163162928e-01	-5.758338684886837866e-01	8.539594057226396195e-02
3.173173173173173267e-01	-6.026820083903030589e-01	8.508544792842509530e-02
3.183183183183183051e-01	-6.536518061610449015e-01	1.094084415294661605e-01
3.193193193193193391e-01	-6.578073828058493833e-01	8.745539222794795897e-02
3.203203203203203175e-01	-6.844617903599116149e-01	8.856516972601369275e-02
3.213213213213212960e-01	-7.453154064585085781e-01	1.244634116152659731e-01
3.223223223223223299e-01	-7.175818751986042798e-01	7.238843925991167438e-02
3.233233233233233084e-01	-7.923051875366619035e-01	1.234083137923229767e-01
3.243243243243243423e-01	-8.773419867128775529e-01	1.854031177353316906e-01
3.253253253253253208e-01	-9.019850228911977519e-01	1.876883864641768485e-01
3.263263263263262992e-01	-8.800776476219159816e-01	1.441295801378137398e-01
3.273273273273273332e-01	-7.129828658222302495e-01	-4.388888618276176601e-02
3.283283283283283116e-01	-7.358902129378362966e-01	-4.115678654445142914e-02
3.293293293293293456e-01	-6.923969448311926289e-01	-1.040569146737370110e-01
3.303303303303303240e-01	-6.572997318910407394e-01	-1.577734095952211257e-01
3.313313313313313024e-01	-7.324644531741308917e-01	-1.004219804666414140e-01
3.323323323323323364e-01	-6.882359640881476892e-01	-1.616401571025386508e-01
3.333333333333333148e-01	-7.487345050518044998e-01	-1.172908987326333197e-01
3.343343343343343488e-01	-9.701298448079924697e-01	8.881153269818520268e-02
3.353353353353353272e-01	-9.819919318737100333e-01	8.625220818845513726e-02
3.363363363363363057e-01	-1.089457956912243120e+00	1.801825790983550002e-01
3.373373373373373396e-01	-1.066267881256409478e+00	1.443559915711846164e-01
3.383383383383383181e-01	-1.087006402691320650e+00	1.533696390804745180e-01
3.393393393393393520e-01	-9.811219982393979411e-01	3.668359285856903629e-02
3.403403403403403304e-01	-9.205974320425160951e-01	-3.370870168623230079e-02
3.413413413413413644e-01	-9.160980917351894126e-01	-4.713209915872329514e-02
3.423423423423423428e-01	-9.787934697749193225e-01	7.591717504543238348e-03
3.433433433433433213e-01	-1.040536124044201483e+00	6.232318891099319913e-02
3.443443443443443552e-01	-1.035372005954185104e+00	5.111519952081655660e-02
3.453453453453453337e-01	-1.039169694847245307e+00	4.984230519375176804e-02
3.463463463463463676e-01	-1.063558992498926603e+00	7.013932178111592641e-02
3.473473473473473461e-01	-1.057364887847326074e+00	6.083528489698930564e-02
3.483483483483483245e-01	-1.049490035247419240e+00	5.083592417096283178e-02
3.493493493493493585e-01	-1.046127044812535267e+00	4.633595054860917273e-02
3.503503503503503369e-01	-1.058239931223574626e+00	5.830050302328093625e-02
3.513513513513513709e-01	-1.135913749722638588e+00	1.368147835179570615e-01
3.523523523523523493e-01	-1.007940512002844180e+00	1.066997263001145946e-02
3.533533533533533277e-01	-1.004479201555276369e+00	1.002324579999869236e-02
3.543543543543543617e-01	-1.003947368481389990e+00	1.328936991195828199e-02
3.553553553553553401e-01	-1.015714344697184135e+00	2.983392124978812010e-02
3.563563563563563741e-01	-1.106769351171550175e+00	1.266413964493737776e-01
3.573573573573573525e-01	-1.136711108685313887e+00	1.633048279293111138e-01
3.583583583583583310e-01	-1.133541063334595034e+00	1.678190150192399033e-01
3.593593593593593649e-01	-1.123475283020258342e+00	1.663924270219875323e-01
3.603603603603603434e-01	-1.058397164645765720e+00	1.108999179253354894e-01
3.613613613613613773e-01	-1.066122689183479633e+00	1.291479899160418165e-01
3.623623623623623557e-01	-9.978220356998801499e-01	7.229641677820186629e-02
3.633633633633633342e-01	-9.138411489976867585e-01	6.798218247031639905e-04
3.643643643643643681e-01	-8.280282635992107787e-01	-7.186578692410761082e-02
3.653653653653653466e-01	-7.770133689924778597e-01	-1.087235394040524383e-01
3.663663663663663805e-01	-7.712864944668965661e-01	-9.941740569823087625e-02
3.673673673673673590e-01	-7.928473106366820122e-01	-6.196258067024473792e-02
3.683683683683683929e-01	-7.906294103461773970e-01	-4.744118835904875819e-02
3.693693693693693714e-01	-8.174650570785824133e-01	-3.037518028505603596e-03
3.703703703703703498e-01	-7.845535529559065635e-01	-1.756963979913761520e-02
3.713713713713713838e-01	-8.213017294712442462e-01	3.835110326278090565e-02
3.723723723723723622e-01	-7.676552179938691545e-01	4.651383622341853652e-03
3.733733733733733962e-01	-7.432857522040785536e-01	9.832104584693857063e-04
3.743743743743743746e-01	-7.150715465160151219e-01	-5.795672408570817780e-03
3.753753753753753530e-01	-6.933535268643041816e-01	-5.365535488063954972e-03
3.763763763763763870e-01	-6.349920004053856148e-01	-4.088797295729407200e-02
3.773773773773773654e-01	-6.844730713611916206e-01	3.210053483940034091e-02
3.783783783783783994e-01	-6.824559727261927389e-01	5.423597543055025394e-02
3.793793793793793778e-01	-6.139865148444381138e-01	1.054027578101190965e-02
3.803803803803803563e-01	-6.714395495542038184e-01	9.336379005383188545e-02
3.813813813813813902e-01	-6.557847592514139956e-01	1.036511128983442775e-01
3.823823823823823687e-01	-7.537692765901593539e-01	2.281237239588378429e-01
3.833833833833834026e-01	-8.012482369244648961e-01	3.026105656834728319e-01
3.843843843843843811e-01	-7.549733132476980080e-01	2.838366041646798177e-01
3.853853853853853595e-01	-7.641427056885669034e-01	3.209728450444390702e-01
3.863863863863863934e-01	-7.962659124716322534e-01	3.815011313662253767e-01
3.873873873873873719e-01	-8.084123700706703497e-01	4.224628110753403387e-01
3.883883883883884058e-01	-7.151068550809632773e-01	3.583541666667321435e-01
3.893893893893893843e-01	-6.379912272547150209e-01	3.107881863969426117e-01
3.903903903903903627e-01	-5.331426059780074445e-01	2.358127693108345579e-01
3.913913913913913967e-01	-5.108963024165290578e-01	2.437336862820074224e-01
3.923923923923923751e-01	-5.017295007567276199e-01	2.649982904650460824e-01
3.933933933933934091e-01	-5.342860602146464188e-01	3.282203488029540872e-01
3.943943943943943875e-01	-4.882557530485496788e-01	3.130593097966794525e-01
3.953953953953953659e-01	-4.174362982020538015e-01	2.732823671340944838e-01
3.963963963963963999e-01	-2.978091380793643772e-01	1.848402666502907965e-01
3.973973973973973783e-01	-1.526830508861536928e-01	7.101094902294657896e-02
3.983983983983984123e-01	-1.411664087036343385e-03	-4.888290627633005286e-02
3.993993993993993907e-01	9.448220913368460261e-02	-1.133495139181516370e-01
4.004004004004003692e-01	1.370116342192087833e-01	-1.244330163804691775e-01
4.014014014014014031e-01	9.602935527318214037e-02	-5.201725325080165663e-02
4.024024024024023816e-01	1.803658355120764667e-01	-1.049637709296757787e-01
4.034034034034034155e-01	2.460635386542069369e-01	-1.393460732828486759e-01
4.044044044044043940e-01	1.989106618570919416e-01	-6.098332388443872265e-02
4.054054054054054279e-01	2.127295101552810208e-01	-4.372868983343206062e-02
4.064064064064064064e-01	3.000104949953522615e-01	-1.001033097705475161e-01
4.074074074074073848e-01	2.854491636536564680e-01	-5.483329291121760707e-02
4.084084084084084187e-01	2.730355553932121149e-01	-1.193904498112319246e-02
4.094094094094093972e-01	2.648332642784721469e-01	2.648569899707425845e-02
4.104104104104104311e-01	1.319721935206344121e-01	1.892811501635087990e-01
4.114114114114114096e-01	2.037065517101975254e-01	1.471634991411326920e-01
4.124124124124123880e-01	1.661151410015641594e-01	2.140246571220308924e-01
4.134134134134134220e-01	2.494805422411314755e-01	1.595530996996146755e-01
4.144144144144144004e-01	3.515128085951617076e-01	8.601020186174146431e-02
4.154154154154154344e-01	4.070604276179740633e-01	5.851930417598377732e-02
4.164164164164164128e-01	4.397145765967309106e-01	5.346148530274286159e-02
4.174174174174173912e-01	5.035503267850538478e-01	1.673438519652470369e-02
4.184184184184184252e-01	6.098106319268334907e-01	-6.293175643320625401e-02
4.194194194194194036e-01	7.404202115027176401e-01	-1.674879568606990610e-01
4.204204204204204376e-01	7.505195680336314012e-01	-1.521004816427042883e-01
4.214214214214214160e-01	7.685523006979106952e-01	-1.452381327596948823e-01
4.224224224224223945e-01	6.757248530755303184e-01	-2.813197143813694900e-02
4.234234234234234284e-01	7.571645212646952450e-01	-8.593330192379300403e-02
4.244244244244244069e-01	7.974517502926605772e-01	-1.032459441519382182e-01
4.254254254254254408e-01	8.131415146104289393e-01	-9.664759112764575999e-02
4.264264264264264193e-01	8.273370307107442700e-01	-8.926349907840636089e-02
4.274274274274273977e-01	6.773002290032499317e-01	8.162306246483808092e-02
4.284284284284284317e-01	6.578743051066402447e-01	1.211482804768502231e-01
4.294294294294294101e-01	6.473776213671685875e-01	1.509739173072368601e-01
4.304304304304304440e-01	6.674299656458035912e-01	1.494610715471015316e-01
4.314314314314314225e-01	5.900301147355569986e-01	2.445926335122602380e-01
4.324324324324324564e-01	6.431460325491069607e-01	2.083831051842043314e-01
4.334334334334334349e-01	6.461907102710792161e-01	2.214027773965222545e-01
4.344344344344344133e-01	6.091503916669622765e-01	2.736495210576567194e-01
4.354354354354354473e-01	5.907563007274603262e-01	3.063770752148533560e-01
4.364364364364364257e-01	6.445074716577611218e-01	2.660722319342742059e-01
4.374374374374374597e-01	5.721953036153373251e-01	3.509302955789748157e-01
4.384384384384384381e-01	5.766217253433640888e-01	3.581369313237868779e-01
4.394394394394394165e-01	6.918188501307623861e-01	2.536485224631005453e-01
4.404404404404404505e-01	7.533384990703346773e-01	2.019026585279523056e-01
4.414414414414414289e-01	6.623785826437305069e-01	3.016917641724198296e-01
4.424424424424424629e-01	6.413007738850925454e-01	3.306454355671413214e-01
4.434434434434434413e-01	7.151940315218794364e-01	2.636669258919819292e-01
4.444444444444444198e-01	8.805351369693408259e-01	1.042726160428668614e-01
4.454454454454454537e-01	9.491719457666665249e-01	4.060876995711693027e-02
4.464464464464464322e-01	1.035385674733284356e+00	-4.161074672786035933e-02
4.474474474474474661e-01	9.037388307830607204e-01	9.304760937397360543e-02
4.484484484484484446e-01	8.791584022330155568e-01	1.196538719942535911e-01
4.494494494494494230e-01	9.055415575593237509e-01	9.430886939897664689e-02
4.504504504504504570e-01	8.603558502688640752e-01	1.395440214978848070e-01
4.514514514514514354e-01	9.636632761312688977e-01	3.529728362755857329e-02
4.524524524524524693e-01	9.167638797259083372e-01	8.026954005278186255e-02
4.534534534534534478e-01	9.278170021862343075e-01	6.630335530370512487e-02
4.544544544544544262e-01	9.684746708467104614e-01	2.174958264448823009e-02
4.554554554554554602e-01	1.084284110767215203e+00	-9.893515029959853990e-02
4.564564564564564386e-01	9.800540430276132309e-01	-5.547436464966581937e-04
4.574574574574574726e-01	8.629544973610706604e-01	1.097265573420894702e-01
4.584584584584584510e-01	8.665232145749400816e-01	9.837775411979898799e-02
4.594594594594594295e-01	8.605255177686972345e-01	9.564121697055416593e-02
4.604604604604604634e-01	8.511202497013362622e-01	9.536674003351608420e-02
4.614614614614614418e-01	7.792573961861827270e-01	1.566139093676297556e-01
4.624624624624624758e-01	7.078578866778346690e-01	2.164722928994740059e-01
4.634634634634634542e-01	7.554903143469148263e-01	1.563847099681191510e-01
4.644644644644644327e-01	7.499834247244939744e-01	1.485347313953742088e-01
4.654654654654654666e-01	8.998513523774785972e-01	-1.557856936870083420e-02
4.664664664664664451e-01	8.057686232529028825e-01	6.338436834909677575e-02
4.674674674674674790e-01	7.401373201084202602e-01	1.130364130849722537e-01
4.684684684684684575e-01	5.975753743522345118e-01	2.387754346135422256e-01
4.694694694694694914e-01	6.562842478236718957e-01	1.624166065421566163e-01
4.704704704704704699e-01	5.594621239555408465e-01	2.407791986984915145e-01
4.714714714714714483e-01	5.405604515022670586e-01	2.404300161436516703e-01
4.724724724724724823e-01	4.626454613078467837e-01	2.983218643538207981e-01
4.734734734734734607e-01	3.918742721695611109e-01	3.483174245323834017e-01
4.744744744744744946e-01	4.665140778470454608e-01	2.521700470214924827e-01
4.754754754754754731e-01	5.141654402640944976e-01	1.823004377851279445e-01
4.764764764764764515e-01	6.039285238379156207e-01	6.963040304895073973e-02
4.774774774774774855e-01	5.737025606450130155e-01	7.628336240863398121e-02
4.784784784784784639e-01	6.207073777832433636e-01	5.062799068563994531e-03
4.794794794794794979e-01	6.994099364904838856e-01	-9.847430232736109623e-02
4.804804804804804763e-01	8.398880364690441969e-01	-2.643811836991530884e-01
4.814814814814814548e-01	8.558659831514145999e-01	-3.063570050806075917e-01
4.824824824824824887e-01	7.313808709226963245e-01	-2.084131527068930900e-01
4.834834834834834671e-01	6.660004939884267561e-01	-1.700911753040367791e-01
4.844844844844845011e-01	7.244116086680845168e-01	-2.560510723354236795e-01
4.854854854854854795e-01	5.091010174385718345e-01	-6.875240450395248004e-02
4.864864864864864580e-01	5.652586442364604391e-01	-1.533573959924663388e-01
4.874874874874874919e-01	5.975305412336771038e-01	-2.144839686305082260e-01
4.884884884884884704e-01	5.631623717107467897e-01	-2.093492525844071195e-01
4.894894894894895043e-01	5.514689713817682026e-01	-2.272391758973965614e-01
4.904904904904904828e-01	5.399119221664789858e-01	-2.455860668471967490e-01
4.914914914914914612e-01	4.694663540067527951e-01	-2.053354846901445652e-01
4.924924924924924952e-01	5.095934174153787799e-01	-2.759187214511263919e-01
4.934934934934934736e-01	4.642361852874347661e-01	-2.612487332606719947e-01
4.944944944944945076e-01	5.825038683206668066e-01	-4.104043855564983856e-01
4.954954954954954860e-01	4.750431319820186959e-01	-3.340018000570984524e-01
4.964964964964965199e-01	3.401398392336432153e-01	-2.302961276911425492e-01
4.974974974974974984e-01	2.324989221909838921e-01	-1.539614506253138837e-01
4.984984984984984768e-01	1.260001958618631457e-01	-7.884662650955556740e-02
4.994994994994995108e-01	7.845369601622223521e-02	-6.273065695918138285e-02
5.005005005005005447e-01	9.436783356343862728e-02	-1.100908726204800347e-01
5.015015015015015232e-01	5.855257265412502216e-02	-1.057061420064313584e-01
5.025025025025025016e-01	4.633236754922741285e-02	-1.248698391148962000e-01
5.035035035035034801e-01	4.890509265824383167e-02	-1.587488042007432765e-01
5.045045045045044585e-01	-1.516199904646554908e-03	-1.395251320202707257e-01
5.055055055055055480e-01	-5.276788533505160500e-02	-1.193315974291173920e-01
5.065065065065065264e-01	-1.576711783538719269e-01	-4.531627367288962316e-02
5.075075075075075048e-01	-3.435541656206936301e-01	1.098794696564424356e-01
5.085085085085084833e-01	-4.268297036882693352e-01	1.626988343716639918e-01
5.095095095095094617e-01	-3.621994258082078533e-01	6.787357048892678213e-02
5.105105105105105512e-01	-4.186894760689138240e-01	9.445968058454162763e-02
5.115115115115115296e-01	-3.433369225036619898e-01	-1.047619662267651464e-02
5.125125125125125081e-01	-4.733539984288315239e-01	9.030742582566542165e-02
5.135135135135134865e-01	-5.795215193295958356e-01	1.676202710856060651e-01
5.145145145145144649e-01	-5.791960441045657104e-01	1.388474311699474661e-01
5.155155155155155544e-01	-6.048965015463257933e-01	1.365359652136645119e-01
5.165165165165165329e-01	-6.395745877783453048e-01	1.436652690939563826e-01
5.175175175175175113e-01	-6.087478167121858075e-01	8.578009849638523754e-02
5.185185185185184897e-01	-5.756294928287150059e-01	2.612051475790910793e-02
5.195195195195194682e-01	-4.081610849074619463e-01	-1.673457678624267198e-01
5.205205205205205576e-01	-4.296660575541981220e-01	-1.712695766089251115e-01
5.215215215215215361e-01	-4.927267954059090238e-01	-1.330433814458960029e-01
5.225225225225225145e-01	-5.779934545568271576e-01	-7.199246849681750771e-02
5.235235235235234930e-01	-6.245632838793673258e-01	-4.899564300749814638e-02
5.245245245245244714e-01	-6.226679105207277853e-01	-7.379796752849243635e-02
5.255255255255255609e-01	-7.150529176397530939e-01	-3.631207228785182650e-03
5.265265265265265393e-01	-7.057053772481741705e-01	-3.448631945376834373e-02
5.275275275275275177e-01	-6.244040650726230268e-01	-1.365632605890448881e-01
5.285285285285284962e-01	-7.848384921078001009e-01	3.848024461883259306e-03
5.295295295295294746e-01	-7.186019400242481536e-01	-8.163938262978243099e-02
5.305305305305305641e-01	-7.929780048491460454e-01	-2.572284951668180053e-02
5.315315315315315425e-01	-7.802238278290688500e-01	-5.612698113670622213e-02
5.325325325325325210e-01	-7.761248040318058372e-01	-7.704892916158700977e-02
5.335335335335334994e-01	-8.515737859848689917e-01	-1.757920561712911223e-02
5.345345345345344779e-01	-9.725154290649785649e-01	8.824264605620213420e-02
5.355355355355355673e-01	-9.715197566297649745e-01	7.300160050989812355e-02
5.365365365365365458e-01	-9.280836612197200797e-01	1.620863690468588025e-02
5.375375375375375242e-01	-9.639100519386405441e-01	3.957987236133231335e-02
5.385385385385385026e-01	-1.002139696051815854e+00	6.626839049800448134e-02
5.395395395395394811e-01	-1.037010739982917373e+00	9.052375024806602610e-02
5.405405405405405705e-01	-1.004977073638551488e+00	4.881033889930097569e-02
5.415415415415415490e-01	-1.076607446851031602e+00	1.117064781562924214e-01
5.425425425425425274e-01	-1.092548892637681401e+00	1.198678379345214928e-01
5.435435435435435059e-01	-9.650894396229562355e-01	-1.440985975815978204e-02
5.445445445445444843e-01	-9.064512649655619425e-01	-7.889769550205394388e-02
5.455455455455455738e-01	-9.260460291760765905e-01	-6.417822431512221204e-02
5.465465465465465522e-01	-8.567681648013053541e-01	-1.373521926886339672e-01
5.475475475475475307e-01	-1.010030245999032905e+00	1.299682622034281643e-02
5.485485485485485091e-01	-9.789398797737782765e-01	-2.002067998504897250e-02
5.495495495495495986e-01	-1.013659548095085405e+00	1.375967632833652310e-02
5.505505505505505770e-01	-1.019260096627131240e+00	1.940966966883084233e-02
5.515515515515515554e-01	-9.841726207133313364e-01	-1.463965351393781145e-02
5.525525525525525339e-01	-8.670277067018982153e-01	-1.297587334551362215e-01
5.535535535535535123e-01	-9.081747781791695839e-01	-8.560014982625496760e-02
5.545545545545546018e-01	-9.269872658475941662e-01	-6.279344987618895590e-02
5.555555555555555802e-01	-9.063806165198173836e-01	-7.842713649239052565e-02
5.565565565565565587e-01	-9.919460296086339834e-01	1.308507219477239580e-02
5.575575575575575371e-01	-9.523147193729585291e-01	-1.963149007927555978e-02
5.585585585585585155e-01	-9.994361438555012800e-01	3.536579703934961127e-02
5.595595595595596050e-01	-1.055381787141647765e+00	1.001406295433614480e-01
5.605605605605605835e-01	-9.759907754789642897e-01	3.052340288510102528e-02
5.615615615615615619e-01	-9.543683220724118454e-01	1.960966540526043467e-02
5.625625625625625403e-01	-9.584492814745089184e-01	3.532368228019555634e-02
5.635635635635635188e-01	-1.038509963573716499e+00	1.279302599816807273e-01
5.645645645645646082e-01	-1.018123288865806053e+00	1.209899129234925930e-01
5.655655655655655867e-01	-9.671003347114165427e-01	8.430042198679688070e-02
5.665665665665665651e-01	-9.355348085874717334e-01	6.794132091986970767e-02
5.675675675675675436e-01	-9.110446537240202147e-01	5.951551599070736831e-02
5.685685685685685220e-01	-8.609503454782386767e-01	2.632759723042077393e-02
5.695695695695696115e-01	-8.373143273504908279e-01	2.042329015758603816e-02
5.705705705705705899e-01	-7.748039129377476408e-01	-2.354762573665847292e-02
5.715715715715715683e-01	-8.168283361113003460e-01	3.780575052780799084e-02
5.725725725725725468e-01	-8.464970907475105610e-01	8.757379927942177122e-02
5.735735735735735252e-01	-7.160719397846483369e-01	-2.200159184769157061e-02
5.745745745745746147e-01	-6.741406871601315354e-01	-4.235323632265119986e-02
5.755755755755755931e-01	-6.745588818849922452e-01	-1.964692425573089096e-02
5.765765765765765716e-01	-6.927121960843045656e-01	2.148097674340010421e-02
5.775775775775775500e-01	-7.123938300152147240e-01	6.480094837782046646e-02
5.785785785785785285e-01	-6.980807953623944240e-01	7.476662742417627960e-02
5.795795795795796179e-01	-6.180641644401053680e-01	1.964507804917869915e-02
5.805805805805805964e-01	-6.286559648587886073e-01	5.572371021676758573e-02
5.815815815815815748e-01	-6.795161892081582611e-01	1.326373137145314685e-01
5.825825825825825532e-01	-7.107494070049981127e-01	1.904646950234185621e-01
5.835835835835835317e-01	-6.849740038002463116e-01	1.917979419007699304e-01
5.845845845845846211e-01	-7.160966384643817628e-01	2.505169066704244218e-01
5.855855855855855996e-01	-6.474078977418332714e-01	2.098848872849273794e-01
5.865865865865865780e-01	-6.151176675176396325e-01	2.060840255768939810e-01
5.875875875875875565e-01	-5.340864352974166174e-01	1.539466371738187900e-01
5.885885885885885349e-01	-5.559365888409957268e-01	2.050665379896626783e-01
5.895895895895896244e-01	-6.773271720411964125e-01	3.560738283570520357e-01
5.905905905905906028e-01	-6.082771495497503178e-01	3.169581862742044120e-01
5.915915915915915813e-01	-5.445955552876413641e-01	2.834990448755529968e-01
5.925925925925925597e-01	-5.217345523763033954e-01	2.911186816338616201e-01
5.935935935935935381e-01	-5.193718587773710205e-01	3.194646735525633607e-01
5.945945945945946276e-01	-3.962478367003577917e-01	2.272470163785076103e-01
5.955955955955956060e-01	-3.006931882740667139e-01	1.627658503014140501e-01
5.965965965965965845e-01	-3.286719220669793717e-01	2.219544566956198894e-01
5.975975975975975629e-01	-2.694545217347497079e-01	1.940524571523460362e-01
5.985985985985985414e-01	-2.073748470976922165e-01	1.633627450753069588e-01
5.995995995995996308e-01	-1.361790465919304194e-01	1.236004287531913548e-01
6.006006006006006093e-01	-1.761289594169167250e-01	1.949962642013843006e-01
6.016016016016015877e-01	-1.254880562055134541e-01	1.757826265688786360e-01
6.026026026026025662e-01	-1.536505897120075959e-01	2.353226915752117399e-01
6.036036036036035446e-01	-1.023595009318630927e-01	2.153283723609319411e-01
6.046046046046046341e-01	-8.721138802847995530e-02	2.313653190964398143e-01
6.056056056056056125e-01	-1.012466840026300385e-01	2.764431272544990437e-01
6.066066066066065909e-01	-5.738882014891025229e-02	2.634545315606013904e-01
6.076076076076075694e-01	-9.137932205958922138e-02	3.281105323512660821e-01
6.086086086086086588e-01	-5.671347730360515316e-03	2.728339638648809018e-01
6.096096096096096373e-01	1.637203866449887107e-02	2.809577980026745081e-01
6.106106106106106157e-01	-5.672144662122754338e-02	3.839244874789988216e-01
6.116116116116115942e-01	-5.201816734740048742e-02	4.087708557616304694e-01
6.126126126126125726e-01	5.948524358235841164e-02	3.264643154129671654e-01
6.136136136136136621e-01	1.600550154436387040e-01	2.547097656617702821e-01
6.146146146146146405e-01	1.267723322104165606e-01	3.163975284337101623e-01
6.156156156156156189e-01	2.462620630304018232e-01	2.248746460526153124e-01
6.166166166166165974e-01	3.700470934361554942e-01	1.285905778048339609e-01
6.176176176176175758e-01	4.669018088797771138e-01	5.874374375154328698e-02
6.186186186186186653e-01	6.094002515914066498e-01	-5.726660523833493333e-02
6.196196196196196437e-01	5.845716624670874717e-01	-6.495902966716537996e-03
6.206206206206206222e-01	6.720985068212405045e-01	-6.865226775781529955e-02
6.216216216216216006e-01	6.636414948876699915e-01	-3.542149759202983805e-02
6.226226226226225791e-01	7.057542852668095001e-01	-5.338174874501910860e-02
6.236236236236236685e-01	7.042196156987957645e-01	-2.833964233611574457e-02
6.246246246246246470e-01	7.088428191350153451e-01	-1.012375678264809675e-02
6.256256256256256254e-01	5.979727969492557582e-01	1.228944219753281830e-01
6.266266266266266038e-01	6.910401068679326020e-01	5.126243487767456752e-02
6.276276276276275823e-01	8.318462992657286170e-01	-6.884246489420209336e-02
6.286286286286286717e-01	9.303517039104716169e-01	-1.474010777020079432e-01
6.296296296296296502e-01	9.016732332605759126e-01	-9.955004050553251105e-02
6.306306306306306286e-01	8.330135726670677698e-01	-1.251099755998152929e-02
6.316316316316316071e-01	8.314680335015348644e-01	6.602565203691623807e-03
6.326326326326325855e-01	8.519063540954843194e-01	2.903537211440765375e-03
6.336336336336336750e-01	8.682903970028902352e-01	2.413503162237540245e-03
6.346346346346346534e-01	8.100732842036780790e-01	7.566362419285077578e-02
6.356356356356356319e-01	7.483556759437118844e-01	1.515383745796051729e-01
6.366366366366366103e-01	6.363185958487521665e-01	2.768427313242308729e-01
6.376376376376375887e-01	7.077841272528040406e-01	2.177414916688731328e-01
6.386386386386386782e-01	8.124820419337872579e-01	1.244926573336507802e-01
6.396396396396396566e-01	9.058427212738315859e-01	4.165452544659764555e-02
6.406406406406406351e-01	9.281361649577790640e-01	2.894669104049185648e-02
6.416416416416416135e-01	1.042751910979605290e+00	-7.702986266425093653e-02
6.426426426426425920e-01	1.145066888593494925e+00	-1.716606078374928179e-01
6.436436436436436814e-01	1.148816844399004111e+00	-1.686888896768276025e-01
6.446446446446446599e-01	9.929413622455094401e-01	-7.060938798113980397e-03
6.456456456456456383e-01	9.881702213319004668e-01	2.487777237531241248e-03
6.466466466466466168e-01	1.034228416684511709e+00	-3.977246092923425458e-02
6.476476476476475952e-01	1.033616214378878961e+00	-3.634567500604646284e-02
6.486486486486486847e-01	9.649259856142772263e-01	3.417298059040418945e-02
6.496496496496496631e-01	1.010410219239466612e+00	-1.047079103917292198e-02
6.506506506506506415e-01	9.475232240270737849e-01	5.226787023685242062e-02
6.516516516516516200e-01	8.228897311735712261e-01	1.757643799028852927e-01
6.526526526526525984e-01	9.165583256696350212e-01	7.997127728070196895e-02
6.536536536536536879e-01	9.222508126926870498e-01	7.116885802512373793e-02
6.546546546546546663e-01	9.439792631273586920e-01	4.534812652613473549e-02
6.556556556556556448e-01	9.421790891951158375e-01	4.207771723825293186e-02
6.566566566566566232e-01	8.782969804983861151e-01	9.991595463482283446e-02
6.576576576576576016e-01	7.778574420257953204e-01	1.933443102445818740e-01
6.586586586586586911e-01	7.510006212953246330e-01	2.122295695985875197e-01
6.596596596596596696e-01	6.741813693251128559e-01	2.801247644036358730e-01
6.606606606606606480e-01	6.070262985884299356e-01	3.374121067923993023e-01
6.616616616616616264e-01	4.789536659406926633e-01	4.546830976701544680e-01
6.626626626626626049e-01	5.018796581416764546e-01	4.200322315435502940e-01
6.636636636636636943e-01	5.166046925161806858e-01	3.926706852977072115e-01
6.646646646646646728e-01	5.353581954469844861e-01	3.603815282382709650e-01
6.656656656656656512e-01	5.104603719524327676e-01	3.708579401573750545e-01
6.666666666666666297e-01	5.769541920832035320e-01	2.890712117012367299e-01
6.676676676676676081e-01	6.794970339826991168e-01	1.703790872079878893e-01
6.686686686686686976e-01	5.648659753235952818e-01	2.680204583171776900e-01
6.696696696696696760e-01	5.713919480803435480e-01	2.436811934059189833e-01
6.706706706706706544e-01	5.066895578569404757e-01	2.897643016479898304e-01
6.716716716716716329e-01	4.335302632167818970e-01	3.435167362655088263e-01
6.726726726726726113e-01	3.430677717924356940e-01	4.138039802125570987e-01
6.736736736736737008e-01	2.819952229800438137e-01	4.539528445040593163e-01
6.746746746746746792e-01	3.603564444510082843e-01	3.539401919760133963e-01
6.756756756756756577e-01	4.166083676584881879e-01	2.753305013190598949e-01
6.766766766766766361e-01	3.112653315615889760e-01	3.576315421827509500e-01
6.776776776776777256e-01	3.759416087216919111e-01	2.692518272170003613e-01
6.786786786786787040e-01	4.850227781717899589e-01	1.358292166714536453e-01
6.796796796796796825e-01	5.484299334484497024e-01	4.746668718544921894e-02
6.806806806806806609e-01	5.439966326345289094e-01	2.635535794337495741e-02
6.816816816816816393e-01	6.108115665139873807e-01	-6.656820188240752945e-02
6.826826826826827288e-01	6.354556996964884075e-01	-1.178591392346108879e-01
6.836836836836837072e-01	7.051568440527490322e-01	-2.147189161363281529e-01
6.846846846846846857e-01	6.421431155151157144e-01	-1.793487925478149947e-01
6.856856856856856641e-01	4.711511861513701382e-01	-3.645810499697460516e-02
6.866866866866866426e-01	5.658582572760779694e-01	-1.596962667216042520e-01
6.876876876876877320e-01	4.828815228026056006e-01	-1.056522584998362824e-01
6.886886886886887105e-01	4.985557338388896254e-01	-1.506322211446049497e-01
6.896896896896896889e-01	6.162259034710273475e-01	-2.979521885787165258e-01
6.906906906906906674e-01	5.746126046258758224e-01	-2.863034143536536957e-01
6.916916916916916458e-01	5.683285483398918814e-01	-3.102689789110398833e-01
6.926926926926927353e-01	4.835119439264427554e-01	-2.559571790503605837e-01
6.936936936936937137e-01	3.043260933639160837e-01	-1.075011518962094015e-01
6.946946946946946921e-01	2.342662771076440553e-01	-6.836579053893143687e-02
6.956956956956956706e-01	2.670941367231654540e-01	-1.322821567165804735e-01
6.966966966966966490e-01	1.930071692583405496e-01	-8.941700542609898328e-02
6.976976976976977385e-01	4.455087069022432844e-02	2.771504123036290512e-02
6.986986986986987169e-01	-2.298727879647360917e-02	6.385747823718693206e-02
6.996996996996996954e-01	3.985814050843230344e-02	-3.042406828253585438e-02
7.007007007007006738e-01	-9.418067960615601752e-02	7.216929567992966255e-02
7.017017017017016522e-01	-1.779636412023943570e-01	1.245285672093396356e-01
7.027027027027027417e-01	-2.392380297083765706e-01	1.544321052328680444e-01
7.037037037037037202e-01	-2.430507177631013038e-01	1.269578036378697095e-01
7.047047047047046986e-01	-2.331227331353289134e-01	8.585762851518788374e-02
7.057057057057056770e-01	-1.062805959682125573e-01	-7.201107518976178345e-02
7.067067067067066555e-01	-5.420864030897031699e-02	-1.549332926285939549e-01
7.077077077077077449e-01	-6.155504772688948079e-02	-1.782303357708454050e-01
7.087087087087087234e-01	9.292817782584221475e-03	-2.794845386663672437e-01
7.097097097097097018e-01	5.905626254050250906e-02	-3.593871401522524267e-01
7.107107107107106803e-01	-7.023846814891372692e-02	-2.599345822519210647e-01
7.117117117117116587e-01	-3.172683399243897417e-02	-3.279618956520933826e-01
7.127127127127127482e-01	-1.882815386794822743e-01	-2.005671899119070845e-01
7.137137137137137266e-01	-2.375765489297640143e-01	-1.800476632767033791e-01
7.147147147147147050e-01	-1.205376686951925569e-01	-3.254490569898825236e-01
7.157157157157156835e-01	-1.336520764962530472e-01	-3.402561460941879168e-01
7.167167167167166619e-01	-1.913572891019995614e-01	-3.100038034856028579e-01
7.177177177177177514e-01	-3.175798046991842316e-01	-2.107383840468685099e-01
7.187187187187187298e-01	-3.348094722830237124e-01	-2.199433821010934320e-01
7.197197197197197083e-01	-4.322438719885406955e-01	-1.483950774400636941e-01
7.207207207207206867e-01	-4.800654531674206638e-01	-1.258854230961251597e-01
7.217217217217216652e-01	-5.681078148620073431e-01	-6.255579018054913121e-02
7.227227227227227546e-01	-6.429139508329979602e-01	-1.183874760673786497e-02
7.237237237237237331e-01	-6.932225416177413280e-01	1.502820580307528964e-02
7.247247247247247115e-01	-7.658273676213522840e-01	6.486203085375619182e-02
7.257257257257256899e-01	-8.815164819295530085e-01	1.584732978680460924e-01
7.267267267267266684e-01	-9.870517217621426198e-01	2.426456758737245423e-01
7.277277277277277578e-01	-9.530391602934015216e-01	1.880063628355111982e-01
7.287287287287287363e-01	-8.924350135180042498e-01	1.075319716316003316e-01
7.297297297297297147e-01	-8.456264114575863244e-01	4.162928109064711890e-02
7.307307307307306932e-01	-8.729579124639572640e-01	5.066173086515002311e-02
7.317317317317316716e-01	-9.342157304826480546e-01	9.443363002410931628e-02
7.327327327327327611e-01	-9.495461663270948760e-01	9.310857043374887176e-02
7.337337337337337395e-01	-9.586431267918850141e-01	8.639692877239935065e-02
7.347347347347347180e-01	-7.631897749554860111e-01	-1.240024994531166991e-01
7.357357357357356964e-01	-9.604319623553804197e-01	5.917091680943598053e-02
7.367367367367367859e-01	-9.054372229262339644e-01	-9.001376518932291404e-03
7.377377377377377643e-01	-1.020631302020344133e+00	9.391939661505921411e-02
7.387387387387387427e-01	-1.020976918208910122e+00	8.290809131274490262e-02
7.397397397397397212e-01	-1.027741938037269431e+00	7.924380447747525480e-02
7.407407407407406996e-01	-1.078473110535457913e+00	1.204835982199693456e-01
7.417417417417417891e-01	-1.156190353137372950e+00	1.896567755793313603e-01
7.427427427427427675e-01	-1.063878014333516253e+00	8.975613389478009907e-02
7.437437437437437460e-01	-1.041029676631654244e+00	6.028275941161498341e-02
7.447447447447447244e-01	-1.078548540626190766e+00	9.214640393047623945e-02
7.457457457457457028e-01	-1.043917465648694254e+00	5.283551897967486699e-02
7.467467467467467923e-01	-1.010930466608385814e+00	1.614874712580049998e-02
7.477477477477477708e-01	-9.448826017230675944e-01	-5.261519487143206941e-02
7.487487487487487492e-01	-1.014007841199448645e+00	1.478034900336933077e-02
7.497497497497497276e-01	-1.012937984045504614e+00	1.296888817775776470e-02
7.507507507507507061e-01	-9.787394893716492295e-01	-2.098238489873949231e-02
7.517517517517517955e-01	-1.125604225365876676e+00	1.271181534953542691e-01
7.527527527527527740e-01	-1.028856541098563504e+00	3.259363040000895495e-02
7.537537537537537524e-01	-8.789735979514298192e-01	-1.140809911889377748e-01
7.547547547547547309e-01	-8.394268542225600260e-01	-1.494374255408758012e-01
7.557557557557557093e-01	-7.798178467657586044e-01	-2.038782794138519483e-01
7.567567567567567988e-01	-7.591573273506402320e-01	-2.183979115970460239e-01
7.577577577577577772e-01	-7.646800360104952787e-01	-2.057676545093021225e-01
7.587587587587587556e-01	-8.384502533459617934e-01	-1.239302558906716367e-01
7.597597597597597341e-01	-8.401854576494336424e-01	-1.131762147279961050e-01
7.607607607607607125e-01	-8.873137329955216313e-01	-5.608636527606059019e-02
7.617617617617618020e-01	-8.626703911519054691e-01	-6.983524632780224728e-02
7.627627627627627804e-01	-8.415910258570779012e-01	-7.909803719578478720e-02
7.637637637637637589e-01	-8.282373143198045184e-01	-7.972474555974184973e-02
7.647647647647647373e-01	-8.090793126281821124e-01	-8.525790050284598465e-02
7.657657657657657158e-01	-8.833436605158121457e-01	3.515664699381138014e-03
7.667667667667668052e-01	-9.256909730281980275e-01	6.124221756833236885e-02
7.677677677677677837e-01	-8.649538439561484937e-01	1.673914404334653216e-02
7.687687687687687621e-01	-7.142243638991297994e-01	-1.169175184165642811e-01
7.697697697697697405e-01	-7.659114565214344417e-01	-4.733572870229985075e-02
7.707707707707707190e-01	-7.649712817671935339e-01	-2.957702214525248507e-02
7.717717717717718084e-01	-7.608088917141953011e-01	-1.425483716540520973e-02
7.727727727727727869e-01	-7.815414396337029279e-01	2.672871207290428153e-02
7.737737737737737653e-01	-7.683481363213926496e-01	3.453281104466410234e-02
7.747747747747747438e-01	-7.572497510022739853e-01	4.515746557124655780e-02
7.757757757757757222e-01	-8.249747170467431889e-01	1.353096280684782382e-01
7.767767767767768117e-01	-8.510148005431252827e-01	1.844588873607542201e-01
7.777777777777777901e-01	-8.650259602721482866e-01	2.222383505856088126e-01
7.787787787787787686e-01	-8.771261619052930225e-01	2.587424799890762905e-01
7.797797797797797470e-01	-8.571437772517788156e-01	2.637755154141558922e-01
7.807807807807807254e-01	-7.403949711390943600e-01	1.726288850443855605e-01
7.817817817817818149e-01	-6.561857791043533839e-01	1.145833075561640824e-01
7.827827827827827933e-01	-6.118557618570964474e-01	9.695247161628328669e-02
7.837837837837837718e-01	-6.394678901045167674e-01	1.517729462908803950e-01
7.847847847847847502e-01	-5.948358418093819822e-01	1.348315044107677441e-01
7.857857857857857287e-01	-5.661771701438804705e-01	1.343183171305816770e-01
7.867867867867868181e-01	-4.789564188523360855e-01	7.567009636835525521e-02
7.877877877877877966e-01	-3.978645431269757227e-01	2.354954320295588044e-02
7.887887887887887750e-01	-4.470023632291517668e-01	1.020288294345588764e-01
7.897897897897897534e-01	-3.780069180228951553e-01	6.271597944739221164e-02
7.907907907907907319e-01	-4.041974133086483345e-01	1.189008472345965961e-01
7.917917917917918214e-01	-3.420875839160290033e-01	8.706750751571856739e-02
7.927927927927927998e-01	-3.614175454741110904e-01	1.369261368365370379e-01
7.937937937937937782e-01	-2.295621062887190367e-01	3.582135505181846535e-02
7.947947947947947567e-01	-2.391621116600082253e-01	7.636359949491294818e-02
7.957957957957957351e-01	-2.657908391772300649e-01	1.340955503416040029e-01
7.967967967967968246e-01	-2.200140036852617775e-01	1.195521658330934156e-01
7.977977977977978030e-01	-2.434932969585408558e-01	1.743642523637544128e-01
7.987987987987987815e-01	-2.405289899449049584e-01	2.028010972661878908e-01
7.997997997997997599e-01	-2.504471231318705082e-01	2.441576898158013820e-01
8.008008008008007383e-01	-1.788925132789223049e-01	2.040477586682952482e-01
8.018018018018018278e-01	-8.346902072025530472e-02	1.400440699040468029e-01
8.028028028028028062e-01	-4.970934841935464865e-02	1.376482568304135401e-01
8.038038038038037847e-01	-6.828886542132726889e-02	1.875046741575003006e-01
8.048048048048047631e-01	2.344549973084700950e-02	1.269293220830879088e-01
8.058058058058058526e-01	1.350311517689760099e-01	4.635398410367527755e-02
8.068068068068068310e-01	2.245075609120620319e-01	-1.229147472955538500e-02
8.078078078078078095e-01	2.843072796892430754e-01	-4.147009431065518115e-02
8.088088088088087879e-01	1.941289721741166763e-01	7.908918143434845449e-02
8.098098098098097664e-01	2.200529114173735146e-01	8.327603705725097893e-02
8.108108108108108558e-01	2.462123144862379265e-01	8.692748025581942262e-02
8.118118118118118343e-01	3.522882145529295239e-01	1.033299922873576193e-02
8.128128128128128127e-01	4.502697373265144298e-01	-5.852568460611679013e-02
8.138138138138137911e-01	3.863541399894818151e-01	3.412537327973141910e-02
8.148148148148147696e-01	4.564899614845924214e-01	-7.690781284132697238e-03
8.158158158158158590e-01	5.676485329788122369e-01	-9.097348353238537966e-02
8.168168168168168375e-01	5.587648530091832155e-01	-5.468529721785742037e-02
8.178178178178178159e-01	6.501270543568111737e-01	-1.191414542274910060e-01
8.188188188188187944e-01	6.405612892418229842e-01	-8.319471298018221717e-02
8.198198198198197728e-01	6.566766565540406164e-01	-7.348025934776980517e-02
8.208208208208208623e-01	6.212148050401917754e-01	-1.276528404597554456e-02
8.218218218218218407e-01	6.665387781647228449e-01	-3.343780223790082662e-02
8.228228228228228192e-01	6.185846695792363015e-01	3.854171568995179431e-02
8.238238238238237976e-01	5.745516158803708473e-01	1.059503754748800652e-01
8.248248248248247760e-01	5.273095953402483493e-01	1.758950837404330558e-01
8.258258258258258655e-01	5.930877390100323110e-01	1.321242597503663463e-01
8.268268268268268439e-01	6.240733056012898183e-01	1.224288827267625557e-01
8.278278278278278224e-01	7.837114498363313420e-01	-1.665725498073322708e-02
8.288288288288288008e-01	8.234983136031432949e-01	-3.665061823155479903e-02
8.298298298298297793e-01	8.240394745153564182e-01	-1.817635755768964856e-02
8.308308308308308687e-01	8.601743332754433480e-01	-3.609267717207809145e-02
8.318318318318318472e-01	9.222201159306583351e-01	-8.073481863060816277e-02
8.328328328328328256e-01	9.589891184596980311e-01	-1.009322876040112948e-01
8.338338338338338041e-01	9.091061112622740303e-01	-3.532624134954698292e-02
8.348348348348347825e-01	9.283183923755461420e-01	-3.967952572319066729e-02
8.358358358358358720e-01	9.832022941980804731e-01	-8.058316652904595756e-02
8.368368368368368504e-01	9.430520348878457249e-01	-2.734520638767679035e-02
8.378378378378378288e-01	9.628723066086916083e-01	-3.498327931218303544e-02
8.388388388388388073e-01	9.756421852577195075e-01	-3.648850763795286056e-02
8.398398398398397857e-01	9.744668923085532120e-01	-2.497725195374023155e-02
8.408408408408408752e-01	1.014566485402343510e+00	-5.567979067769357471e-02
8.418418418418418536e-01	9.420075983619837778e-01	2.532795003530619038e-02
8.428428428428428321e-01	1.023509994500539921e+00	-4.868214782600621682e-02
8.438438438438438105e-01	1.087817274413368507e+00	-1.064610936598097135e-01
8.448448448448447889e-01	1.082083145112217926e+00	-9.516905005905818005e-02
8.458458458458458784e-01	1.071607189208953814e+00	-8.011109561156903869e-02
8.468468468468468568e-01	1.093733138566755247e+00	-9.863549311648933671e-02
8.478478478478478353e-01	1.025860445733388415e+00	-2.814525653712707243e-02
8.488488488488488137e-01	9.752293629844415168e-01	2.411677347753937717e-02
8.498498498498497922e-01	9.613923318649605365e-01	3.859654261075351478e-02
8.508508508508508816e-01	8.251129446091886033e-01	1.745298230530413219e-01
8.518518518518518601e-01	7.543900303680233232e-01	2.439181279032449634e-01
8.528528528528528385e-01	7.750190505465368584e-01	2.209673154925677618e-01
8.538538538538538170e-01	7.354414434885357954e-01	2.572382433949845781e-01
8.548548548548547954e-01	6.585595275396030068e-01	3.298318630938702478e-01
8.558558558558558849e-01	6.174351734592167240e-01	3.656905443364876218e-01
8.568568568568568633e-01	5.512554209928332005e-01	4.256324543686598183e-01
8.578578578578578417e-01	5.133865524714417150e-01	4.562974791862459689e-01
8.588588588588588202e-01	4.674693653729343756e-01	4.940519448741915731e-01
8.598598598598597986e-01	4.621967561278649272e-01	4.902110267565874535e-01
8.608608608608608881e-01	5.281717014535426413e-01	4.141807600807763112e-01
8.618618618618618665e-01	5.311231652961643235e-01	4.002421241636907601e-01
8.628628628628628450e-01	5.455528321991950369e-01	3.739042991910105362e-01
8.638638638638638234e-01	5.799162042259130567e-01	3.267235585509771223e-01
8.648648648648649129e-01	6.419976589350380181e-01	2.509281992145304674e-01
8.658658658658658913e-01	6.200447928616662496e-01	2.582841857211031211e-01
8.668668668668668698e-01	6.494926731191844604e-01	2.133708851667464046e-01
8.678678678678678482e-01	7.277231041896544683e-01	1.188217861404066156e-01
8.688688688688688266e-01	7.058883605037591380e-01	1.235007510213249615e-01
8.698698698698699161e-01	8.033997941442465596e-01	8.013392318619416699e-03
8.708708708708708945e-01	8.808132466385393267e-01	-8.817835589685341091e-02
8.718718718718718730e-01	8.685992614417373803e-01	-9.552646805301967525e-02
8.728728728728728514e-01	8.450905543601333614e-01	-9.234431586217761723e-02
8.738738738738738299e-01	7.615187359474709927e-01	-2.984340984579059164e-02
8.748748748748749193e-01	8.368824767977027790e-01	-1.270015845032735902e-01
8.758758758758758978e-01	7.060503360797800720e-01	-1.866584745067068063e-02
8.768768768768768762e-01	6.758187724344744129e-01	-1.161041162886011779e-02
8.778778778778778547e-01	6.185114706378038729e-01	2.186395603522350850e-02
8.788788788788788331e-01	5.981320929685816079e-01	1.777716059860068309e-02
8.798798798798799226e-01	4.801013082801946497e-01	1.107327267257644521e-01
8.808808808808809010e-01	5.708976311339536425e-01	-5.723064368561403548e-03
8.818818818818818794e-01	4.752409255224077644e-01	6.371529683780935427e-02
8.828828828828828579e-01	4.674108489634044017e-01	4.479407898971182744e-02
8.838838838838838363e-01	4.254604829508678576e-01	5.948665376662320980e-02
8.848848848848849258e-01	3.590383780934306435e-01	9.817142458564687146e-02
8.858858858858859042e-01	3.099207985035786761e-01	1.190995555587475163e-01
8.868868868868868827e-01	3.541371885629412408e-01	4.626947760486377348e-02
8.878878878878878611e-01	3.323295294413622925e-01	3.906750436620837208e-02
8.888888888888888395e-01	3.375621959830852337e-01	4.457947342587476047e-03
8.898898898898899290e-01	2.949635000403841301e-01	1.734154419110406353e-02
8.908908908908909074e-01	2.309034687737357427e-01	5.137765170023611550e-02
8.918918918918918859e-01	2.437612120527287707e-01	8.216849332398024064e-03
8.928928928928928643e-01	3.009490531780644185e-01	-7.952322085650218031e-02
8.938938938938938428e-01	2.731738412974821784e-01	-8.251919626441650557e-02
8.948948948948949322e-01	1.593773930945670270e-01	3.175346929815137109e-04
8.958958958958959107e-01	2.826108775539188933e-01	-1.540335822720496350e-01
8.968968968968968891e-01	2.238020862069696748e-01	-1.264695678386649480e-01
8.978978978978978676e-01	1.057131252076643352e-01	-3.972163158104022318e-02
8.988988988988988460e-01	2.167773160773707464e-01	-1.821921032655518524e-01
8.998998998998999355e-01	2.054013984726735242e-01	-2.022566662649376290e-01
9.009009009009009139e-01	1.206838631222687808e-01	-1.489827212053858319e-01
9.019019019019018923e-01	2.005178433816487069e-02	-7.976624922137220963e-02
9.029029029029028708e-01	-2.239295421100365169e-03	-8.883172726553995036e-02
9.039039039039038492e-01	1.471158369523318209e-02	-1.370491080736883915e-01
9.049049049049049387e-01	-9.576365266501887796e-02	-5.771939923119742688e-02
9.059059059059059171e-01	1.503215755708700238e-02	-1.995089643605779117e-01
9.069069069069068956e-01	-4.693938718242500474e-02	-1.683487535626623788e-01
9.079079079079078740e-01	-1.215017400018700011e-01	-1.243848457519793615e-01
9.089089089089088525e-01	-1.312003501138406247e-01	-1.450415342652314199e-01
9.099099099099099419e-01	-1.065368821520769754e-01	-1.997871374547061096e-01
9.109109109109109204e-01	-1.626948365904513361e-01	-1.734084079517629051e-01
9.119119119119118988e-01	-2.561551386629267735e-01	-1.093949731622923527e-01
9.129129129129128772e-01	-2.763556593778885295e-01	-1.182798433715510078e-01
9.139139139139138557e-01	-4.002184007420340750e-01	-2.311225531449773163e-02
9.149149149149149451e-01	-4.781031215665086931e-01	2.649592518961441101e-02
9.159159159159159236e-01	-5.053609154809294290e-01	2.592375319212175677e-02
9.169169169169169020e-01	-5.178222903170549563e-01	1.102925634878271222e-02
9.179179179179178805e-01	-4.831218456334597788e-01	-5.052591476866102882e-02
9.189189189189188589e-01	-4.754114685673042628e-01	-8.456331757028839879e-02
9.199199199199199484e-01	-5.636824658128876120e-01	-2.206561172895071810e-02
9.209209209209209268e-01	-6.268534891289292421e-01	1.591134058350573977e-02
9.219219219219219053e-01	-5.972479211482515371e-01	-3.828416469613193929e-02
9.229229229229228837e-01	-5.895962427617698065e-01	-6.989733077412441098e-02
9.239239239239238621e-01	-5.161132780999915237e-01	-1.666896390631947833e-01
9.249249249249249516e-01	-5.258028853793328405e-01	-1.796341817666190499e-01
9.259259259259259300e-01	-4.675722152921510388e-01	-2.598014262808979180e-01
9.269269269269269085e-01	-5.074134701534832592e-01	-2.411774781815065882e-01
9.279279279279278869e-01	-5.148986294593447255e-01	-2.541693771149703407e-01
9.289289289289288654e-01	-5.494644878745381655e-01	-2.393200795580906481e-01
9.299299299299299548e-01	-5.229550061174755848e-01	-2.847661279563320491e-01
9.309309309309309333e-01	-3.934074194445826289e-01	-4.324515615189604145e-01
9.319319319319319117e-01	-4.322334514624707191e-01	-4.109467209237507301e-01
9.329329329329328901e-01	-4.870652806547597358e-01	-3.726022995259838932e-01
9.339339339339339796e-01	-5.733553391456747139e-01	-3.019495615321377002e-01
9.349349349349349581e-01	-5.802954664832365994e-01	-3.097812043386697356e-01
9.359359359359359365e-01	-6.823753812672633812e-01	-2.215929021947524724e-01
9.369369369369369149e-01	-8.094849651143720681e-01	-1.074810366816404406e-01
9.379379379379378934e-01	-7.053110038545360450e-01	-2.237459690998253592e-01
9.389389389389389828e-01	-8.538885028513760744e-01	-8.634073785838236592e-02
9.399399399399399613e-01	-9.273030319265990196e-01	-2.316872537351266637e-02
9.409409409409409397e-01	-9.057737822016037610e-01	-5.400061215158502570e-02
9.419419419419419182e-01	-8.462316045411089060e-01	-1.218963483610092657e-01
9.429429429429428966e-01	-8.469425742251176503e-01	-1.285815982567201088e-01
9.439439439439439861e-01	-7.319010344336427387e-01	-2.500547048638641634e-01
9.449449449449449645e-01	-8.196993464938975293e-01	-1.677169469628914111e-01
9.459459459459459429e-01	-8.659336864127546995e-01	-1.259667488461220231e-01
9.469469469469469214e-01	-8.776935235898427612e-01	-1.177102069441695598e-01
9.479479479479478998e-01	-8.126916909406857181e-01	-1.852310240875574276e-01
9.489489489489489893e-01	-7.860357784865098507e-01	-2.134191193425595268e-01
9.499499499499499677e-01	-8.094533418187150886e-01	-1.905454220098823370e-01
9.509509509509509462e-01	-8.752237513221570175e-01	-1.243300238996069007e-01
9.519519519519519246e-01	-8.891763822621888691e-01	-1.089439897759576503e-01
9.529529529529529031e-01	-8.098781884108071649e-01	-1.858217832960306071e-01
9.539539539539539925e-01	-8.160705965076434643e-01	-1.762243711471701557e-01
9.549549549549549710e-01	-7.894719792362627775e-01	-1.984367477039153949e-01
9.559559559559559494e-01	-7.713124212733126761e-01	-2.112331656493154908e-01
9.569569569569569278e-01	-7.273090258226585503e-01	-2.489018251517718383e-01
9.579579579579579063e-01	-7.567077508292239241e-01	-2.122030324069260621e-01
9.589589589589589957e-01	-6.848346279363166644e-01	-2.758179744860043137e-01
9.599599599599599742e-01	-8.337428728440022807e-01	-1.177016018391747743e-01
9.609609609609609526e-01	-9.069231594392460627e-01	-3.437234609025807686e-02
9.619619619619619311e-01	-9.143971786428697346e-01	-1.581855218573480215e-02
9.629629629629629095e-01	-8.610144171272082758e-01	-5.720168975306660908e-02
9.639639639639639990e-01	-8.259630665790991255e-01	-7.934543300349761186e-02
9.649649649649649774e-01	-9.043138133465379314e-01	1.280814064825330778e-02
9.659659659659659559e-01	-9.686733798352251679e-01	9.185210460207005045e-02
9.669669669669669343e-01	-9.401084275076070362e-01	7.883859956837568905e-02
9.679679679679679127e-01	-8.604732146271926174e-01	1.560650567137333855e-02
9.689689689689690022e-01	-7.535079879903417988e-01	-7.412015061238974578e-02
9.699699699699699806e-01	-7.322677732146896101e-01	-7.730339012605558224e-02
9.709709709709709591e-01	-7.664699621820327824e-01	-2.424367673306104809e-02
9.719719719719719375e-01	-7.183587382553303646e-01	-5.271547444339530486e-02
9.729729729729729160e-01	-6.709252580985437531e-01	-7.974704715418268197e-02
9.739739739739740054e-01	-5.982915925721132844e-01	-1.312364985500759085e-01
9.749749749749749839e-01	-4.950597831766646029e-01	-2.126026957098416381e-01
9.759759759759759623e-01	-5.152937466437854663e-01	-1.698033438399957351e-01
9.769769769769769407e-01	-5.477291321084785114e-01	-1.141251077213910614e-01
9.779779779779779192e-01	-5.831155591390846382e-01	-5.484135161403003167e-02
9.789789789789790087e-01	-6.371276349089820545e-01	2.369890064231905402e-02
9.799799799799799871e-01	-6.455137509946927699e-01	5.721978579388808939e-02
9.809809809809809655e-01	-6.410181717527110301e-01	7.844071353427317650e-02
9.819819819819819440e-01	-5.943483677701132395e-01	5.804372453272865773e-02
9.829829829829829224e-01	-6.064508178927567883e-01	9.694931760888014782e-02
9.839839839839840119e-01	-4.826039610232661925e-01	4.094272212167293645e-04
9.849849849849849903e-01	-5.617706878200198206e-01	1.073599413751424869e-01
9.859859859859859688e-01	-5.489348763722037283e-01	1.227572639997671633e-01
9.869869869869869472e-01	-5.571458990163836722e-01	1.596228489324680311e-01
9.879879879879879256e-01	-5.201161319862019905e-01	1.516407371759479483e-01
9.889889889889890151e-01	-4.172125199855481470e-01	7.814914949087398144e-02
9.899899899899899935e-01	-4.466190447482197290e-01	1.373029833593504834e-01
9.909909909909909720e-01	-3.992824242414912406e-01	1.200195409486594089e-01
9.919919919919919504e-01	-3.612627476717045205e-01	1.123291932048096076e-01
9.929929929929930399e-01	-3.452132353858423652e-01	1.268551691411956284e-01
9.939939939939940183e-01	-3.166052529163831952e-01	1.290385995405467778e-01
9.949949949949949968e-01	-2.911582264587520008e-01	1.345684623301935390e-01
9.959959959959959752e-01	-2.652854118378897841e-01	1.398273816575914541e-01
9.969969969969969537e-01	-2.264357021046530527e-01	1.322334657770229960e-01
9.979979979979980431e-01	-1.673142940478383467e-01	1.044610040033581849e-01
9.989989989989990216e-01	-1.667000502123535677e-01	1.352578592932332513e-01
1.000000000000000000e+00	-1.060571990406326687e-01	1.060571990406314474e-01
