# Time	FTRLS_Output	FTRLS_Error
0.000000000000000000e+00	0.000000000000000000e+00	0.000000000000000000e+00
1.001001001001000992e-03	0.000000000000000000e+00	0.000000000000000000e+00
2.002002002002001985e-03	0.000000000000000000e+00	0.000000000000000000e+00
3.003003003003002977e-03	0.000000000000000000e+00	0.000000000000000000e+00
4.004004004004003969e-03	0.000000000000000000e+00	0.000000000000000000e+00
5.005005005005004962e-03	0.000000000000000000e+00	0.000000000000000000e+00
6.006006006006005954e-03	0.000000000000000000e+00	0.000000000000000000e+00
7.007007007007006946e-03	0.000000000000000000e+00	0.000000000000000000e+00
8.008008008008007939e-03	0.000000000000000000e+00	0.000000000000000000e+00
9.009009009009008931e-03	0.000000000000000000e+00	0.000000000000000000e+00
1.001001001001000992e-02	0.000000000000000000e+00	0.000000000000000000e+00
1.101101101101101092e-02	0.000000000000000000e+00	0.000000000000000000e+00
1.201201201201201191e-02	0.000000000000000000e+00	0.000000000000000000e+00
1.301301301301301290e-02	0.000000000000000000e+00	0.000000000000000000e+00
1.401401401401401389e-02	0.000000000000000000e+00	0.000000000000000000e+00
1.501501501501501488e-02	0.000000000000000000e+00	0.000000000000000000e+00
1.601601601601601588e-02	0.000000000000000000e+00	0.000000000000000000e+00
1.701701701701701513e-02	0.000000000000000000e+00	0.000000000000000000e+00
1.801801801801801786e-02	0.000000000000000000e+00	0.000000000000000000e+00
1.901901901901902059e-02	0.000000000000000000e+00	0.000000000000000000e+00
2.002002002002001985e-02	0.000000000000000000e+00	0.000000000000000000e+00
2.102102102102101910e-02	0.000000000000000000e+00	0.000000000000000000e+00
2.202202202202202183e-02	0.000000000000000000e+00	0.000000000000000000e+00
2.302302302302302456e-02	0.000000000000000000e+00	0.000000000000000000e+00
2.402402402402402382e-02	0.000000000000000000e+00	0.000000000000000000e+00
2.502502502502502307e-02	0.000000000000000000e+00	7.076624788865043536e-01
2.602602602602602580e-02	1.852123681398766264e+00	-1.122595590276577848e+00
2.702702702702702853e-02	1.052812816011368779e+00	-3.021405107586444538e-01
2.802802802802802778e-02	2.951831516526526755e+00	-2.180757303827801863e+00
2.902902902902902704e-02	3.059970856580000564e+00	-2.269257217664907067e+00
3.003003003003002977e-02	1.864594655517060273e+00	-1.055023492176316413e+00
3.103103103103103250e-02	2.171290012379115009e+00	-1.343661873776383686e+00
3.203203203203203175e-02	9.850439516330423695e-01	-1.401772426772246449e-01
3.303303303303303101e-02	-6.842136744094408363e-02	9.296911953801748618e-01
3.403403403403403027e-02	1.573923649241617317e+00	-6.971023740084638654e-01
3.503503503503503647e-02	2.116990871103505700e+00	-1.225485198405221743e+00
3.603603603603603572e-02	3.212831900208035663e+00	-2.307523400625439258e+00
3.703703703703703498e-02	3.208987089872429088e+00	-2.290770982992154980e+00
3.803803803803804118e-02	1.711439818341818686e+00	-7.812240875132144824e-01
3.903903903903904044e-02	1.822623361397586850e+00	-8.813278558680835983e-01
4.004004004004003969e-02	1.139482244414083301e+00	-1.880377697309065788e-01
4.104104104104103895e-02	7.914257379688550698e-01	1.692268644534659083e-01
4.204204204204203821e-02	5.306362877869221784e-01	4.382744954492273637e-01
4.304304304304304440e-02	4.022912315052584731e+00	-3.046701464078155119e+00
4.404404404404404366e-02	1.709528465738612280e+00	-7.269828788159845567e-01
4.504504504504504292e-02	1.815310594617908446e+00	-8.274018676777303849e-01
4.604604604604604912e-02	1.068855825022473116e+00	-7.656085736765938510e-02
4.704704704704704837e-02	2.938872583361199275e+00	-1.943172611654361503e+00
4.804804804804804763e-02	7.673229718866360072e-01	2.307974001515102902e-01
4.904904904904904689e-02	2.014703931653672786e+00	-1.015150156431908979e+00
5.005005005005004615e-02	1.411851753646959473e+00	-4.118529898183620475e-01
5.105105105105105234e-02	2.567437604023232289e+00	-1.567982706194162912e+00
5.205205205205205160e-02	1.763139600636960846e+00	-7.652168856087175897e-01
5.305305305305305086e-02	1.146871898332398665e+00	-1.514681677983861219e-01
5.405405405405405705e-02	2.140797690974700185e+00	-1.148897255715823462e+00
5.505505505505505631e-02	2.532042020781935854e+00	-1.544625727325146913e+00
5.605605605605605557e-02	2.202638487379139587e+00	-1.220682748081632907e+00
5.705705705705705483e-02	2.408493212748447743e+00	-1.432969040266609095e+00
5.805805805805805409e-02	1.623572082954706453e+00	-6.554441300525876146e-01
5.905905905905906028e-02	1.842776797375504039e+00	-8.830024030223150300e-01
6.006006006006005954e-02	1.561899556879682516e+00	-6.114277995795709408e-01
6.106106106106105880e-02	1.786155116352123429e+00	-8.459258756423644332e-01
6.206206206206206499e-02	1.367730219746074782e+00	-4.386732467917120459e-01
6.306306306306305731e-02	5.819132241561701946e-01	3.350527776398433133e-01
6.406406406406406351e-02	2.128680643738515066e+00	-1.224712360276498879e+00
6.506506506506506970e-02	1.632429215565350367e+00	-7.423525447434444757e-01
6.606606606606606202e-02	6.085236097732067417e-01	2.667812909046063385e-01
6.706706706706706822e-02	2.305288126242211799e+00	-1.445620546061466616e+00
6.806806806806806054e-02	1.125361859345500370e+00	-2.821816869592777000e-01
6.906906906906906674e-02	1.869393774741902714e+00	-1.043534793778359449e+00
7.007007007007007293e-02	2.385143549015337427e+00	-1.577422414941530793e+00
7.107107107107106525e-02	1.889628682100164658e+00	-1.100844114667533180e+00
7.207207207207207145e-02	2.642264518955094843e+00	-1.873196512380777889e+00
7.307307307307307764e-02	7.841138095943759323e-01	-3.552286125938530770e-02
7.407407407407406996e-02	2.003561634570328209e+00	-1.276187992997279252e+00
7.507507507507507616e-02	1.139193310725745478e+00	-4.337562435797923666e-01
7.607607607607608236e-02	9.376384904366522610e-01	-2.548355732734631784e-01
7.707707707707707467e-02	1.111255525359265750e+00	-4.517619518233696452e-01
7.807807807807808087e-02	1.278217111215888213e+00	-6.426850253715040706e-01
7.907907907907907319e-02	1.503969034449033515e+00	-8.930268859036104567e-01
8.008008008008007939e-02	5.238312222812405716e-01	6.191685526059875766e-02
8.108108108108108558e-02	2.011849137962149481e+00	-1.451874351824554044e+00
8.208208208208207790e-02	1.631223828485082183e+00	-1.097576068082959599e+00
8.308308308308308410e-02	1.122583967229290741e-01	3.945346372453434891e-01
8.408408408408407642e-02	2.276584236708139031e+00	-1.797147074419329194e+00
8.508508508508508261e-02	2.533542245978963603e+00	-2.081935049602068322e+00
8.608608608608608881e-02	1.980640531288146100e+00	-1.557309875231611684e+00
8.708708708708708113e-02	9.926307644940595143e-01	-5.979952617446184782e-01
8.808808808808808732e-02	3.369184955517533497e-01	2.863161627346566540e-02
8.908908908908909352e-02	1.753153558343204965e+00	-1.417050313800989114e+00
9.009009009009008584e-02	6.931987766159491970e-01	-3.868747570091654042e-01
9.109109109109109204e-02	1.784700227411115447e+00	-1.508458343032041071e+00
9.209209209209209823e-02	1.030974121421932121e+00	-7.850875356680819817e-01
9.309309309309309055e-02	1.513234542188361953e+00	-1.297946401443271558e+00
9.409409409409409675e-02	1.045058054776223821e+00	-8.605812479727312780e-01
9.509509509509508907e-02	1.208792934905248417e+00	-1.055309883009031724e+00
9.609609609609609526e-02	6.927743750080157525e-01	-5.704368506295584007e-01
9.709709709709710146e-02	1.776148713600976592e+00	-1.685077690914335902e+00
9.809809809809809378e-02	6.796621752592765242e-01	-6.199477103760662189e-01
9.909909909909909997e-02	7.878476280603959880e-01	-7.595487699772777157e-01
1.001001001001000923e-01	1.692202371244412751e+00	-1.695347103452148785e+00
1.011011011011010985e-01	-3.680720472321397652e-01	3.334868344203225643e-01
1.021021021021021047e-01	-4.073780340774660336e-01	3.413865404508453771e-01
1.031031031031030970e-01	9.226117851299994177e-01	-1.019944303498301563e+00
1.041041041041041032e-01	-4.786612971243095482e-01	3.500840018424410394e-01
1.051051051051051094e-01	1.414190345863921783e+00	-1.573885273651471239e+00
1.061061061061061017e-01	-1.137063327788305628e-01	-7.694831225423388876e-02
1.071071071071071079e-01	-4.048049795123121464e-01	1.833791471907532666e-01
1.081081081081081141e-01	1.201568601216815413e+00	-1.453546662601940653e+00
1.091091091091091064e-01	8.580417341110533336e-01	-1.140322854585024803e+00
1.101101101101101126e-01	1.013146626263211392e+00	-1.325451670494700807e+00
1.111111111111111049e-01	3.791989466798694752e-01	-7.212190900055377440e-01
1.121121121121121111e-01	-7.121301204520983363e-01	3.407330866445304474e-01
1.131131131131131173e-01	8.751675381227030925e-01	-1.275574204290506941e+00
1.141141141141141097e-01	-4.602585826890494003e-01	3.123822862672309686e-02
1.151151151151151159e-01	1.094874477715201411e-01	-5.666972504505993768e-01
1.161161161161161082e-01	1.243521301198745738e-01	-6.092992668373619081e-01
1.171171171171171144e-01	-5.627077616550657524e-01	5.050283370195163268e-02
1.181181181181181206e-01	-1.984408630073465074e-01	-3.405153593528699174e-01
1.191191191191191129e-01	-7.312431796124949090e-02	-4.920502488041431643e-01
1.201201201201201191e-01	-4.413413670000851941e-01	-1.494926680058725754e-01
1.211211211211211253e-01	-1.340426503253933088e+00	7.245172496867535727e-01
1.221221221221221176e-01	-6.541158417123591473e-01	1.374041503933332020e-02
1.231231231231231238e-01	-1.098175697736592932e-01	-5.543907910319546550e-01
1.241241241241241300e-01	-1.309560003659720140e+00	6.221755150306099713e-01
1.251251251251251362e-01	-1.108965613645121584e+00	3.990847213506929503e-01
1.261261261261261146e-01	-1.311617338406311672e+00	5.799420123046337139e-01
1.271271271271271208e-01	-1.924873272416218958e-02	-7.334975057737924686e-01
1.281281281281281270e-01	-7.268355076148033111e-01	-4.623728577391417183e-02
1.291291291291291332e-01	-8.914543435934745297e-01	9.881945285178983518e-02
1.301301301301301394e-01	-1.658404457312131264e+00	8.469912708492653985e-01
1.311311311311311179e-01	-9.838055436443555735e-01	1.544164321192731393e-01
1.321321321321321240e-01	-1.725315887165085105e+00	8.787709968350246870e-01
1.331331331331331302e-01	-1.468375362160398989e+00	6.055118038744679021e-01
1.341341341341341364e-01	-1.992675953408397760e+00	1.114346974825628944e+00
1.351351351351351426e-01	-1.391346008618930430e+00	4.984201504693620555e-01
1.361361361361361211e-01	-1.534640450736640904e+00	6.280006879597519465e-01
1.371371371371371273e-01	-2.043275216713664744e+00	1.123818085323459615e+00
1.381381381381381335e-01	-1.833096199888740951e+00	9.017309104288869781e-01
1.391391391391391397e-01	-2.796170837232493156e+00	1.853818375698174536e+00
1.401401401401401459e-01	-3.202392737423263469e+00	2.249984954538811976e+00
1.411411411411411521e-01	-2.199451044074919093e+00	1.237929733827793477e+00
1.421421421421421305e-01	-2.412526913343912671e+00	1.442842881686225098e+00
1.431431431431431367e-01	-2.204757591247804349e+00	1.227869715886311663e+00
1.441441441441441429e-01	-1.191216249057163390e+00	2.080905312614592662e-01
1.451451451451451491e-01	-2.043226804126189844e+00	1.054835413492717144e+00
1.461461461461461553e-01	-3.159275147778295434e+00	2.166595460894775282e+00
1.471471471471471337e-01	-2.001842747050194937e+00	1.005856381011090761e+00
1.481481481481481399e-01	-3.555742141890338104e+00	2.557433983619069817e+00
1.491491491491491461e-01	-3.098672049134221673e+00	2.099029281471991748e+00
1.501501501501501523e-01	-2.906889679185253428e+00	1.906900804709539266e+00
1.511511511511511585e-01	-1.819175673085436928e+00	8.198295366234560344e-01
1.521521521521521647e-01	-3.376166975717405094e+00	2.378451786521143418e+00
1.531531531531531432e-01	-3.514924393721853946e+00	2.519826748271587924e+00
1.541541541541541493e-01	-3.139732845817877926e+00	2.148236752220492818e+00
1.551551551551551555e-01	-3.485341103936669072e+00	2.498427008883508993e+00
1.561561561561561617e-01	-2.438701051428136868e+00	1.457344870674577297e+00
1.571571571571571679e-01	-3.749809835489303467e+00	2.774981988814769096e+00
1.581581581581581464e-01	-3.851686639461319839e+00	2.884351091064029760e+00
1.591591591591591526e-01	-3.440099564300203472e+00	2.481212869575553537e+00
1.601601601601601588e-01	-3.529319622628142916e+00	2.579829982273329492e+00
1.611611611611611650e-01	-2.059136369550206958e+00	1.119982691930438978e+00
1.621621621621621712e-01	-2.572019213791462811e+00	1.644130186494953350e+00
1.631631631631631496e-01	-3.077287835110653180e+00	2.161581006610483691e+00
1.641641641641641558e-01	-3.836201840206526104e+00	2.933582712537491588e+00
1.651651651651651620e-01	-2.517118586416227100e+00	1.628479719763871181e+00
1.661661661661661682e-01	-3.633845489870330070e+00	2.760065619957601690e+00
1.671671671671671744e-01	-4.005531257544922674e+00	3.147474426689235383e+00
1.681681681681681528e-01	-2.366924910602843823e+00	1.525439613302793429e+00
1.691691691691691590e-01	-2.934851029008536560e+00	2.110769372905171970e+00
1.701701701701701652e-01	-2.552353436559505084e+00	1.746490319601835539e+00
1.711711711711711714e-01	-2.813279576141336946e+00	2.026431880769746563e+00
1.721721721721721776e-01	-2.472752304824969105e+00	1.705698109969370213e+00
1.731731731731731838e-01	-3.279988223374290968e+00	2.533486035046239149e+00
1.741741741741741623e-01	-3.485240623921509240e+00	2.760028625161111471e+00
1.751751751751751685e-01	-2.405647776479375555e+00	1.702443097398691485e+00
1.761761761761761746e-01	-3.331995193916969633e+00	2.651493202561717055e+00
1.771771771771771808e-01	-3.211030143002360226e+00	2.553903757733171798e+00
1.781781781781781870e-01	-3.002705298717241789e+00	2.369604322790420881e+00
1.791791791791791655e-01	-2.663124416230628011e+00	2.054674895236410226e+00
1.801801801801801717e-01	-2.803875745798121155e+00	2.220679348591847457e+00
1.811811811811811779e-01	-3.447456786584006672e+00	2.890090210322364239e+00
1.821821821821821841e-01	-2.935619322281557864e+00	2.404633722152237141e+00
1.831831831831831903e-01	-3.836485067043465147e+00	3.332405511252140684e+00
1.841841841841841965e-01	-2.056662577094874322e+00	1.579987527648447188e+00
1.851851851851851749e-01	-3.330468888804618555e+00	2.881669708604156277e+00
1.861861861861861811e-01	-3.102490656037381278e+00	2.682011142768166767e+00
1.871871871871871873e-01	-2.390573395915277288e+00	1.998829343194879371e+00
1.881881881881881935e-01	-2.808866869779660824e+00	2.446245655997993484e+00
1.891891891891891997e-01	-1.267630573863993693e+00	9.344907791219360105e-01
1.901901901901901781e-01	-2.932986045680656240e+00	2.629657097206028915e+00
1.911911911911911843e-01	-1.878069186828749126e+00	1.604851033220282774e+00
1.921921921921921905e-01	-1.897717004618085568e+00	1.654879819239498229e+00
1.931931931931931967e-01	-2.573125531555980672e+00	2.360909445373472693e+00
1.941941941941942029e-01	-1.484274468134289204e+00	1.302889332261638389e+00
1.951951951951951814e-01	-1.844967532770916518e+00	1.694592710956979609e+00
1.961961961961961876e-01	-1.177406902758127982e+00	1.058191094021953660e+00
1.971971971971971938e-01	-1.050604033599899623e+00	9.626651251888377336e-01
1.981981981981981999e-01	-3.910094608607123101e-02	-1.747410309772149534e-02
1.991991991991992061e-01	-3.104959710450378996e-01	2.853407256556619309e-01
2.002002002002001846e-01	-1.252454755869936598e+00	1.258744189186003615e+00
2.012012012012011908e-01	-1.048309556001618459e+00	1.086037448680335249e+00
2.022022022022021970e-01	-8.065648693833805949e-02	1.497855315331224069e-01
2.032032032032032032e-01	-1.840779854162401252e-01	2.845398232684081541e-01
2.042042042042042094e-01	-5.911797521282569079e-02	1.908132640484496434e-01
2.052052052052052156e-01	-1.329627983128751856e+00	1.492426495293845967e+00
2.062062062062061940e-01	-2.321812311025130415e-01	4.259219823394098103e-01
2.072072072072072002e-01	-5.472365009798992874e-01	7.717279096174712860e-01
2.082082082082082064e-01	2.691227992381929890e-01	-1.410272283788288616e-02
2.092092092092092126e-01	1.209704822241783329e-01	1.643260838498713516e-01
2.102102102102102188e-01	9.321755784265928213e-01	-6.168846398510902107e-01
2.112112112112111972e-01	7.577746384119155021e-01	-4.128011046173254428e-01
2.122122122122122034e-01	1.170963266654985180e+00	-7.966482667309664478e-01
2.132132132132132096e-01	5.571568243157269951e-01	-1.538705018317464979e-01
2.142142142142142158e-01	2.670556619817482380e-01	1.648031910315486681e-01
2.152152152152152220e-01	7.236233181407873971e-01	-2.636189807421766007e-01
2.162162162162162282e-01	1.042668940019009893e+00	-5.549739962053753528e-01
2.172172172172172067e-01	1.395122584384639097e+00	-8.802192941438269358e-01
2.182182182182182129e-01	2.751921664607865026e+00	-2.210319193059675058e+00
2.192192192192192191e-01	1.481060590022657442e+00	-9.132945039279496413e-01
2.202202202202202252e-01	1.009668019472461431e+00	-4.162997576348409501e-01
2.212212212212212314e-01	1.411112591986317666e+00	-7.927289100701019331e-01
2.222222222222222099e-01	1.378518770948897743e+00	-7.357311612623592678e-01
2.232232232232232161e-01	1.946465875440017035e+00	-1.279909962257645528e+00
2.242242242242242223e-01	7.257050088763807860e-01	-3.603991989811927699e-02
2.252252252252252285e-01	1.773013116243011167e+00	-1.060920830811985738e+00
2.262262262262262347e-01	1.934535560979072644e+00	-1.200720235702344763e+00
2.272272272272272131e-01	2.025589239992690693e+00	-1.270776512431892158e+00
2.282282282282282193e-01	1.568743248156145187e+00	-7.936795192765437879e-01
2.292292292292292255e-01	1.821242538671044686e+00	-1.026694234758600999e+00
2.302302302302302317e-01	1.218871984299763955e+00	-4.056247990760308841e-01
2.312312312312312379e-01	1.819583872624669141e+00	-9.884419903089758375e-01
2.322322322322322163e-01	1.876092101437837112e+00	-1.027877401525035372e+00
2.332332332332332225e-01	2.515907009577429854e+00	-1.651458254117565305e+00
2.342342342342342287e-01	1.621106194035097481e+00	-7.412781982186683605e-01
2.352352352352352349e-01	2.814964984738979492e+00	-1.920627771607952283e+00
2.362362362362362411e-01	3.350742916341745925e+00	-2.442780856462199779e+00
2.372372372372372473e-01	1.203135094534752980e+00	-2.824460314818897366e-01
2.382382382382382258e-01	2.762157006179512653e+00	-1.829651368699805492e+00
2.392392392392392320e-01	3.040063516350252737e+00	-2.096663418078671626e+00
2.402402402402402382e-01	2.317443243329988967e+00	-1.364081570952559996e+00
2.412412412412412444e-01	2.492619921928387772e+00	-1.530239412691754453e+00
2.422422422422422505e-01	2.672873037704610155e+00	-1.702425347184813198e+00
2.432432432432432290e-01	2.506671176099665832e+00	-1.529115937151979798e+00
2.442442442442442352e-01	2.531481738843469831e+00	-1.547785612663859833e+00
2.452452452452452414e-01	1.741879692268994306e+00	-7.530154125055585901e-01
2.462462462462462476e-01	3.497680011369915576e+00	-2.504625422229548093e+00
2.472472472472472538e-01	3.558300962113805532e+00	-2.562038051415250983e+00
2.482482482482482600e-01	2.425567931738663585e+00	-1.427081859868141178e+00
2.492492492492492384e-01	2.076025442200573945e+00	-1.076303567930185334e+00
2.502502502502502724e-01	3.280972826040685408e+00	-2.281003730172938671e+00
2.512512512512512508e-01	2.628920179495255471e+00	-1.629692687299176157e+00
2.522522522522522292e-01	3.061564080494745266e+00	-2.064066283900245491e+00
2.532532532532532632e-01	2.819502108936786211e+00	-1.824720389454201008e+00
2.542542542542542416e-01	3.462160230255725502e+00	-2.471078283586705560e+00
2.552552552552552756e-01	3.566503431075602304e+00	-2.580101294379887999e+00
2.562562562562562540e-01	2.731798767373320391e+00	-1.751051850153280576e+00
2.572572572572572325e-01	2.312255015530077618e+00	-1.338133135091341241e+00
2.582582582582582664e-01	2.105317088769682154e+00	-1.138783511211640675e+00
2.592592592592592449e-01	3.458951676228665839e+00	-2.500962163913176717e+00
2.602602602602602788e-01	2.313077396731003876e+00	-1.364579263171208812e+00
2.612612612612612573e-01	2.610583180777846124e+00	-1.672514353881679794e+00
2.622622622622622357e-01	2.609782946586476360e+00	-1.683071041181190886e+00
2.632632632632632697e-01	2.887875348158316591e+00	-1.973436748713150557e+00
2.642642642642642481e-01	1.652464495474913253e+00	-7.512034499289683698e-01
2.652652652652652820e-01	2.905065755587076914e+00	-2.017873481178472872e+00
2.662662662662662605e-01	3.114068954677161827e+00	-2.241822756657675608e+00
2.672672672672672389e-01	2.839433912417840489e+00	-1.982996316524493707e+00
2.682682682682682729e-01	2.572661789515509057e+00	-1.732879689056969763e+00
2.692692692692692513e-01	2.792417121306714378e+00	-1.970120939707904473e+00
2.702702702702702853e-01	3.020612542016442248e+00	-2.216615411649501155e+00
2.712712712712712637e-01	9.558453399335584688e-01	-1.709422980471537734e-01
2.722722722722722422e-01	3.706807939357191994e+00	-2.941775141899301005e+00
2.732732732732732761e-01	2.798403526000435626e+00	-2.053997480112016660e+00
2.742742742742742545e-01	2.175718735418083138e+00	-1.452675551356573003e+00
2.752752752752752885e-01	2.234625951023708534e+00	-1.533660614256111554e+00
2.762762762762762669e-01	2.741274475449008374e+00	-2.063080139634341670e+00
2.772772772772773009e-01	2.315412130548089475e+00	-1.660659432108355427e+00
2.782782782782782793e-01	1.063131862935990268e+00	-4.324682578934327948e-01
2.792792792792792578e-01	3.446916559494862309e+00	-2.840965683231312600e+00
2.802802802802802917e-01	2.076946275774725237e+00	-1.496307326346119737e+00
2.812812812812812702e-01	2.743820150880762920e+00	-2.189067296496644666e+00
2.822822822822823041e-01	1.705019578310303263e+00	-1.176701389564252409e+00
2.832832832832832826e-01	3.067091266029023267e+00	-2.565730173441416628e+00
2.842842842842842610e-01	2.248355109661333007e+00	-1.774446887070889378e+00
2.852852852852852950e-01	2.437121564539058927e+00	-1.991134838853982680e+00
2.862862862862862734e-01	1.369993231682070434e+00	-9.523690194756035954e-01
2.872872872872873073e-01	2.682360401087825252e+00	-2.293511672496438170e+00
2.882882882882882858e-01	2.327073176515087827e+00	-1.967384446870551029e+00
2.892892892892892642e-01	2.739213414244934253e+00	-2.409040363844096699e+00
2.902902902902902982e-01	1.491811812675284621e+00	-1.191480935063533586e+00
2.912912912912912766e-01	1.445498292998963263e+00	-1.175306572115180748e+00
2.922922922922923106e-01	3.074362142788568342e+00	-2.834576759290832193e+00
2.932932932932932890e-01	9.900206660519749180e-01	-7.808787331144076971e-01
2.942942942942942675e-01	1.425856445297482011e+00	-1.247564774139504618e+00
2.952952952952953014e-01	2.105458473398186037e+00	-1.958193368778045507e+00
2.962962962962962798e-01	1.529216712911951603e+00	-1.413123798786720453e+00
2.972972972972973138e-01	1.656176034303959543e+00	-1.571370109828449824e+00
2.982982982982982922e-01	9.526102459720442450e-01	-8.991751719789865538e-01
2.992992992992992707e-01	1.347344654534851305e+00	-1.325333270608622049e+00
3.003003003003003046e-01	2.325572729009452444e-01	-2.419913451268422555e-01
3.013013013013012831e-01	1.910690788660615702e+00	-1.951560988101326055e+00
3.023023023023023170e-01	7.758391765596017731e-01	-8.481050884801895062e-01
3.033033033033032955e-01	4.066131741440132119e-01	-5.102033379762518361e-01
3.043043043043043294e-01	1.029920612507581490e+00	-1.164732592514165166e+00
3.053053053053053079e-01	2.573428340862124464e-01	-4.232433206549256477e-01
3.063063063063062863e-01	-4.540288581356208830e-01	2.572039166679171429e-01
3.073073073073073203e-01	-5.905368687462482225e-01	3.629821038701654956e-01
3.083083083083082987e-01	4.604059721205293609e-01	-7.184655415493784725e-01
3.093093093093093326e-01	-1.569456987108201751e-01	-1.313634915614025067e-01
3.103103103103103111e-01	-2.748049144144306122e-01	-4.346880047787732293e-02
3.113113113113112895e-01	4.217241626035606039e-01	-7.696476752978441693e-01
3.123123123123123235e-01	-1.063325825878457032e+00	6.860965615756872138e-01
3.133133133133133019e-01	-9.937182462198956845e-01	5.875562556654247981e-01
3.143143143143143359e-01	-9.644300842485332703e-01	5.297370030941372931e-01
3.153153153153153143e-01	-7.528220356100947530e-01	2.900277126427966978e-01
3.163163163163162928e-01	-9.113016712456961654e-01	4.208637433292763408e-01
3.173173173173173267e-01	-1.262819547953709209e+00	7.452229874918312458e-01
3.183183183183183051e-01	-1.184785506521934373e+00	6.405421418903556319e-01
3.193193193193193391e-01	-1.305403194907919229e+00	7.350512043300178044e-01
3.203203203203203175e-01	-1.836440748294233094e+00	1.240544127660335061e+00
3.213213213213212960e-01	-2.023413764714851126e+00	1.402561769871608632e+00
3.223223223223223299e-01	-1.495386260300155534e+00	8.501928243614629288e-01
3.233233233233233084e-01	-2.285925862414993848e+00	1.617028988670655032e+00
3.243243243243243423e-01	-2.596655869791455462e+00	1.904717000813909600e+00
3.253253253253253208e-01	-2.149407608613936649e+00	1.435110972186915745e+00
3.263263263263262992e-01	-2.224319033205979235e+00	1.488370965721876882e+00
3.273273273273273332e-01	-7.994835041458195901e-01	4.261175214082757456e-02
3.283283283283283116e-01	-2.607553200432586316e+00	1.830506200950298590e+00
3.293293293293293456e-01	-1.716683826199365992e+00	9.202299666944363521e-01
3.303303303303303240e-01	-1.857045669119720133e+00	1.041972527633458157e+00
3.313313313313313024e-01	-3.055236022919611827e+00	2.222349589278839410e+00
3.323323323323323364e-01	-1.895237273373325815e+00	1.045361152182639586e+00
3.333333333333333148e-01	-3.189475354628508175e+00	2.323449950844070244e+00
3.343343343343343488e-01	-4.228904175186911196e+00	3.347585863077104040e+00
3.353353353353353272e-01	-2.363831777902437370e+00	1.468092054217182474e+00
3.363363363363363057e-01	-3.929695047378867212e+00	3.020419669564978982e+00
3.373373373373373396e-01	-2.639792444985018083e+00	1.717880555299793333e+00
3.383383383383383181e-01	-3.360243878250530170e+00	2.426607114639684148e+00
3.393393393393393520e-01	-1.964449750283593810e+00	1.020011344902764794e+00
3.403403403403403304e-01	-2.321552570300668084e+00	1.367246436571919688e+00
3.413413413413413644e-01	-3.279365350192429585e+00	2.316135159298516655e+00
3.423423423423423428e-01	-3.484694861961130652e+00	2.513493109690754679e+00
3.433433433433433213e-01	-3.890561557938699622e+00	2.912348622805491338e+00
3.443443443443443552e-01	-3.500908456933701007e+00	2.516651650500332238e+00
3.453453453453453337e-01	-3.431000148648481129e+00	2.441672758994987369e+00
3.463463463463463676e-01	-3.500414479031374260e+00	2.506994808313563361e+00
3.473473473473473461e-01	-3.238886717061490561e+00	2.242357114111153571e+00
3.483483483483483245e-01	-2.961998129369649568e+00	1.963344018293193161e+00
3.493493493493493585e-01	-3.059262997534085038e+00	2.059471903270158943e+00
3.503503503503503369e-01	-3.755988912201313923e+00	2.756049484001020122e+00
3.513513513513513709e-01	-4.230613048094025608e+00	3.231514081889343970e+00
3.523523523523523493e-01	-2.659438372237082238e+00	1.662167832864249517e+00
3.533533533533533277e-01	-3.873954965045884880e+00	2.879499009290607425e+00
3.543543543543543617e-01	-3.939423426033667130e+00	2.948765427464235422e+00
3.553553553553553401e-01	-3.932668448319612153e+00	2.946788024872216027e+00
3.563563563563563741e-01	-4.742571505037537882e+00	3.762443550315361485e+00
3.573573573573573525e-01	-4.010616404811157665e+00	3.037210124055155003e+00
3.583583583583583310e-01	-3.983987782722462789e+00	3.018265734407107548e+00
3.593593593593593649e-01	-3.196174384639181021e+00	2.239091528640910322e+00
3.603603603603603434e-01	-3.142735872524176521e+00	2.195238625803746402e+00
3.613613613613613773e-01	-3.461675857937619671e+00	2.524701158670181744e+00
3.623623623623623557e-01	-2.888905666539439920e+00	1.963380047617761637e+00
3.633633633633633342e-01	-3.174049750213751686e+00	2.260888423040768203e+00
3.643643643643643681e-01	-3.440242441324711464e+00	2.540348390801392853e+00
3.653653653653653466e-01	-3.358720119085347733e+00	2.472983210688817657e+00
3.663663663663663805e-01	-3.529151341022800814e+00	2.658447440857673261e+00
3.673673673673673590e-01	-3.609312540148737369e+00	2.754502648841810508e+00
3.683683683683683929e-01	-3.463560076237711893e+00	2.625489477532485516e+00
3.693693693693693714e-01	-3.964488230674485081e+00	3.143985655567397064e+00
3.703703703703703498e-01	-3.083038203529758103e+00	2.280915010774713814e+00
3.713713713713713838e-01	-3.815890744852558303e+00	3.032940118644094962e+00
3.723723723723723622e-01	-2.673734003167751894e+00	1.910730168796224593e+00
3.733733733733733962e-01	-3.302870861128710089e+00	2.560568319383100810e+00
3.743743743743743746e-01	-3.094984217538220950e+00	2.374116998613635232e+00
3.753753753753753530e-01	-2.727787433778419590e+00	2.029068371426051343e+00
3.763763763763763870e-01	-2.491411955598992201e+00	1.815531982236312514e+00
3.773773773773773654e-01	-3.860825157253171103e+00	3.208452620731379934e+00
3.783783783783783994e-01	-2.985235484579714882e+00	2.357015487284072286e+00
3.793793793793793778e-01	-2.218783235613067450e+00	1.615336996549641135e+00
3.803803803803803563e-01	-3.712057794731958626e+00	3.133982035231586583e+00
3.813813813813813902e-01	-2.326328810914183975e+00	1.774195164561114257e+00
3.823823823823823687e-01	-3.880277090950447594e+00	3.354631538319126083e+00
3.833833833833834026e-01	-3.115107832739001381e+00	2.616470161498009261e+00
3.843843843843843811e-01	-2.448782212323416196e+00	1.977645503240398117e+00
3.853853853853853595e-01	-3.470303942668221175e+00	3.027134082024093509e+00
3.863863863863863934e-01	-3.046604707340387908e+00	2.631839926234980975e+00
3.873873873873873719e-01	-3.361753615440472132e+00	2.975804056445142010e+00
3.883883883883884058e-01	-1.397608327975261133e+00	1.040855639561029999e+00
3.893893893893893843e-01	-2.168479013769423869e+00	1.841275972911651460e+00
3.903903903903903627e-01	-1.826493968203522389e+00	1.529164131536349558e+00
3.913913913913913967e-01	-2.199066057738587876e+00	1.931903441604066352e+00
3.923923923923923751e-01	-2.182138239313498929e+00	1.945407029021817502e+00
3.933933933933934091e-01	-2.889642789724142347e+00	2.683577078312449959e+00
3.943943943943943875e-01	-1.983427437836163154e+00	1.808230994584292928e+00
3.953953953953953659e-01	-2.210322897434363387e+00	2.066168966366404014e+00
3.963963963963963999e-01	-1.080401586209605691e+00	9.674327147805321658e-01
3.973973973973973783e-01	-8.010892562455945720e-01	7.194171543823875137e-01
3.983983983983984123e-01	-4.288296090803004890e-01	3.785350387169341135e-01
3.993993993993993907e-01	-6.466950843987825381e-01	6.278277796143154621e-01
4.004004004004003692e-01	-1.441979449539355640e+00	1.454558067378095343e+00
4.014014014014014031e-01	-1.723408821340175479e+00	1.767420923362555962e+00
4.024024024024023816e-01	-4.096775007734273499e-01	4.850795653558280240e-01
4.034034034034034155e-01	-5.167384586555229253e-01	6.234559240268812141e-01
4.044044044044043940e-01	-1.776275558106447994e+00	1.914202896079101102e+00
4.054054054054054279e-01	-3.330177551669974423e-01	5.020185754888464302e-01
4.064064064064064064e-01	6.240872315128101477e-02	1.374984620735237306e-01
4.074074074074073848e-01	-1.613331095719892638e-01	3.919489803144281526e-01
4.084084084084084187e-01	-1.564514765136022223e-01	4.175479869256911725e-01
4.094094094094093972e-01	-4.525137377243569348e-01	7.438327009999032846e-01
4.104104104104104311e-01	-7.081126303989718762e-01	1.029365974083115143e+00
4.114114114114114096e-01	7.956408789381124169e-01	-4.447708280867821995e-01
4.124124124124123880e-01	3.102136658001685698e-01	6.992613232342648200e-02
4.134134134134134220e-01	3.714830018989093707e-01	3.755064004183678028e-02
4.144144144144144004e-01	1.699804995408171981e+00	-1.262281984951268754e+00
4.154154154154154344e-01	1.198450426118660594e+00	-7.328706943247027539e-01
4.164164164164164128e-01	1.147733034060865798e+00	-6.545569721613919700e-01
4.174174174174173912e-01	1.140978279874397927e+00	-6.206935678928193756e-01
4.184184184184184252e-01	2.196314506505541164e+00	-1.649435631011913816e+00
4.194194194194194036e-01	2.508550728759011417e+00	-1.935618474116992838e+00
4.204204204204204376e-01	2.226137911322474405e+00	-1.627718824931547292e+00
4.214214214214214160e-01	2.107889631819642950e+00	-1.484575463881427027e+00
4.224224224224223945e-01	4.887601071750394266e-01	1.588327744623539428e-01
4.234234234234234284e-01	1.816084007901601627e+00	-1.144852788560699386e+00
4.244244244244244069e-01	1.714902616513727107e+00	-1.020696810373004748e+00
4.254254254254254408e-01	1.970016400308279847e+00	-1.253522476825496668e+00
4.264264264264264193e-01	2.652228638684963169e+00	-1.914155107052625260e+00
4.274274274274273977e-01	4.248000727614126282e-01	3.341232187066753845e-01
4.284284284284284317e-01	1.735043686639640592e+00	-9.560211010561501244e-01
4.294294294294294101e-01	2.404643721421285019e+00	-1.606292182746879682e+00
4.304304304304304440e-01	2.017129483322997796e+00	-1.200238446130092562e+00
4.314314314314314225e-01	1.437147068435427499e+00	-6.025243201876102628e-01
4.324324324324324564e-01	2.886821931223095827e+00	-2.035292793489784646e+00
4.334334334334334349e-01	2.636695498149594474e+00	-1.769102010481993004e+00
4.344344344344344133e-01	1.972193380670276719e+00	-1.089393467945657612e+00
4.354354354354354473e-01	2.874672722598226926e+00	-1.977539346655913244e+00
4.364364364364364257e-01	3.237458448129253430e+00	-2.326878744537218324e+00
4.374374374374374597e-01	2.838698057455767643e+00	-1.915572458261455502e+00
4.384384384384384381e-01	3.411608220630859556e+00	-2.476849563963708700e+00
4.394394394394394165e-01	2.970239408497724831e+00	-2.024772035903861678e+00
4.404404404404404505e-01	2.698598535243995844e+00	-1.743357377645708972e+00
4.414414414414414289e-01	2.233894215555976448e+00	-1.269823868739826001e+00
4.424424424424424629e-01	2.899623064605906464e+00	-1.927676855153672708e+00
4.434434434434434413e-01	3.047937857388151262e+00	-2.069076899974289674e+00
4.444444444444444198e-01	3.449688085086267897e+00	-2.464880332074060210e+00
4.454454454454454537e-01	2.862884543503535717e+00	-1.873103827779752262e+00
4.464464464464464322e-01	3.228386786746331172e+00	-2.234611858740906953e+00
4.474474474474474661e-01	2.484578627794800987e+00	-1.487792187637766661e+00
4.484484484484484446e-01	2.580175953498929253e+00	-1.581363679271660105e+00
4.494494494494494230e-01	3.001274366218439571e+00	-2.001423939260138951e+00
4.504504504504504570e-01	2.421861118027370363e+00	-1.421961246260621481e+00
4.514514514514514354e-01	3.531751060705440537e+00	-2.532790500946612955e+00
4.524524524524524693e-01	3.488089861519317658e+00	-2.491056441740627569e+00
4.534534534534534478e-01	3.433762791793348867e+00	-2.439642434303409324e+00
4.544544544544544262e-01	3.482641543037380494e+00	-2.492417289546181802e+00
4.554554554554554602e-01	4.585418695992706795e+00	-3.600069735525090131e+00
4.564564564564564386e-01	3.179387326664295355e+00	-2.199888027283178893e+00
4.574574574574574726e-01	2.029477158479525922e+00	-1.056796103776365792e+00
4.584584584584584510e-01	3.425234075673696754e+00	-2.460333106978957574e+00
4.594594594594594295e-01	3.315939714143760320e+00	-2.359772979404509030e+00
4.604604604604604634e-01	2.996882061616513493e+00	-2.050395071881661035e+00
4.614614614614614418e-01	2.634049024061277500e+00	-1.698177718507464906e+00
4.624624624624624758e-01	2.913933128591791544e+00	-1.989602949014482869e+00
4.634634634634634542e-01	3.229614531287523960e+00	-2.317739506972490204e+00
4.644644644644644327e-01	2.782702882530629473e+00	-1.884184726410761179e+00
4.654654654654654666e-01	4.586228436718580603e+00	-3.701955653709802618e+00
4.664664664664664451e-01	2.599332501243845517e+00	-1.730179509641845748e+00
4.674674674674674790e-01	2.634288796155327184e+00	-1.781115062961934559e+00
4.684684684684684575e-01	1.615873150043683815e+00	-7.795223410779070772e-01
4.694694694694694914e-01	3.032745991571137889e+00	-2.214045137205309377e+00
4.704704704704704699e-01	1.584129845835843042e+00	-7.838885231818106814e-01
4.714714714714714483e-01	2.358101612660350010e+00	-1.577111145014431282e+00
4.724724724724724823e-01	2.497647641545880592e+00	-1.736680315884213011e+00
4.734734734734734607e-01	2.199371109356636822e+00	-1.459179412654692420e+00
4.744744744744744946e-01	3.659648375629809269e+00	-2.940964250761271437e+00
4.754754754754754731e-01	3.263449834756836587e+00	-2.566983956707614034e+00
4.764764764764764515e-01	3.417996996805000354e+00	-2.744438069918134104e+00
4.774774774774774855e-01	2.013507737272155929e+00	-1.363521814218509043e+00
4.784784784784784639e-01	3.162299389240655678e+00	-2.536529212388848542e+00
4.794794794794794979e-01	2.735417984226316879e+00	-2.134482350063194200e+00
4.804804804804804763e-01	2.772160463493795302e+00	-2.196653610723904304e+00
4.814814814814814548e-01	2.920238462788492750e+00	-2.370729484717685853e+00
4.824824824824824887e-01	1.776200574575390823e+00	-1.253232856359587588e+00
4.834834834834834671e-01	1.956294807732816166e+00	-1.460385489048426244e+00
4.844844844844845011e-01	2.671104327243477350e+00	-2.202743790910816735e+00
4.854854854854854795e-01	4.449882228494443925e-01	-4.639609914825038040e-03
4.864864864864864580e-01	2.907101169191442125e+00	-2.495199920947448025e+00
4.874874874874874919e-01	2.308911588068019771e+00	-1.925865015464850893e+00
4.884884884884884704e-01	1.864794349685065633e+00	-1.510981230558726018e+00
4.894894894894895043e-01	1.965958245465944998e+00	-1.641728449981573412e+00
4.904904904904904828e-01	9.940335334333882944e-01	-6.997076781141060575e-01
4.914914914914914612e-01	1.328106729892154281e+00	-1.063975860575546051e+00
4.924924924924924952e-01	2.167104931793041533e+00	-1.933430235828789145e+00
4.934934934934934736e-01	2.350378603287058610e+00	-2.147391151260295672e+00
4.944944944944945076e-01	3.180543198810509509e+00	-3.008443716046341088e+00
4.954954954954954860e-01	1.557074343796583715e+00	-1.416033011871663527e+00
4.964964964964965199e-01	1.114080844460782371e+00	-1.004237132918281761e+00
4.974974974974974984e-01	1.089560103324452411e+00	-1.011022631758782486e+00
4.984984984984984768e-01	6.831525615349849367e-01	-6.359989921826774140e-01
4.994994994994995108e-01	1.049809410124724618e+00	-1.034086371067683752e+00
5.005005005005005447e-01	1.190119147686525602e+00	-1.205842186743566913e+00
5.015015015015015232e-01	7.849837226964402337e-01	-8.321372920487465352e-01
5.025025025025025016e-01	1.430597470573893304e+00	-1.509134942139562119e+00
5.035035035035034801e-01	4.914517590440184436e-01	-6.012954705865178884e-01
5.045045045045044585e-01	2.847178072859040121e-01	-4.257591392108213135e-01
5.055055055055055480e-01	-1.542520176073977622e-02	-1.566742810034292277e-01
5.065065065065065264e-01	-8.509145287832661220e-01	6.479270767565046274e-01
5.075075075075075048e-01	-9.462312984966516627e-01	7.125566025324004960e-01
5.085085085085084833e-01	-8.572232585851889963e-01	5.930923892685836529e-01
5.095095095095094617e-01	5.045277722360247408e-01	-7.988536275553057564e-01
5.105105105105105512e-01	3.235806355499108999e-01	-6.478104310342831518e-01
5.115115115115115296e-01	4.937989145349953590e-01	-8.476120336613338635e-01
5.125125125125125081e-01	-1.271123145463312287e+00	8.880765728601461850e-01
5.135135135135134865e-01	-1.830495920085706052e+00	1.418594671841716170e+00
5.145145145145144649e-01	-1.209130159216449174e+00	7.687815462818309298e-01
5.155155155155155544e-01	-7.690070965992857888e-01	3.006465602666245074e-01
5.165165165165165329e-01	-6.430699943662931961e-01	1.471606756819042738e-01
5.175175175175175113e-01	-4.246960971875531898e-01	-9.827162102824738010e-02
5.185185185185184897e-01	-1.013637063678064276e+00	4.641280856072583783e-01
5.195195195195194682e-01	-3.038332524868853080e-01	-2.716736002830033581e-01
5.205205205205205576e-01	-1.552009773477830867e+00	9.510741393147076339e-01
5.215215215215215361e-01	-2.060857101020911575e+00	1.435086924169106659e+00
5.225225225225225145e-01	-2.654635410280971275e+00	2.004649487227326610e+00
5.235235235235234930e-01	-2.279544328744208315e+00	1.605985401857342953e+00
5.245245245245244714e-01	-1.696812858538059743e+00	1.000346980488839410e+00
5.255255255255255609e-01	-2.502134314778552415e+00	1.783450189910014139e+00
5.265265265265265393e-01	-1.482192101497244785e+00	7.420004047953022708e-01
5.275275275275275177e-01	-1.276439030252096707e+00	5.154717045904287920e-01
5.285285285285284962e-01	-3.660369454318709970e+00	2.879378986672793239e+00
5.295295295295294746e-01	-1.803491572196741499e+00	1.003250249542710915e+00
5.305305305305305641e-01	-3.766943046607785561e+00	2.948242192241957937e+00
5.315315315315315425e-01	-2.214338954593237041e+00	1.377988145627461858e+00
5.325325325325325210e-01	-1.684508374702858413e+00	8.313346415094655661e-01
5.335335335335334994e-01	-2.378025312858281115e+00	1.508872321256283122e+00
5.345345345345344779e-01	-3.349036804624991426e+00	2.464764021616215217e+00
5.355355355355355673e-01	-3.080074547237961369e+00	2.181556391118094407e+00
5.365365365365365458e-01	-3.031627855769410296e+00	2.119752831454376096e+00
5.375375375375375242e-01	-2.997676969690542759e+00	2.073346790113234306e+00
5.385385385385385026e-01	-2.991693562655607597e+00	2.055822257101796335e+00
5.395395395395394811e-01	-2.971565589746650637e+00	2.025078600011799068e+00
5.405405405405405705e-01	-2.837560153373418270e+00	1.881393418634167869e+00
5.415415415415415490e-01	-3.797145602396398978e+00	2.832244633701659797e+00
5.425425425425425274e-01	-3.343117763703511436e+00	2.370436709000351527e+00
5.435435435435435059e-01	-2.309228968946820171e+00	1.329729669565704153e+00
5.445445445445444843e-01	-3.559654102714914892e+00	2.574305142247299116e+00
5.455455455455455738e-01	-3.646908972283873229e+00	2.656684718792674538e+00
5.465465465465465522e-01	-2.709141239444996518e+00	1.715020881955057197e+00
5.475475475475475307e-01	-4.906143107675589476e+00	3.909109687896899388e+00
5.485485485485485091e-01	-2.666086854212030843e+00	1.667126294453203705e+00
5.495495495495495986e-01	-3.793328193506179780e+00	2.793428321739431119e+00
5.505505505505505770e-01	-3.309579071338901279e+00	2.309728644380601104e+00
5.515515515515515554e-01	-3.411942179522833296e+00	2.413129905295564370e+00
5.525525525525525339e-01	-2.961686745571300960e+00	1.964900305414266413e+00
5.535535535535535123e-01	-3.589792334077281488e+00	2.596017406071856826e+00
5.545545545545546018e-01	-3.915505663091149557e+00	2.925724947367366546e+00
5.555555555555555802e-01	-2.614651324355103945e+00	1.629843571342896036e+00
5.565565565565565587e-01	-4.885611466501326383e+00	3.906750509087464795e+00
5.575575575575575371e-01	-3.559067280686178503e+00	2.587121071233944303e+00
5.585585585585585155e-01	-4.426166008989756762e+00	3.462095662173604982e+00
5.595595595595596050e-01	-4.063075082128434268e+00	3.107833924530147840e+00
5.605605605605605835e-01	-2.324723527651302746e+00	1.379256155057439592e+00
5.615615615615615619e-01	-3.506447901604191841e+00	2.571689244937040542e+00
5.625625625625625403e-01	-3.341139008619842254e+00	2.418013409425528781e+00
5.635635635635635188e-01	-4.556424641757508276e+00	3.645844938165472726e+00
5.645645645645646082e-01	-3.960497860743431797e+00	3.063364484801118337e+00
5.655655655655655867e-01	-3.406309155581993764e+00	2.523509242857373991e+00
5.665665665665665651e-01	-3.221267387432513729e+00	2.353673899764911592e+00
5.675675675675675436e-01	-3.005051023604524918e+00	2.153521885871211961e+00
5.685685685685685220e-01	-3.404988529286932852e+00	2.570365781039114950e+00
5.695695695695696115e-01	-3.031846177933550379e+00	2.214955140740645589e+00
5.705705705705705899e-01	-3.000267677591418991e+00	2.201916138917012766e+00
5.715715715715715683e-01	-4.437307721840142882e+00	3.658285136256650638e+00
5.725725725725725468e-01	-3.192874951311793552e+00	2.433951659843704540e+00
5.735735735735735252e-01	-2.747603935395740660e+00	2.009530403763400752e+00
5.745745745745746147e-01	-2.748993928384414254e+00	2.032500004901631740e+00
5.755755755755755931e-01	-3.285356156373094638e+00	2.591150350232371391e+00
5.765765765765765716e-01	-3.541791486345508666e+00	2.870560267004604427e+00
5.775775775775775500e-01	-3.779707200977943327e+00	3.132114319340549180e+00
5.785785785785785285e-01	-3.150245819061753938e+00	2.526931651123535794e+00
5.795795795795796179e-01	-2.269159412892790328e+00	1.670740326501863660e+00
5.805805805805805964e-01	-4.172414740369952746e+00	3.599482485727931724e+00
5.815815815815815748e-01	-3.282186474706054291e+00	2.735307599212427387e+00
5.825825825825825532e-01	-3.563242468745392966e+00	3.042957756763813304e+00
5.835835835835835317e-01	-2.270972477600865513e+00	1.777796415701389243e+00
5.845845845845846211e-01	-2.971308800242405290e+00	2.505729068448447894e+00
5.855855855855855996e-01	-2.984671131943211098e+00	2.547148121486305428e+00
5.865865865865865780e-01	-2.776389276478743451e+00	2.367355634537998021e+00
5.875875875875875565e-01	-2.303156177571920260e+00	1.923016379448322377e+00
5.885885885885885349e-01	-2.638162040711166334e+00	2.287291989859833397e+00
5.895895895895896244e-01	-4.233496075307680684e+00	3.912242731623536418e+00
5.905905905905906028e-01	-2.050327360468976234e+00	1.759008397193430273e+00
5.915915915915915813e-01	-2.017945499017093081e+00	1.756848988605004713e+00
5.925925925925925597e-01	-2.358060194415874555e+00	2.127444323673432613e+00
5.935935935935935381e-01	-2.833941947320720800e+00	2.634034762095913251e+00
5.945945945945946276e-01	-1.917075122158588885e+00	1.748074301836738620e+00
5.955955955955956060e-01	-1.807219441913515912e+00	1.669292103940863248e+00
5.965965965965965845e-01	-2.123437655516117406e+00	2.016720190144758007e+00
5.975975975975975629e-01	-1.888878564550209527e+00	1.813476499967805911e+00
5.985985985985985414e-01	-2.299991940415289537e+00	2.255979838392904391e+00
5.995995995995996308e-01	-1.803119534829537907e+00	1.790540916990798870e+00
6.006006006006006093e-01	-2.566117479079244035e+00	2.584984783863711666e+00
6.016016016016015877e-01	-1.238206265633527980e+00	1.288500835996893246e+00
6.026026026026025662e-01	-1.906073844273248330e+00	1.987745946136452391e+00
6.036036036036035446e-01	-1.078792305465816614e+00	1.191761176894885477e+00
6.046046046046046341e-01	-2.074399376984578769e+00	2.218553308052538586e+00
6.056056056056056125e-01	-1.397791579633093972e+00	1.572988022884963089e+00
6.066066066066065909e-01	-9.616738159284540233e-01	1.167739527340145189e+00
6.076076076076075694e-01	-1.774433250706094700e+00	2.011164460997771464e+00
6.086086086086086588e-01	-6.575721418539364205e-01	9.247347579884568347e-01
6.096096096096096373e-01	-8.067124743571350010e-01	1.104042311024308276e+00
6.106106106106106157e-01	-1.555981862132614024e+00	1.883184902990385323e+00
6.116116116116115942e-01	-1.244118211668473695e+00	1.600870900082703718e+00
6.126126126126125726e-01	8.086244330995751017e-03	3.778633146643298191e-01
6.136136136136136621e-01	3.939981667234137563e-01	2.076661438199522980e-02
6.146146146146146405e-01	1.171694031370894562e-01	3.260004575070372668e-01
6.156156156156156189e-01	5.533778161073029667e-01	-8.224110702428583108e-02
6.166166166166165974e-01	5.651779452995663311e-01	-6.654027405857687594e-02
6.176176176176175758e-01	7.932378294530288976e-01	-2.675922768217084968e-01
6.186186186186186653e-01	1.635459515374052764e+00	-1.083325869020981047e+00
6.196196196196196437e-01	9.882252257284019833e-03	5.681935072430869260e-01
6.206206206206206222e-01	1.430995638352044574e+00	-8.275493992886193695e-01
6.216216216216216006e-01	9.415652760183691461e-01	-3.133452787227289926e-01
6.226226226226225791e-01	1.155019325531397634e+00	-5.026467890096072422e-01
6.236236236236236685e-01	1.269284602081261148e+00	-5.934046287185811286e-01
6.246246246246246470e-01	1.330600355868369888e+00	-6.318812935160026401e-01
6.256256256256256254e-01	9.684413142204616465e-01	-2.475740952958777052e-01
6.266266266266266038e-01	1.889447233616679434e+00	-1.147144691871072375e+00
6.276276276276275823e-01	3.031772874433939169e+00	-2.268769040062412756e+00
6.286286286286286717e-01	2.101547176471510348e+00	-1.318596550263046563e+00
6.296296296296296502e-01	2.320410214292179862e+00	-1.518287021537136461e+00
6.306306306306306286e-01	2.007584936895487004e+00	-1.187082361788400764e+00
6.316316316316316071e-01	2.432444622700329351e+00	-1.594374023995102974e+00
6.326326326326325855e-01	2.991873768150683954e+00	-2.137063876843758869e+00
6.336336336336336750e-01	2.553288872716340308e+00	-1.682584972551212532e+00
6.346346346346346534e-01	2.579307562842963808e+00	-1.693570654446435064e+00
6.356356356356356319e-01	3.286128620874611439e+00	-2.386234570351294160e+00
6.366366366366366103e-01	2.605643277589242413e+00	-1.692481950416259373e+00
6.376376376376375887e-01	3.336762346725845152e+00	-2.411236727804167757e+00
6.386386386386386782e-01	3.725225119133926732e+00	-2.788250419866488805e+00
6.396396396396396566e-01	4.184537099804066962e+00	-3.237039853083637730e+00
6.406406406406406351e-01	3.358314877783473484e+00	-2.401232021785202342e+00
6.416416416416416135e-01	4.327725115506233067e+00	-3.362003067190878713e+00
6.426426426426425920e-01	4.216620392396976946e+00	-3.243214111640974728e+00
6.436436436436436814e-01	2.939888484168350136e+00	-1.959760529446173738e+00
6.446446446446446599e-01	2.871064939199880151e+00	-1.885184515752484691e+00
6.456456456456456383e-01	3.389210850768538119e+00	-2.398552852199106411e+00
6.466466466466466168e-01	4.283861586180348624e+00	-3.289405630425071170e+00
6.476476476476475952e-01	3.677831551383954789e+00	-2.680561012011122290e+00
6.486486486486486847e-01	3.380225652844655038e+00	-2.381126686639973400e+00
6.496496496496496631e-01	4.770784965849208525e+00	-3.770845537648914725e+00
6.506506506506506415e-01	4.133122936371856682e+00	-3.133331842107930587e+00
6.516516516516516200e-01	2.487501128828112140e+00	-1.488847017751655510e+00
6.526526526526525984e-01	3.970891412658537067e+00	-2.974361809708200077e+00
6.536536536536536879e-01	4.131821766647672867e+00	-3.138402095929861968e+00
6.546546546546546663e-01	3.979254213362261705e+00	-2.989926823708768389e+00
6.556556556556556448e-01	4.176419689429974547e+00	-3.192162882996605777e+00
6.566566566566566232e-01	3.877333952516116788e+00	-2.899121017382907617e+00
6.576576576576576016e-01	3.047048230497380938e+00	-2.075846478227003633e+00
6.586586586586586911e-01	3.596456995829333536e+00	-2.633226804935421494e+00
6.596596596596596696e-01	3.225748531977504996e+00	-2.271442398248756156e+00
6.606606606606606480e-01	3.149748102650873793e+00	-2.205309697270044555e+00
6.616616616616616264e-01	2.924038814196183722e+00	-1.990402050585336591e+00
6.626626626626626049e-01	3.919032861726503558e+00	-2.997120972041276588e+00
6.636636636636636943e-01	3.650783548630548658e+00	-2.741508170816660872e+00
6.646646646646646728e-01	3.209326704307518430e+00	-2.313586980622262868e+00
6.656656656656656512e-01	3.033942708433651880e+00	-2.152624396323844280e+00
6.666666666666666297e-01	3.293378758363196379e+00	-2.427353354578756228e+00
6.676676676676676081e-01	3.904781036144570727e+00	-3.054904914953883832e+00
6.686686686686686976e-01	2.012333404753248178e+00	-1.179446971112475318e+00
6.696696696696696760e-01	3.447640116819885137e+00	-2.632566975333622494e+00
6.706706706706706544e-01	2.851476928051967619e+00	-2.055023068547037202e+00
6.716716716716716329e-01	1.866284197904534592e+00	-1.089237198422243758e+00
6.726726726726726113e-01	1.680181472508178508e+00	-9.233097205031857158e-01
6.736736736736737008e-01	2.213188200154299956e+00	-1.477240132670196715e+00
6.746746746746746792e-01	2.746037830677235281e+00	-2.031741194250213489e+00
6.756756756756756577e-01	2.792992194547464724e+00	-2.101053325569916641e+00
6.766766766766766361e-01	2.026336888025559890e+00	-1.357440014281219964e+00
6.776776776776777256e-01	3.139564361862424491e+00	-2.494370925923732329e+00
6.786786786786787040e-01	3.355507593659941445e+00	-2.734655598816697619e+00
6.796796796796796825e-01	2.693051020583433264e+00	-2.097154399949534564e+00
6.806806806806806609e-01	1.986353533504651825e+00	-1.416001542926748069e+00
6.816816816816816393e-01	2.974123458143781207e+00	-2.429880093512201356e+00
6.826826826826827288e-01	2.789155741284970791e+00	-2.271559180823093271e+00
6.836836836836837072e-01	2.837753003834335708e+00	-2.347315075917914662e+00
6.846846846846846857e-01	1.878467049185527760e+00	-1.415672726218227151e+00
6.856856856856856641e-01	4.184069659092216620e-01	1.628611524517387110e-02
6.866866866866866426e-01	3.398714086996120542e+00	-2.992552096441646992e+00
6.876876876876877320e-01	1.020755354301470019e+00	-6.435260899987007566e-01
6.886886886886887105e-01	1.838723026272066852e+00	-1.490799513577782065e+00
6.896896896896896889e-01	3.303312539663641356e+00	-2.985038824771330646e+00
6.906906906906906674e-01	2.060354818446808345e+00	-1.772045628174586218e+00
6.916916916916916458e-01	2.372849877988310929e+00	-2.114790308559459042e+00
6.926926926926927353e-01	7.024845948788942529e-01	-4.749298300028120812e-01
6.936936936936937137e-01	4.502576147439115162e-01	-2.534326732762048340e-01
6.946946946946946921e-01	1.023143116686848098e+00	-8.572426301181355068e-01
6.956956956956956706e-01	1.950857328869358254e+00	-1.816045348862773245e+00
6.966966966966966490e-01	1.085825308253469235e+00	-9.822351444212276128e-01
6.976976976976977385e-01	7.758990204863038809e-01	-7.036331085657165918e-01
6.986986986986987169e-01	1.303582470466518650e+00	-1.262712271025805411e+00
6.996996996996996954e-01	1.753522000853527274e+00	-1.744087928627630735e+00
7.007007007007006738e-01	6.833684626712563381e-02	-9.034823019335200267e-02
7.017017017017016522e-01	7.713741846358453114e-02	-1.305724924566392386e-01
7.027027027027027417e-01	1.129716346431805934e-01	-1.977775591186891058e-01
7.037037037037037202e-01	1.079599485506502976e+00	-1.195692399631734570e+00
7.047047047047046986e-01	4.537733252156859742e-01	-6.010384298358270039e-01
7.057057057057056770e-01	1.589980209123560417e+00	-1.768271880281534703e+00
7.067067067067066555e-01	7.660080897892864726e-01	-9.751500227268508070e-01
7.077077077077077449e-01	4.066551822158998020e-02	-2.804509017193248521e-01
7.087087087087087234e-01	7.041343358634837291e-01	-9.743260567472666889e-01
7.097097097097097018e-01	1.911620010017497928e-02	-3.194470777119249316e-01
7.107107107107106803e-01	-5.185883801659179060e-01	1.884153297650831282e-01
7.117117117117116587e-01	9.725155741421187550e-02	-4.569402870587442322e-01
7.127127127127127482e-01	-7.727669101242109484e-01	3.839181815328215897e-01
7.137137137137137266e-01	-6.644374571777997840e-01	2.468132449713323906e-01
7.147147147147147050e-01	1.094604091070035257e-01	-5.554471347920786339e-01
7.157157157157156835e-01	-8.610880823478719304e-01	3.871798597574309664e-01
7.167167167167166619e-01	-1.476673338356522480e+00	9.753122457689200608e-01
7.177177177177177514e-01	-1.335644516761043787e+00	8.073263280149910459e-01
7.187187187187187298e-01	-4.303375536077038155e-01	-1.244153007764133290e-01
7.197197197197197083e-01	-1.459719730232760915e+00	8.790807808041565252e-01
7.207207207207206867e-01	-1.550004559996605025e+00	9.440536837330592013e-01
7.217217217217216652e-01	-1.737747203179378808e+00	1.107083598136822333e+00
7.227227227227227546e-01	-1.386088743080856833e+00	7.313360446411210081e-01
7.237237237237237331e-01	-1.853316892700510587e+00	1.175122556885844549e+00
7.247247247247247115e-01	-2.808150973140574269e+00	2.107185636372978177e+00
7.257257257257256899e-01	-2.461959213168917859e+00	1.738916029107410832e+00
7.267267267267266684e-01	-2.572416808478731998e+00	1.828010762590313920e+00
7.277277277277277578e-01	-1.290992215593849135e+00	5.259594181359588116e-01
7.287287287287287363e-01	-1.651752101470214340e+00	8.668490595838104218e-01
7.297297297297297147e-01	-1.856832859319841100e+00	1.052835728952902006e+00
7.307307307307306932e-01	-2.724924514485356664e+00	1.902628332886549423e+00
7.317317317317316716e-01	-3.087235990185754897e+00	2.247453889727216048e+00
7.327327327327327611e-01	-3.018011546443480686e+00	2.161573950550134793e+00
7.337337337337337395e-01	-3.542161638728875683e+00	2.669915440709389909e+00
7.347347347347347180e-01	-1.429747541045448100e+00	5.425552666368453902e-01
7.357357357357356964e-01	-4.357037126843881225e+00	3.455776081297936564e+00
7.367367367367367859e-01	-2.799284681751688098e+00	1.884846082306521842e+00
7.377377377377377643e-01	-3.981887775260631646e+00	3.055175869855346615e+00
7.387387387387387427e-01	-3.353240795912938665e+00	2.415171969016773446e+00
7.397397397397397212e-01	-4.059615491395099696e+00	3.111117357835305519e+00
7.407407407407406996e-01	-4.292426828186070686e+00	3.334437315870582008e+00
7.417417417417417891e-01	-4.350644321340237042e+00	3.384110743782195563e+00
7.427427427427427675e-01	-2.601372540494821362e+00	1.627250660056085207e+00
7.437437437437437460e-01	-3.820019583356492721e+00	2.839272666136453349e+00
7.447447447447447244e-01	-4.253956228245886706e+00	3.267554091550172402e+00
7.457457457457457028e-01	-3.483026233327980670e+00	2.491944286658961172e+00
7.467467467467467923e-01	-3.820558614527074681e+00	2.825776895044489478e+00
7.477477477477477708e-01	-3.422423328836941003e+00	2.424925532242441228e+00
7.487487487487487492e-01	-5.026752692783375664e+00	4.027525200587296794e+00
7.497497497497497276e-01	-3.724602597886175204e+00	2.724633502018428466e+00
7.507507507507507061e-01	-3.397996508038273689e+00	2.398274633767885078e+00
7.517517517517517955e-01	-4.892551932341167031e+00	3.894065860470644402e+00
7.527527527527527740e-01	-3.742230595293942752e+00	2.745967684595388203e+00
7.537537537537537524e-01	-2.996904587288483857e+00	2.003849998148116374e+00
7.547547547547547309e-01	-4.055203165524544850e+00	3.066338885761108912e+00
7.557557557557557093e-01	-3.524801444653482552e+00	2.541105318473872110e+00
7.567567567567567988e-01	-3.556646966333725235e+00	2.579091727386038979e+00
7.577577577577577772e-01	-4.398661876844536245e+00	3.428214186324738844e+00
7.587587587587587556e-01	-3.934796816284152232e+00	2.972416307047518913e+00
7.597597597597597341e-01	-5.137840361482755469e+00	4.184478689105326055e+00
7.607607607607607125e-01	-4.432272362996397597e+00	3.488872264724815153e+00
7.617617617617618020e-01	-4.074442202752678099e+00	3.141936565272970494e+00
7.627627627627627804e-01	-3.724882485621785477e+00	2.804193422568922678e+00
7.637637637637637589e-01	-4.157484765716917607e+00	3.249522705837371461e+00
7.647647647647647373e-01	-3.684826931551741680e+00	2.790489718420713583e+00
7.657657657657657158e-01	-4.773317136817793127e+00	3.893489141001362341e+00
7.667667667667668052e-01	-4.169369961114762546e+00	3.304921205654896887e+00
7.677677677677677837e-01	-4.247611579819460026e+00	3.399396879906658064e+00
7.687687687687687621e-01	-3.073066431518166386e+00	2.241924549202472416e+00
7.697697697697697405e-01	-4.238436814420651899e+00	3.425189629196917718e+00
7.707707707707707190e-01	-4.494414292311600612e+00	3.699865988399154482e+00
7.717717717717718084e-01	-4.202695083297756540e+00	3.427631354418156029e+00
7.727727727727727869e-01	-4.872713394103840301e+00	4.117900666543041766e+00
7.737737737737737653e-01	-4.075296668043728587e+00	3.341481342767000040e+00
7.747747747747747438e-01	-4.432810322022383787e+00	3.720718036591356359e+00
7.757757757757757222e-01	-5.443498206261049077e+00	4.753833117282784571e+00
7.767767767767768117e-01	-4.291074966242804933e+00	3.624519053060433649e+00
7.777777777777777901e-01	-4.464447158584870401e+00	3.821659548898330705e+00
7.787787787787787686e-01	-5.458484578893020966e+00	4.840100896976804457e+00
7.797797797797797470e-01	-4.510870760701321203e+00	3.917502498863698168e+00
7.807807807807807254e-01	-3.489317423352783720e+00	2.921551337258074810e+00
7.817817817817818149e-01	-3.992036430770849353e+00	3.450433959222659830e+00
7.827827827827827933e-01	-3.750508025892000052e+00	3.235604735651187003e+00
7.837837837837837718e-01	-4.923278177045254722e+00	4.435583233231618294e+00
7.847847847847847502e-01	-3.603386051046496341e+00	3.143381713647881881e+00
7.857857857857857287e-01	-3.643917875647303628e+00	3.212059022634004890e+00
7.867867867867868181e-01	-3.294209537234961793e+00	2.890923214750980907e+00
7.877877877877877966e-01	-3.270951379959149641e+00	2.896636380035129577e+00
7.887887887887887750e-01	-4.317595114746431761e+00	3.972621580951838816e+00
7.897897897897897534e-01	-3.501143762844301399e+00	3.185852824268798678e+00
7.907907907907907319e-01	-3.764815565952589260e+00	3.479518999878537411e+00
7.917917917917918214e-01	-3.219934209461915220e+00	2.964914133061604673e+00
7.927927927927927998e-01	-3.663776693814915664e+00	3.439285285177341667e+00
7.937937937937937782e-01	-2.286958231712745704e+00	2.093217480475844994e+00
7.947947947947947567e-01	-3.468278072231272269e+00	3.305479560066177047e+00
7.957957957957957351e-01	-3.384849749112900597e+00	3.253154460277274396e+00
7.967967967967968246e-01	-2.664095052207600123e+00	2.563633214355431900e+00
7.977977977977978030e-01	-3.197492328793139826e+00	3.128363284198353522e+00
7.987987987987987815e-01	-2.719460541877835702e+00	2.681732649199118690e+00
7.997997997997997599e-01	-2.840451436016794062e+00	2.834162002700725047e+00
8.008008008008007383e-01	-1.069116207382778239e+00	1.094271452772151099e+00
8.018018018018018278e-01	-1.184699729159384152e+00	1.241274778343175678e+00
8.028028028028028062e-01	-1.480948801589464736e+00	1.568887710000523628e+00
8.038038038038037847e-01	-1.385698259787635500e+00	1.504914068523808490e+00
8.048048048048047631e-01	-3.376249433729996419e-01	4.879997651869345532e-01
8.058058058058058526e-01	-5.756317552434229157e-01	7.570168911160741754e-01
8.068068068068068310e-01	-3.454659024339410411e-01	5.576819886164476880e-01
8.078078078078078095e-01	-5.330561978880484775e-01	7.758933832666363717e-01
8.088088088088087879e-01	-1.356978471241542250e+00	1.630196624850007492e+00
8.098098098098097664e-01	-3.139645843084361565e-01	6.172935327830606500e-01
8.108108108108108558e-01	-4.438092456572316769e-01	7.769490403992890259e-01
8.118118118118118343e-01	4.351646858083974001e-01	-7.254347202673211426e-02
8.128128128128128127e-01	8.862529981352678110e-01	-4.945089454148701713e-01
8.138138138138137911e-01	1.583906062540645365e-01	2.620889070151486977e-01
8.148148148148147696e-01	1.043952619512295676e+00	-5.951534393118359523e-01
8.158158158158158590e-01	2.200124991606942526e+00	-1.723449942160515613e+00
8.168168168168168375e-01	9.129888596340052231e-01	-4.089093038426794280e-01
8.178178178178178159e-01	2.705349998146945545e+00	-2.174364398017625266e+00
8.188188188188187944e-01	1.189951884108528812e+00	-6.325853078468880453e-01
8.198198198198197728e-01	1.955505928143385086e+00	-1.372309530937114275e+00
8.208208208208208623e-01	2.186746520250675729e+00	-1.578296999256459499e+00
8.218218218218218407e-01	2.358022911202876326e+00	-1.724921935276054308e+00
8.228228228228228192e-01	2.045763645211297277e+00	-1.388637259942109292e+00
8.238238238238237976e-01	2.332975323739435058e+00	-1.652473332384184257e+00
8.248248248248247760e-01	2.458874542194355861e+00	-1.755669863113674456e+00
8.258258258258258655e-01	3.090081780801962719e+00	-2.364869782041564061e+00
8.268268268268268439e-01	3.196495824358079219e+00	-2.449993636030026956e+00
8.278278278278278224e-01	4.659266034614366170e+00	-3.892211839758767944e+00
8.288288288288288008e-01	4.457499408601350410e+00	-3.670651713229761803e+00
8.298298298298297793e-01	3.356032822013350181e+00	-2.550169705055683522e+00
8.308308308308308687e-01	3.966776052119477924e+00	-3.142694396016112890e+00
8.318318318318318472e-01	4.529707767686845798e+00	-3.688222470386795848e+00
8.328328328328328256e-01	4.089126957723342670e+00	-3.231070126867655823e+00
8.338338338338338041e-01	4.293429286165423520e+00	-3.419649416252696472e+00
8.348348348348347825e-01	4.489541066935212932e+00	-3.600902200282857457e+00
8.358358358358358720e-01	5.197325255019851653e+00	-4.294706127350817582e+00
8.368368368368368504e-01	4.159802356141857338e+00	-3.244095527641688292e+00
8.378378378378378288e-01	4.443589845514344994e+00	-3.515700818217836421e+00
8.388388388388388073e-01	5.101939509402189543e+00	-4.162785831782422896e+00
8.398398398398397857e-01	5.081063801267781344e+00	-4.131574160912968807e+00
8.408408408408408752e-01	4.988418464452746726e+00	-4.029531769728096791e+00
8.418418418418418536e-01	4.736534485886005896e+00	-3.769198937488715817e+00
8.428428428428428321e-01	5.531865132473616775e+00	-4.557037285799083293e+00
8.438438438438438105e-01	6.537451218741213488e+00	-5.556095037987654806e+00
8.448448448448447889e-01	5.619609657534966551e+00	-4.632695562481806917e+00
8.458458458458458784e-01	5.309531565094418148e+00	-4.318035471497033484e+00
8.468468468468468568e-01	5.979961175498444526e+00	-4.984863530048178504e+00
8.478478478478478353e-01	5.294539084518217642e+00	-4.296823895321955966e+00
8.488488488488488137e-01	5.200382187982820703e+00	-4.201036051520839365e+00
8.498498498498497922e-01	5.755031667804681561e+00	-4.755042793328967399e+00
8.508508508508508816e-01	4.011208939834446596e+00	-3.011566172172216671e+00
8.518518518518518601e-01	4.751622481624125705e+00	-3.753314323352857418e+00
8.528528528528528385e-01	5.029474191698288799e+00	-4.033487825659184622e+00
8.538538538538538170e-01	4.232407475794010665e+00	-3.239727788910490069e+00
8.548548548548547954e-01	4.393448427225406405e+00	-3.405057036591933262e+00
8.558558558558558849e-01	4.689774207341437240e+00	-3.706648489545732783e+00
8.568568568568568633e-01	3.770644468532682758e+00	-2.793756593171189628e+00
8.578578578578578417e-01	4.460539938840893726e+00	-3.490855907183206153e+00
8.588588588588588202e-01	4.344050317434656527e+00	-3.382529007187530468e+00
8.598598598598597986e-01	4.662406685749099999e+00	-3.709998902864647619e+00
8.608608608608608881e-01	5.332901121035163783e+00	-4.390548659500844941e+00
8.618618618618618665e-01	4.825853652720697440e+00	-3.894488363260842245e+00
8.628628628628628450e-01	4.743263334413931887e+00	-3.823806203023726091e+00
8.638638638638638234e-01	4.730536619971495327e+00	-3.823896857194605037e+00
8.648648648648649129e-01	4.765731160524943277e+00	-3.872805302375375014e+00
8.658658658658658913e-01	3.898254177527093134e+00	-3.019925198944323874e+00
8.668668668668668698e-01	4.405348806105264359e+00	-3.542485247819333605e+00
8.678678678678678482e-01	4.551828000485456549e+00	-3.705283110155395576e+00
8.688688688688688266e-01	3.232487483923554894e+00	-2.403098372398470683e+00
8.698698698698699161e-01	4.522578571434435091e+00	-3.711165384971569114e+00
8.708708708708708945e-01	4.693036093855845969e+00	-3.900401203114160165e+00
8.718718718718718730e-01	3.514939325945278359e+00	-2.741866532556560543e+00
8.728728728728728514e-01	3.699526342628906228e+00	-2.946780104130950484e+00
8.738738738738738299e-01	3.245086001469009496e+00	-2.513410675367329095e+00
8.748748748748749193e-01	4.144495868398381688e+00	-3.434614976103952610e+00
8.758758758758758978e-01	3.158894424013733104e+00	-2.471509935384623713e+00
8.768768768768768762e-01	3.639751218250272480e+00	-2.975542857444658296e+00
8.778778778778778547e-01	3.137456989296099508e+00	-2.497081562623072237e+00
8.788788788788788331e-01	3.689834256315114303e+00	-3.073925002747932123e+00
8.798798798798799226e-01	2.453596422008121003e+00	-1.862762387002161901e+00
8.808808808808809010e-01	4.318482511821033043e+00	-3.753307945055640804e+00
8.818818818818818794e-01	2.930002838549148780e+00	-2.391046616188931662e+00
8.828828828828828579e-01	3.458011746524934704e+00	-2.945806818571818475e+00
8.838838838838838363e-01	3.213134115450250405e+00	-2.728186978732759282e+00
8.848848848848849258e-01	2.713904479133081082e+00	-2.256694676454003456e+00
8.858858858858859042e-01	2.358632443281358348e+00	-1.929612089219032267e+00
8.868868868868868827e-01	3.364603590607512018e+00	-2.964196924439706837e+00
8.878878878878878611e-01	2.342720760239672018e+00	-1.971323726432101298e+00
8.888888888888888395e-01	2.695244549475923623e+00	-2.353224406150250747e+00
8.898898898898899290e-01	1.856957777646705665e+00	-1.544652733415217583e+00
8.908908908908909074e-01	1.845040101141766975e+00	-1.562758980667795061e+00
8.918918918918918859e-01	2.411371790772959045e+00	-2.159393729387832472e+00
8.928928928928928643e-01	2.591530983800304888e+00	-2.370105151478742567e+00
8.938938938938938428e-01	1.902032849501930079e+00	-1.711378204468864350e+00
8.948948948948949322e-01	8.501517057150420609e-01	-6.904567779274934924e-01
8.958958958958959107e-01	2.777251877435289451e+00	-2.648674582153420332e+00
8.968968968968968891e-01	9.470999306405132323e-01	-8.497674122722085333e-01
8.978978978978978676e-01	2.968697181909721872e-01	-2.308782245643480890e-01
8.988988988988988460e-01	2.840672953455278371e+00	-2.806087740643459671e+00
8.998998998998999355e-01	8.515841590554392715e-01	-8.484394268477033485e-01
9.009009009009009139e-01	5.108593112653477680e-02	-7.938478920965183483e-02
9.019019019019018923e-01	3.166865213923741318e-01	-3.764009862755814950e-01
9.029029029029028708e-01	8.747459036704063884e-01	-9.658169263570467455e-01
9.039039039039038492e-01	6.280335273026061982e-01	-7.503710516810614406e-01
9.049049049049049387e-01	-6.035705030473670352e-02	-9.312600159147960133e-02
9.059059059059059171e-01	1.385013006282619141e+00	-1.569489813086110130e+00
9.069069069069068956e-01	-1.047095633349170163e-01	-1.105785774101703811e-01
9.079079079079078740e-01	-7.473022897252015184e-01	5.014157039713521558e-01
9.089089089089088525e-01	4.420485957379544639e-01	-7.182904801170264530e-01
9.099099099099099419e-01	6.668335480336308185e-01	-9.731575676404138342e-01
9.109109109109109204e-01	-7.373919759757698866e-01	4.012887314335556455e-01
9.119119119119118988e-01	-1.420508419342067619e+00	1.054958307516848492e+00
9.129129129129128772e-01	-3.285225011210606005e-02	-3.617832526373334634e-01
9.139139139139138557e-01	-2.169558994385526685e+00	1.746228338328994933e+00
9.149149149149149451e-01	-1.879176527476957625e+00	1.427569331100063454e+00
9.159159159159159236e-01	-6.237141102268400905e-01	1.442769479380324182e-01
9.169169169169169020e-01	-1.415747805238718016e+00	9.089547712704457716e-01
9.179179179179178805e-01	-1.784610763257462596e+00	1.250963002855341788e+00
9.189189189189188589e-01	-1.533236997902256649e+00	9.732622117646639870e-01
9.199199199199199484e-01	-1.876530515713326075e+00	1.290782438171487634e+00
9.209209209209209268e-01	-2.956391990506033629e+00	2.345449841960610016e+00
9.219219219219219053e-01	-1.429745645482200844e+00	7.942135596378173679e-01
9.229229229229228837e-01	-1.316481418114585189e+00	6.569878445786909715e-01
9.239239239239238621e-01	-2.303105471188512610e+00	1.620302554025326192e+00
9.249249249249249516e-01	-2.501293421336210798e+00	1.795856354190259019e+00
9.259259259259259300e-01	-9.961644291911663229e-01	2.687907876181173661e-01
9.269269269269269085e-01	-2.626058066187627826e+00	1.877467117852638090e+00
9.279279279279278869e-01	-2.799841977647048452e+00	2.030773971072733275e+00
9.289289289289288654e-01	-2.552538184763327056e+00	1.763753617330698242e+00
9.299299299299299548e-01	-1.848287330500881342e+00	1.040566196427073820e+00
9.309309309309309333e-01	-1.920468406679484819e+00	1.094609425715941775e+00
9.319319319319319117e-01	-3.101934195900968305e+00	2.258754023514746745e+00
9.329329329329328901e-01	-2.770535053201964804e+00	1.910867473021221175e+00
9.339339339339339796e-01	-4.058828170735000462e+00	3.183523270057188270e+00
9.349349349349349581e-01	-3.682163624842458294e+00	2.792086954020551737e+00
9.359359359359359365e-01	-4.102736958914825038e+00	3.198768675452809074e+00
9.369369369369369149e-01	-4.275446213125200678e+00	3.358480211329188059e+00
9.379379379379378934e-01	-2.757197411991366032e+00	1.828140439037004628e+00
9.389389389389389828e-01	-4.198696791512007920e+00	3.258467550802249590e+00
9.399399399399399613e-01	-4.086533232828292839e+00	3.136061475528181042e+00
9.409409409409409397e-01	-3.703507996865016860e+00	2.743733602511828185e+00
9.419419419419419182e-01	-3.137573698796061183e+00	2.169445745893943123e+00
9.429429429429428966e-01	-3.636966808672225326e+00	2.661442636190387567e+00
9.439439439439439861e-01	-2.190750325459123626e+00	1.208794586161616724e+00
9.449449449449449645e-01	-3.912202262254420582e+00	2.924785968797631419e+00
9.459459459459459429e-01	-3.661817803535900584e+00	2.669917368277023861e+00
9.469469469469469214e-01	-3.799740607867067244e+00	2.804336877333054812e+00
9.479479479479478998e-01	-3.175932220308047782e+00	2.178009505279804525e+00
9.489489489489489893e-01	-3.749663898885717384e+00	2.750209001056648006e+00
9.499499499499499677e-01	-4.179865518589525486e+00	3.179866754760928060e+00
9.509509509509509462e-01	-4.983795112432274799e+00	3.984241337210510991e+00
9.519519519519519246e-01	-4.291561249648594867e+00	3.293440877610448236e+00
9.529529529529529031e-01	-3.519945821023304333e+00	2.524245849316466561e+00
9.539539539539539925e-01	-4.675801782286485242e+00	3.683506814631671844e+00
9.549549549549549710e-01	-4.237070215279157281e+00	3.249161488338978998e+00
9.559559559559559494e-01	-4.540064645756890727e+00	3.557519058834262449e+00
9.569569569569569278e-01	-4.109107542665507040e+00	3.132896691691076541e+00
9.579579579579579063e-01	-5.192333524901579622e+00	4.223422741665429747e+00
9.589589589589589957e-01	-3.056583181327924947e+00	2.095930578905603969e+00
9.599599599599599742e-01	-5.258482494157839859e+00	4.307038019474663137e+00
9.609609609609609526e-01	-4.690059381588149279e+00	3.748763876058645028e+00
9.619619619619619311e-01	-3.764095009094761135e+00	2.833879278266156376e+00
9.629629629629629095e-01	-4.246056667933604700e+00	3.327840561053329704e+00
9.639639639639639990e-01	-3.785431879798541566e+00	2.880123380215944717e+00
9.649649649649649774e-01	-4.537855768828227276e+00	3.646350096129942653e+00
9.659659659659659559e-01	-4.307488257357944939e+00	3.430666982124789932e+00
9.669669669669669343e-01	-4.338884260053126773e+00	3.477614432113895315e+00
9.679679679679679127e-01	-3.305451961917874826e+00	2.460585252962055769e+00
9.689689689689690022e-01	-3.955841739699790249e+00	3.128213601097058927e+00
9.699699699699699806e-01	-3.777069222771347601e+00	2.967498059430602630e+00
9.709709709709709591e-01	-4.657526778767240749e+00	3.866813139852146808e+00
9.719719719719719375e-01	-3.598525086206323831e+00	2.827450873507598050e+00
9.729729729729729160e-01	-4.079469554550119170e+00	3.328797249297392735e+00
9.739739739739740054e-01	-3.263082102488469527e+00	2.533554011366280445e+00
9.749749749749749839e-01	-2.644786940760639027e+00	1.937124461874132786e+00
9.759759759759759623e-01	-3.868815888695331662e+00	3.183718798211550460e+00
9.769769769769769407e-01	-3.907740286476168556e+00	3.245886046646298873e+00
9.779779779779779192e-01	-4.293455350716469887e+00	3.655498439963355217e+00
9.789789789789790087e-01	-3.766284799585633003e+00	3.152856065318970114e+00
9.799799799799799871e-01	-3.896711280055598081e+00	3.308417314854793290e+00
9.809809809809809655e-01	-3.360593733115170068e+00	2.798016274896732103e+00
9.819819819819819440e-01	-3.645349097441096475e+00	3.109044454203711894e+00
9.829829829829829224e-01	-3.630026516065326891e+00	3.120525015781450140e+00
9.839839839839840119e-01	-2.805583550059262521e+00	2.323389016257213058e+00
9.849849849849849903e-01	-3.830429334374449546e+00	3.376018587929572323e+00
9.859859859859859688e-01	-2.843572317576221309e+00	2.417394705203784966e+00
9.869869869869869472e-01	-3.333522060270085685e+00	2.935999010186169933e+00
9.879879879879879256e-01	-2.510894671963757041e+00	2.142419277153503110e+00
9.889889889889890151e-01	-1.943796626174988162e+00	1.604733255680313997e+00
9.899899899899899935e-01	-2.775765573171288025e+00	2.466449511782419002e+00
9.909909909909909720e-01	-2.156790296810627616e+00	1.877527413517795729e+00
9.919919919919919504e-01	-2.151928613006536040e+00	1.902995058539641127e+00
9.929929929929930399e-01	-2.795851956586993037e+00	2.577493890342346106e+00
9.939939939939940183e-01	-2.083431091222470943e+00	1.895864437846634498e+00
9.949949949949949968e-01	-1.950468756947766558e+00	1.793878992819208040e+00
9.959959959959959752e-01	-1.623218957570759180e+00	1.497760927390460850e+00
9.969969969969969537e-01	-1.930137003891907455e+00	1.835934767564277426e+00
9.979979979979980431e-01	-1.610952378121698114e+00	1.548099088077217855e+00
9.989989989989990216e-01	-2.410344778942834054e+00	2.378902588023713793e+00
1.000000000000000000e+00	-2.009374515797691441e+00	2.009374515797690108e+00
