# Time	RLS_Output	RLS_Error
0.000000000000000000e+00	0.000000000000000000e+00	0.000000000000000000e+00
1.001001001001000992e-03	0.000000000000000000e+00	0.000000000000000000e+00
2.002002002002001985e-03	0.000000000000000000e+00	0.000000000000000000e+00
3.003003003003002977e-03	0.000000000000000000e+00	0.000000000000000000e+00
4.004004004004003969e-03	0.000000000000000000e+00	0.000000000000000000e+00
5.005005005005004962e-03	0.000000000000000000e+00	0.000000000000000000e+00
6.006006006006005954e-03	0.000000000000000000e+00	0.000000000000000000e+00
7.007007007007006946e-03	0.000000000000000000e+00	0.000000000000000000e+00
8.008008008008007939e-03	0.000000000000000000e+00	0.000000000000000000e+00
9.009009009009008931e-03	0.000000000000000000e+00	0.000000000000000000e+00
1.001001001001000992e-02	0.000000000000000000e+00	0.000000000000000000e+00
1.101101101101101092e-02	0.000000000000000000e+00	0.000000000000000000e+00
1.201201201201201191e-02	0.000000000000000000e+00	0.000000000000000000e+00
1.301301301301301290e-02	0.000000000000000000e+00	0.000000000000000000e+00
1.401401401401401389e-02	0.000000000000000000e+00	0.000000000000000000e+00
1.501501501501501488e-02	0.000000000000000000e+00	0.000000000000000000e+00
1.601601601601601588e-02	0.000000000000000000e+00	0.000000000000000000e+00
1.701701701701701513e-02	0.000000000000000000e+00	0.000000000000000000e+00
1.801801801801801786e-02	0.000000000000000000e+00	0.000000000000000000e+00
1.901901901901902059e-02	0.000000000000000000e+00	0.000000000000000000e+00
2.002002002002001985e-02	0.000000000000000000e+00	0.000000000000000000e+00
2.102102102102101910e-02	0.000000000000000000e+00	0.000000000000000000e+00
2.202202202202202183e-02	0.000000000000000000e+00	0.000000000000000000e+00
2.302302302302302456e-02	0.000000000000000000e+00	0.000000000000000000e+00
2.402402402402402382e-02	0.000000000000000000e+00	0.000000000000000000e+00
2.502502502502502307e-02	0.000000000000000000e+00	7.076624788865043536e-01
2.602602602602602580e-02	3.240428612801763419e-01	4.054852298420120738e-01
2.702702702702702853e-02	4.915168556169658975e-01	2.591554496357584281e-01
2.802802802802802778e-02	5.929122456376101358e-01	1.781619670611145345e-01
2.902902902902902704e-02	6.416111376571373981e-01	1.491025012579563214e-01
3.003003003003002977e-02	7.698343746163620605e-01	3.973678872438191068e-02
3.103103103103103250e-02	8.006816029721768313e-01	2.694653563055438017e-02
3.203203203203203175e-02	8.171831326521710182e-01	2.768357630364670641e-02
3.303303303303303101e-02	7.802633271163008644e-01	8.100650082292992771e-02
3.403403403403403027e-02	7.853807408528747924e-01	9.144053438027865965e-02
3.503503503503503647e-02	8.447014413818891843e-01	4.680423131639477319e-02
3.603603603603603572e-02	8.642467768877170053e-01	4.106172269487962101e-02
3.703703703703703498e-02	9.188861457095732765e-01	-6.700388292992798256e-04
3.803803803803804118e-02	9.484663913711273153e-01	-1.825066054252311165e-02
3.903903903903904044e-02	9.864277397075366105e-01	-4.513223417803335913e-02
4.004004004004003969e-02	1.005274116166980702e+00	-5.382964148380398051e-02
4.104104104104103895e-02	9.396830434897731621e-01	2.096955893254781600e-02
4.204204204204203821e-02	8.655046470436099648e-01	1.034061361925395772e-01
4.304304304304304440e-02	9.451755244622866980e-01	3.103532651214291338e-02
4.404404404404404366e-02	9.896831614046085468e-01	-7.137574481980824004e-03
4.504504504504504292e-02	9.888251362901160357e-01	-9.164093499379744046e-04
4.604604604604604912e-02	9.491009637656147024e-01	4.319400388919902856e-02
4.704704704704704837e-02	9.993451006429092676e-01	-3.645128936071606596e-03
4.804804804804804763e-02	1.064513873173944525e+00	-6.639350113579822743e-02
4.904904904904904689e-02	1.053638631683030846e+00	-5.408485646126703905e-02
5.005005005005004615e-02	1.072671174676828931e+00	-7.267241084823150565e-02
5.105105105105105234e-02	9.963790669713938897e-01	3.075830857675376784e-03
5.205205205205205160e-02	1.023673389935659150e+00	-2.575067490741589360e-02
5.305305305305305086e-02	9.834634060433120606e-01	1.194032449070048241e-02
5.405405405405405705e-02	9.465300777701055601e-01	4.537035748877127350e-02
5.505505505505505631e-02	9.230740219978563754e-01	6.434227145893256505e-02
5.605605605605605557e-02	9.268334290105803008e-01	5.512231028692637924e-02
5.705705705705705483e-02	1.010230163162061157e+00	-3.470599068022239830e-02
5.805805805805805409e-02	1.045380256758175141e+00	-7.725230385605630357e-02
5.905905905905906028e-02	1.003850146506047203e+00	-4.407575215285819414e-02
6.006006006006005954e-02	1.017653146864219149e+00	-6.718138956410757423e-02
6.106106106106105880e-02	1.040742906789473343e+00	-1.005136660797143477e-01
6.206206206206206499e-02	9.910503935328142111e-01	-6.199342057845147469e-02
6.306306306306305731e-02	9.333397158236482749e-01	-1.637371402763476702e-02
6.406406406406406351e-02	9.164857297899943189e-01	-1.251744632797813228e-02
6.506506506506506970e-02	9.392859781986176992e-01	-4.920930737671180832e-02
6.606606606606606202e-02	9.119704438969615801e-01	-3.666554321914849979e-02
6.706706706706706822e-02	9.528761965809189327e-01	-9.320861640017374938e-02
6.806806806806806054e-02	8.818258066843842613e-01	-3.864563429816159079e-02
6.906906906906906674e-02	8.756313638054740167e-01	-4.977238284193075124e-02
7.007007007007007293e-02	9.107703129998265812e-01	-1.030491789260198354e-01
7.107107107107106525e-02	9.178997577261879259e-01	-1.291151902935564477e-01
7.207207207207207145e-02	9.050545388065426300e-01	-1.359865322322256764e-01
7.307307307307307764e-02	8.901383540242223669e-01	-1.415474056892317423e-01
7.407407407407406996e-02	8.966140972579188517e-01	-1.692404556848700059e-01
7.507507507507507616e-02	8.741870289762769808e-01	-1.687499618303238691e-01
7.607607607607608236e-02	8.316851017606887719e-01	-1.488821845974996894e-01
7.707707707707707467e-02	7.981248372408660252e-01	-1.386312637049699203e-01
7.807807807807808087e-02	7.854650565929314210e-01	-1.499329707485472785e-01
7.907907907907907319e-02	7.725614900457276057e-01	-1.616193415003045475e-01
8.008008008008007939e-02	7.233623197148936201e-01	-1.376142421730542909e-01
8.108108108108108558e-02	7.618921192320997626e-01	-2.019173330945043254e-01
8.208208208208207790e-02	7.551190924074493438e-01	-2.214713320053267598e-01
8.308308308308308410e-02	7.068264800572922057e-01	-2.000334460890196286e-01
8.408408408408407642e-02	7.147714541457631521e-01	-2.353342918569532038e-01
8.508508508508508261e-02	7.548460265283695181e-01	-3.032388301514741258e-01
8.608608608608608881e-02	7.735678993601291520e-01	-3.502372433035946253e-01
8.708708708708708113e-02	7.585104213574738186e-01	-3.638749186080327269e-01
8.808808808808808732e-02	6.999452913431165602e-01	-3.343951795178975450e-01
8.908908908908909352e-02	6.920489768889772630e-01	-3.559457323467614120e-01
9.009009009009008584e-02	6.974027929577006901e-01	-3.910787733509168973e-01
9.109109109109109204e-02	6.872676792377646615e-01	-4.110257948586901744e-01
9.209209209209209823e-02	6.653934334182921573e-01	-4.195068476644420175e-01
9.309309309309309055e-02	6.613795532453132786e-01	-4.460914125002229391e-01
9.409409409409409675e-02	6.537283202988695141e-01	-4.692515134953769707e-01
9.509509509509508907e-02	6.914468196262160138e-01	-5.379637677299993204e-01
9.609609609609609526e-02	6.831136194560978314e-01	-5.607760950776404796e-01
9.709709709709710146e-02	7.389191750587174035e-01	-6.478481523720767132e-01
9.809809809809809378e-02	6.744299538137434880e-01	-6.147154889305331826e-01
9.909909909909909997e-02	6.128216084049112888e-01	-5.845227503217930165e-01
1.001001001001000923e-01	6.764869777021798036e-01	-6.796317099099158376e-01
1.011011011011010985e-01	5.091278867622822668e-01	-5.437130995740995232e-01
1.021021021021021047e-01	2.845980657148441950e-01	-3.505895593414648514e-01
1.031031031031030970e-01	2.296624789714089010e-01	-3.269949973397111020e-01
1.041041041041041032e-01	-1.365816988405222157e-02	-1.149191253978162630e-01
1.051051051051051094e-01	-1.000084480896231212e-02	-1.496940829785871896e-01
1.061061061061061017e-01	-9.877966771512863842e-02	-9.187497731793581313e-02
1.071071071071071079e-01	-2.597018088656602441e-01	3.827597654410136441e-02
1.081081081081081141e-01	-2.550276663431688129e-01	3.049604958043627967e-03
1.091091091091091064e-01	-7.835576430369706191e-02	-2.039253561702744633e-01
1.101101101101101126e-01	-4.979965293694421646e-02	-2.625053912945453094e-01
1.111111111111111049e-01	-7.241231981931923675e-03	-3.347789113437362740e-01
1.121121121121121111e-01	-1.957682839449671475e-01	-1.756287498626007415e-01
1.131131131131131173e-01	-2.016797690637876506e-01	-1.987268971040161980e-01
1.141141141141141097e-01	-1.724323703602839153e-01	-2.565879837020423881e-01
1.151151151151151159e-01	-2.373523255838576040e-01	-2.198574770952215762e-01
1.161161161161161082e-01	-1.653888008021272560e-01	-3.195583359153600367e-01
1.171171171171171144e-01	-1.869429772326778039e-01	-3.252619507204362881e-01
1.181181181181181206e-01	-2.193062289709102053e-01	-3.196499933893062195e-01
1.191191191191191129e-01	-1.880265219478363670e-01	-3.771480448175563160e-01
1.201201201201201191e-01	-1.905310473267272930e-01	-4.003029876792304487e-01
1.211211211211211253e-01	-4.533003187624066177e-01	-1.626089348047728977e-01
1.221221221221221176e-01	-4.023528869359194182e-01	-2.380225397371064089e-01
1.231231231231231238e-01	-5.073613833218280078e-01	-1.568469774837859543e-01
1.241241241241241300e-01	-7.213988703192912855e-01	3.401438169018111690e-02
1.251251251251251362e-01	-6.677973992317355334e-01	-4.208349306269310031e-02
1.261261261261261146e-01	-8.545913668500588756e-01	1.229160407483809170e-01
1.271271271271271208e-01	-8.352623836714100358e-01	8.251614517345540190e-02
1.281281281281281270e-01	-8.836783163803028085e-01	1.106055229915853255e-01
1.291291291291291332e-01	-1.006043710456810514e+00	2.134088197151258193e-01
1.301301301301301394e-01	-1.071590835099655248e+00	2.601776486367893826e-01
1.311311311311311179e-01	-1.030600233014633105e+00	2.012111214895506706e-01
1.321321321321321240e-01	-1.226121542068463022e+00	3.795766517384026040e-01
1.331331331331331302e-01	-1.219285678417449503e+00	3.564221201315184162e-01
1.341341341341341364e-01	-1.198914286575346155e+00	3.205853079925773397e-01
1.351351351351351426e-01	-1.085916123000207456e+00	1.929902648506390817e-01
1.361361361361361211e-01	-9.632278042459783141e-01	5.658804146908935628e-02
1.371371371371371273e-01	-1.090070052651554988e+00	1.706129212613498591e-01
1.381381381381381335e-01	-1.003372146695730160e+00	7.200685723587618714e-02
1.391391391391391397e-01	-1.125281240240175284e+00	1.829287787058566650e-01
1.401401401401401459e-01	-1.212540301265417897e+00	2.601325183809664043e-01
1.411411411411411521e-01	-1.193033860681175895e+00	2.315125504340502793e-01
1.421421421421421305e-01	-1.237712825077771139e+00	2.680287934200835664e-01
1.431431431431431367e-01	-1.164156537522103463e+00	1.872686621606108881e-01
1.441441441441441429e-01	-9.190859564211867339e-01	-6.403976137451738992e-02
1.451451451451451491e-01	-8.311133369740856258e-01	-1.572780536593870737e-01
1.461461461461461553e-01	-9.880075128888640146e-01	-4.672173994656247942e-03
1.471471471471471337e-01	-8.707340687189173423e-01	-1.252522973201869450e-01
1.481481481481481399e-01	-8.848653086663290646e-01	-1.134428496049391111e-01
1.491491491491491461e-01	-9.408032194594816433e-01	-5.883954820274828190e-02
1.501501501501501523e-01	-9.716373096533211795e-01	-2.835156482239287179e-02
1.511511511511511585e-01	-8.757956023876521945e-01	-1.235505340743286995e-01
1.521521521521521647e-01	-8.856312128749098678e-01	-1.120839763213515861e-01
1.531531531531531432e-01	-9.385924222641431891e-01	-5.650522318612294370e-02
1.541541541541541493e-01	-9.262243217906567239e-01	-6.527177180672816270e-02
1.551551551551551555e-01	-1.006399310138281766e+00	1.948521508512168765e-02
1.561561561561561617e-01	-8.815455688530464684e-01	-9.981061190051299103e-02
1.571571571571571679e-01	-1.031014097757694481e+00	5.618625108316033234e-02
1.581581581581581464e-01	-1.125510081618307012e+00	1.581745332210167110e-01
1.591591591591591526e-01	-1.199853707590174512e+00	2.409670128655246879e-01
1.601601601601601588e-01	-1.179517102876725954e+00	2.300274625219126401e-01
1.611611611611611650e-01	-1.049326913682079310e+00	1.101732360623113305e-01
1.621621621621621712e-01	-1.013083836556192274e+00	8.519480925968281326e-02
1.631631631631631496e-01	-9.946138311958367950e-01	7.890700269566730540e-02
1.641641641641641558e-01	-1.098071926059298375e+00	1.954527983902640820e-01
1.651651651651651620e-01	-9.978963607727172613e-01	1.092574941203612315e-01
1.661661661661661682e-01	-9.931156922396483511e-01	1.193358223269197493e-01
1.671671671671671744e-01	-1.051328875383236383e+00	1.932720445275489807e-01
1.681681681681681528e-01	-9.371359552408271565e-01	9.565065794077676209e-02
1.691691691691691590e-01	-8.277563622059831427e-01	3.674706102618663373e-03
1.701701701701701652e-01	-7.105334096353864703e-01	-9.532970732228307487e-02
1.711711711711711714e-01	-7.050710040498585629e-01	-8.177669132173170929e-02
1.721721721721721776e-01	-5.092669825900164593e-01	-2.577872122655824327e-01
1.731731731731731838e-01	-5.488985802817539783e-01	-1.976036080462979516e-01
1.741741741741741623e-01	-5.821191084724660625e-01	-1.430928902879317066e-01
1.751751751751751685e-01	-5.498335608265799701e-01	-1.533711182541040996e-01
1.761761761761761746e-01	-5.191439855600757936e-01	-1.613580057951766733e-01
1.771771771771771808e-01	-5.681766476519409803e-01	-8.894973761724744854e-02
1.781781781781781870e-01	-6.145223193901193648e-01	-1.857865653670154327e-02
1.791791791791791655e-01	-6.454358885926804179e-01	3.698636759846252176e-02
1.801801801801801717e-01	-7.166644340047888528e-01	1.334680367985149330e-01
1.811811811811811779e-01	-7.369724740650298589e-01	1.796058978033873155e-01
1.821821821821821841e-01	-7.719049641832202990e-01	2.409193640538997983e-01
1.831831831831831903e-01	-8.948413705175557453e-01	3.907618147262311714e-01
1.841841841841841965e-01	-8.136923115510092952e-01	3.370172621045821604e-01
1.851851851851851749e-01	-9.161220626631886299e-01	4.673228824627261857e-01
1.861861861861861811e-01	-8.723681998587003994e-01	4.518886865894860549e-01
1.871871871871871873e-01	-8.138195711117655051e-01	4.220755183913675879e-01
1.881881881881881935e-01	-7.959292633188614907e-01	4.333080495371942065e-01
1.891891891891891997e-01	-7.171445259759060553e-01	3.840047312338483732e-01
1.901901901901901781e-01	-6.787753250730595989e-01	3.754463765984322743e-01
1.911911911911911843e-01	-6.193276100140582274e-01	3.461094564055919309e-01
1.921921921921921905e-01	-5.572310340186716893e-01	3.143938486400843502e-01
1.931931931931931967e-01	-4.602853619785931549e-01	2.480692757960853145e-01
1.941941941941942029e-01	-3.593103334082751732e-01	1.779251975356244131e-01
1.951951951951951814e-01	-2.159398262337921259e-01	6.556500441985513294e-02
1.961961961961961876e-01	-9.351460138518957743e-02	-2.570120735098467557e-02
1.971971971971971938e-01	1.103831111444212448e-01	-1.983220195554831200e-01
1.981981981981981999e-01	2.825606484317368938e-01	-3.391356976155296410e-01
1.991991991991992061e-01	3.721248798704220317e-01	-3.972801252597980004e-01
2.002002002002001846e-01	4.394281060635185088e-01	-4.331386727474514919e-01
2.012012012012011908e-01	4.391641468463660658e-01	-4.014362541676493312e-01
2.022022022022021970e-01	5.369647514126624221e-01	-4.678357068178780609e-01
2.032032032032032032e-01	5.504534686155907464e-01	-4.499916307634227453e-01
2.042042042042042094e-01	5.839817076038543719e-01	-4.522864187682303916e-01
2.052052052052052156e-01	4.062439532702685208e-01	-2.434454411051744649e-01
2.062062062062061940e-01	3.550869021791157598e-01	-1.613461509422189910e-01
2.072072072072072002e-01	2.993743271869072631e-01	-7.488291854933526448e-02
2.082082082082082064e-01	2.770929854167825113e-01	-2.207290901647240844e-02
2.092092092092092126e-01	3.216211285477077464e-01	-3.632456247365806190e-02
2.102102102102102188e-01	4.029044886993863317e-01	-8.761355012388372110e-02
2.112112112112111972e-01	4.047754722745506295e-01	-5.980193847996057022e-02
2.122122122122122034e-01	4.997075049627784371e-01	-1.253925050387597051e-01
2.132132132132132096e-01	4.223993365081534779e-01	-1.911301402417298068e-02
2.142142142142142158e-01	4.345064264958776179e-01	-2.647573482580711790e-03
2.152152152152152220e-01	3.979738913844772519e-01	6.203044601413354453e-02
2.162162162162162282e-01	3.928423407632237185e-01	9.485260305041082196e-02
2.172172172172172067e-01	3.893360139080946913e-01	1.255672763327174701e-01
2.182182182182182129e-01	5.016730909793651882e-01	3.992938056882455733e-02
2.192192192192192191e-01	5.389820633793691584e-01	2.878402271533864187e-02
2.202202202202202252e-01	4.313924290978723985e-01	1.619758327397480824e-01
2.212212212212212314e-01	4.347665457684902202e-01	1.836171361477255126e-01
2.222222222222222099e-01	4.056762997349400712e-01	2.371113099515984035e-01
2.232232232232232161e-01	5.588184131245670372e-01	1.077375000578043585e-01
2.242242242242242223e-01	5.052302708672501419e-01	1.844348181110113671e-01
2.252252252252252285e-01	5.126705651836344080e-01	1.994217202473909101e-01
2.262262262262262347e-01	5.208211254902058718e-01	2.129941997865218983e-01
2.272272272272272131e-01	6.030849757483542906e-01	1.517277518124441338e-01
2.282282282282282193e-01	5.890320186157967930e-01	1.860317102638046061e-01
2.292292292292292255e-01	6.477295496966520849e-01	1.468187542157914915e-01
2.302302302302302317e-01	5.225371033380615815e-01	2.907100818856714897e-01
2.312312312312312379e-01	5.401131212555362326e-01	2.910287610601570707e-01
2.322322322322322163e-01	5.222633120964251807e-01	3.259513878163765588e-01
2.332332332332332225e-01	5.892886364039867653e-01	2.751601190558777832e-01
2.342342342342342287e-01	5.418873459557256300e-01	3.379406498607034903e-01
2.352352352352352349e-01	6.572784267860241059e-01	2.370587863450029920e-01
2.362362362362362411e-01	7.955033417664434392e-01	1.124587181131027069e-01
2.372372372372372473e-01	6.316385464216887069e-01	2.890505166311745366e-01
2.382382382382382258e-01	7.102203835598804860e-01	2.222852539198267863e-01
2.392392392392392320e-01	8.452333176748423327e-01	9.816678059673855650e-02
2.402402402402402382e-01	8.383150041556620691e-01	1.150466682217670122e-01
2.412412412412412444e-01	7.759621564692975593e-01	1.864183527673358709e-01
2.422422422422422505e-01	7.542330855726905314e-01	2.162146049471064257e-01
2.432432432432432290e-01	8.395939268889895946e-01	1.379613120586964392e-01
2.442442442442442352e-01	8.830357356889220188e-01	1.006603904906879787e-01
2.452452452452452414e-01	7.523328017285614289e-01	2.365314780348742874e-01
2.462462462462462476e-01	8.070942876471208782e-01	1.859603014932468268e-01
2.472472472472472538e-01	9.492639398184518074e-01	4.699897088010263069e-02
2.482482482482482600e-01	9.734644335427368178e-01	2.502163832778558916e-02
2.492492492492492384e-01	8.374176169539861991e-01	1.623042573164025226e-01
2.502502502502502724e-01	8.926926412410960410e-01	1.072764546266508079e-01
2.512512512512512508e-01	8.971583402217966352e-01	1.020691519742827902e-01
2.522522522522522292e-01	9.755181921260188682e-01	2.197960446848090665e-02
2.532532532532532632e-01	9.320637581152856344e-01	6.271796136729967941e-02
2.542542542542542416e-01	9.606201661102027334e-01	3.046178055881698654e-02
2.552552552552552756e-01	9.946773213744745101e-01	-8.275184678760094670e-03
2.562562562562562540e-01	9.394628451995639118e-01	4.128407202047590374e-02
2.572572572572572325e-01	8.391766536503910690e-01	1.349452267883453072e-01
2.582582582582582664e-01	7.541078903094077246e-01	2.124256872486337544e-01
2.592592592592592449e-01	7.486367447208183146e-01	2.093527675946705857e-01
2.602602602602602788e-01	7.074635873971684141e-01	2.410345461626267616e-01
2.612612612612612573e-01	7.432888727075167568e-01	1.947799541886495733e-01
2.622622622622622357e-01	6.255950002652300723e-01	3.011169051400552910e-01
2.632632632632632697e-01	6.650399949300634939e-01	2.493986045151025399e-01
2.642642642642642481e-01	6.041352137117681487e-01	2.971258318341767346e-01
2.652652652652652820e-01	6.379019087084383255e-01	2.492903657001658280e-01
2.662662662662662605e-01	6.955507284428865677e-01	1.766954695765996508e-01
2.672672672672672389e-01	6.811886592092732950e-01	1.752489366840733753e-01
2.682682682682682729e-01	7.382563669174138088e-01	1.015257335411255957e-01
2.692692692692692513e-01	7.668001412751118684e-01	5.549604032369803708e-02
2.702702702702702853e-01	7.289317219626889610e-01	7.506540840425202088e-02
2.712712712712712637e-01	5.521253203864653347e-01	2.327777214999393607e-01
2.722722722722722422e-01	7.602146795697818371e-01	4.818117888109374469e-03
2.732732732732732761e-01	7.669027913564523402e-01	-2.249674546803348552e-02
2.742742742742742545e-01	6.407781223526960446e-01	8.226506170881420221e-02
2.752752752752752885e-01	6.433911474742441960e-01	5.757418929335278435e-02
2.762762762762762669e-01	6.711415975574031023e-01	7.052738257263824195e-03
2.772772772772773009e-01	7.071924668002326220e-01	-5.243976836049857315e-02
2.782782782782782793e-01	5.985167453973051499e-01	3.214685964525232365e-02
2.792792792792792578e-01	7.205445490574408085e-01	-1.145936727938912103e-01
2.802802802802802917e-01	7.140496125899941093e-01	-1.334106631613887206e-01
2.812812812812812702e-01	7.985047718382173310e-01	-2.437519174540991873e-01
2.822822822822823041e-01	7.430604142114203281e-01	-2.147422254653695850e-01
2.832832832832832826e-01	7.460105806976106146e-01	-2.446494881100040875e-01
2.842842842842842610e-01	7.953839725546927308e-01	-3.214757499642491578e-01
2.852852852852852950e-01	8.197545922987194977e-01	-3.737678666136433070e-01
2.862862862862862734e-01	6.796999921791903043e-01	-2.620757799727234105e-01
2.872872872872873073e-01	6.623016509247412476e-01	-2.734529223333540537e-01
2.882882882882882858e-01	6.844796665059184049e-01	-3.247909368613816072e-01
2.892892892892892642e-01	7.166933476483134946e-01	-3.865202972474758858e-01
2.902902902902902982e-01	6.324329279189349062e-01	-3.321020503071838159e-01
2.912912912912912766e-01	5.532503599145170980e-01	-2.830586390307345823e-01
2.922922922922923106e-01	6.152635867558847726e-01	-3.754782032581486795e-01
2.932932932932932890e-01	5.345341868086534998e-01	-3.253922538710862788e-01
2.942942942942942675e-01	4.543768980267229862e-01	-2.760852268687457034e-01
2.952952952952953014e-01	5.088402633790530816e-01	-3.615751587589126070e-01
2.962962962962962798e-01	3.557478425692137680e-01	-2.396549284439827288e-01
2.972972972972973138e-01	3.938136461180683501e-01	-3.090077216425586304e-01
2.982982982982982922e-01	3.448062022522794257e-01	-2.913711282592217344e-01
2.992992992992992707e-01	2.273926348881828707e-01	-2.053812509619535043e-01
3.003003003003003046e-01	7.053369385965010951e-02	-7.996776608554710675e-02
3.013013013013012831e-01	1.195203902995375100e-01	-1.603905897402478353e-01
3.023023023023023170e-01	7.444612924821294997e-02	-1.467120411688007109e-01
3.033033033033032955e-01	-1.000594577376559269e-01	-3.530706094582655719e-03
3.043043043043043294e-01	-7.022096301125932416e-02	-6.459101699532443508e-02
3.053053053053053079e-01	-1.628490148534246784e-01	-3.051471715288495146e-03
3.063063063063062863e-01	-2.778247468113798080e-01	8.099980534367606788e-02
3.073073073073073203e-01	-4.393123783090261414e-01	2.117576134329434145e-01
3.083083083083082987e-01	-4.366412071422816066e-01	1.785816377134324950e-01
3.093093093093093326e-01	-4.548599101208474771e-01	1.665507198486247953e-01
3.103103103103103111e-01	-4.546574495186733178e-01	1.363837346263653827e-01
3.113113113113112895e-01	-4.226685666156014820e-01	7.474505392131791659e-02
3.123123123123123235e-01	-4.918805674150837359e-01	1.146513031123139181e-01
3.133133133133133019e-01	-5.257404966933665325e-01	1.195785061388955905e-01
3.143143143143143359e-01	-5.506368580125223788e-01	1.159437768581263462e-01
3.153153153153153143e-01	-5.708101450159268619e-01	1.080158220486288068e-01
3.163163163163162928e-01	-5.758389880804977157e-01	8.540106016407789102e-02
3.173173173173173267e-01	-6.026930582978244910e-01	8.509649783594652739e-02
3.183183183183183051e-01	-6.536656573674337611e-01	1.094222927358550201e-01
3.193193193193193391e-01	-6.578200349147333981e-01	8.746804433683197377e-02
3.203203203203203175e-01	-6.844730024547123204e-01	8.857638182081439826e-02
3.213213213213212960e-01	-7.453259402245304699e-01	1.244739453812878649e-01
3.223223223223223299e-01	-7.175907310854947596e-01	7.239729514680215416e-02
3.233233233233233084e-01	-7.923163906290375813e-01	1.234195168846986546e-01
3.243243243243243423e-01	-8.773576161176739330e-01	1.854187471401280707e-01
3.253253253253253208e-01	-9.019986162606857816e-01	1.877019798336648782e-01
3.263263263263262992e-01	-8.800902673380934793e-01	1.441421998539912375e-01
3.273273273273273332e-01	-7.129854723045594422e-01	-4.388627970043257331e-02
3.283283283283283116e-01	-7.358888564904123575e-01	-4.115814299187536829e-02
3.293293293293293456e-01	-6.923996350233843078e-01	-1.040542244815453321e-01
3.303303303303303240e-01	-6.573025609741419695e-01	-1.577705805121198956e-01
3.313313313313313024e-01	-7.324642405634513853e-01	-1.004221930773209204e-01
3.323323323323323364e-01	-6.882289611948491093e-01	-1.616471599958372307e-01
3.333333333333333148e-01	-7.487272051246411930e-01	-1.172981986597966264e-01
3.343343343343343488e-01	-9.701337089651626000e-01	8.881539685535533302e-02
3.353353353353353272e-01	-9.820052484728835074e-01	8.626552478762861131e-02
3.363363363363363057e-01	-1.089476973126183523e+00	1.802015953122954040e-01
3.373373373373373396e-01	-1.066282127189999818e+00	1.443702375047749564e-01
3.383383383383383181e-01	-1.087015071736725513e+00	1.533783081258793812e-01
3.393393393393393520e-01	-9.811271714537515010e-01	3.668876607292259617e-02
3.403403403403403304e-01	-9.206043007551290014e-01	-3.370183297361939445e-02
3.413413413413413644e-01	-9.161045896625198415e-01	-4.712560123139286627e-02
3.423423423423423428e-01	-9.788024253750521320e-01	7.600673104676047842e-03
3.433433433433433213e-01	-1.040545736177474145e+00	6.233280104426586199e-02
3.443443443443443552e-01	-1.035377898423251120e+00	5.112109198988257219e-02
3.453453453453453337e-01	-1.039172794440769154e+00	4.984540478727561563e-02
3.463463463463463676e-01	-1.063562456598535322e+00	7.014278588072464515e-02
3.473473473473473461e-01	-1.057369484570950924e+00	6.083988162061415572e-02
3.483483483483483245e-01	-1.049495306623530189e+00	5.084119554707378086e-02
3.493493493493493585e-01	-1.046131163227420613e+00	4.634006896349451843e-02
3.503503503503503369e-01	-1.058240172698447168e+00	5.830074449815347837e-02
3.513513513513513709e-01	-1.135914779319080026e+00	1.368158131143984990e-01
3.523523523523523493e-01	-1.007941781976078754e+00	1.067124260324603391e-02
3.533533533533533277e-01	-1.004477915174937452e+00	1.002195941965977610e-02
3.543543543543543617e-01	-1.003947369652967048e+00	1.328937108353533958e-02
3.553553553553553401e-01	-1.015716234661979023e+00	2.983581121458300789e-02
3.563563563563563741e-01	-1.106772556259943086e+00	1.266446015377666878e-01
3.573573573573573525e-01	-1.136717505083945756e+00	1.633112243279429832e-01
3.583583583583583310e-01	-1.133545228783200853e+00	1.678231804678457229e-01
3.593593593593593649e-01	-1.123478323101150700e+00	1.663954671028798904e-01
3.603603603603603434e-01	-1.058400392275947066e+00	1.109031455555168355e-01
3.613613613613613773e-01	-1.066126362928660365e+00	1.291516636612225488e-01
3.623623623623623557e-01	-9.978261747785650559e-01	7.230055585688677233e-02
3.633633633633633342e-01	-9.138408657490629805e-01	6.795385760793859475e-04
3.643643643643643681e-01	-8.280240427153189309e-01	-7.187000780799945865e-02
3.653653653653653466e-01	-7.770090034262531198e-01	-1.087279049702771783e-01
3.663663663663663805e-01	-7.712835898388922251e-01	-9.942031032623521725e-02
3.673673673673673590e-01	-7.928453941472365374e-01	-6.196449715969021277e-02
3.683683683683683929e-01	-7.906255878996938380e-01	-4.744501080553231720e-02
3.693693693693693714e-01	-8.174585949725330369e-01	-3.043980134554979955e-03
3.703703703703703498e-01	-7.845464960508222729e-01	-1.757669670422190578e-02
3.713713713713713838e-01	-8.212965782135365211e-01	3.834595200507318058e-02
3.723723723723723622e-01	-7.676521633096645703e-01	4.648328938137269439e-03
3.733733733733733962e-01	-7.432834139254559380e-01	9.808721798467701092e-04
3.743743743743743746e-01	-7.150695864079951170e-01	-5.797632516590822682e-03
3.753753753753753530e-01	-6.933523494670561504e-01	-5.366712885311986092e-03
3.763763763763763870e-01	-6.349900176408158625e-01	-4.088995572186382432e-02
3.773773773773773654e-01	-6.844726797074047742e-01	3.210014318561349445e-02
3.783783783783783994e-01	-6.824569277384581190e-01	5.423693044281563402e-02
3.793793793793793778e-01	-6.139868646772130845e-01	1.054062561378688034e-02
3.803803803803803563e-01	-6.714386376752763397e-01	9.336287817490440677e-02
3.813813813813813902e-01	-6.557834325109085372e-01	1.036497861578388191e-01
3.823823823823823687e-01	-7.537683257467961973e-01	2.281227731154746863e-01
3.833833833833834026e-01	-8.012486827483014107e-01	3.026110115073093465e-01
3.843843843843843811e-01	-7.549735364824513573e-01	2.838368273994331670e-01
3.853853853853853595e-01	-7.641411649342024770e-01	3.209713042900746438e-01
3.863863863863863934e-01	-7.962657921086810919e-01	3.815010110032742152e-01
3.873873873873873719e-01	-8.084135714881456325e-01	4.224640124928156215e-01
3.883883883883884058e-01	-7.151108757702141494e-01	3.583581873559830155e-01
3.893893893893893843e-01	-6.379944665417597305e-01	3.107914256839873213e-01
3.903903903903903627e-01	-5.331440859256654230e-01	2.358142492584925365e-01
3.913913913913913967e-01	-5.108986872110955479e-01	2.437360710765739125e-01
3.923923923923923751e-01	-5.017340600046230614e-01	2.650028497129415239e-01
3.933933933933934091e-01	-5.342904550953350151e-01	3.282247436836426835e-01
3.943943943943943875e-01	-4.882573064403643581e-01	3.130608631884941317e-01
3.953953953953953659e-01	-4.174336899131680934e-01	2.732797588452088311e-01
3.963963963963963999e-01	-2.978033725488103967e-01	1.848345011197368160e-01
3.973973973973973783e-01	-1.526773336595167452e-01	7.100523179630963133e-02
3.983983983983984123e-01	-1.405326885001129816e-03	-4.888924347836526296e-02
3.993993993993993907e-01	9.448954017615872336e-02	-1.133568449606257578e-01
4.004004004004003692e-01	1.370212961201743573e-01	-1.244426782814347515e-01
4.014014014014014031e-01	9.603735042018374246e-02	-5.202524839780325872e-02
4.024024024024023816e-01	1.803738921232430625e-01	-1.049718275408423745e-01
4.034034034034034155e-01	2.460717566029042291e-01	-1.393542912315459681e-01
4.044044044044043940e-01	1.989184172837473175e-01	-6.099107931109409853e-02
4.054054054054054279e-01	2.127353466530686743e-01	-4.373452633121971411e-02
4.064064064064064064e-01	3.000162735005100778e-01	-1.001090882757053324e-01
4.074074074074073848e-01	2.854540885271505402e-01	-5.483821778471167918e-02
4.084084084084084187e-01	2.730396532472584292e-01	-1.194314283516950681e-02
4.094094094094093972e-01	2.648371962215112507e-01	2.648176705403515463e-02
4.104104104104104311e-01	1.319717169055471262e-01	1.892816267785960849e-01
4.114114114114114096e-01	2.037075440799745729e-01	1.471625067713556445e-01
4.124124124124123880e-01	1.661162239933007545e-01	2.140235741302942973e-01
4.134134134134134220e-01	2.494843649435145305e-01	1.595492769972316205e-01
4.144144144144144004e-01	3.515148261475763980e-01	8.600818430932677394e-02
4.154154154154154344e-01	4.070600629007698479e-01	5.851966889318799270e-02
4.164164164164164128e-01	4.397136211499846348e-01	5.346244074948913738e-02
4.174174174174173912e-01	5.035524716409990331e-01	1.673224034057951837e-02
4.184184184184184252e-01	6.098163894196755308e-01	-6.293751392604829409e-02
4.194194194194194036e-01	7.404279216399309860e-01	-1.674956669979124069e-01
4.204204204204204376e-01	7.505242321533610594e-01	-1.521051457624339465e-01
4.214214214214214160e-01	7.685544861942986694e-01	-1.452403182560828565e-01
4.224224224224223945e-01	6.757266399960761838e-01	-2.813375835868281438e-02
4.234234234234234284e-01	7.571692943872736503e-01	-8.593807504637140937e-02
4.244244244244244069e-01	7.974580423730742718e-01	-1.032522362323519127e-01
4.254254254254254408e-01	8.131474848843862624e-01	-9.665356140160308307e-02
4.264264264264264193e-01	8.273410733841527476e-01	-8.926754175181483841e-02
4.274274274274273977e-01	6.773025965420961247e-01	8.162069492599188791e-02
4.284284284284284317e-01	6.578768793204646803e-01	1.211457062630257875e-01
4.294294294294294101e-01	6.473809221178700168e-01	1.509706165565354308e-01
4.304304304304304440e-01	6.674344706673863703e-01	1.494565665255187525e-01
4.314314314314314225e-01	5.900316564826209031e-01	2.445910917651963334e-01
4.324324324324324564e-01	6.431461977798424989e-01	2.083829399534687932e-01
4.334334334334334349e-01	6.461904195143828300e-01	2.214030681532186406e-01
4.344344344344344133e-01	6.091522116316245850e-01	2.736477010929944109e-01
4.354354354354354473e-01	5.907587281468464901e-01	3.063746477954671921e-01
4.364364364364364257e-01	6.445088707107791137e-01	2.660708328812562140e-01
4.374374374374374597e-01	5.721918660775898724e-01	3.509337331167222684e-01
4.384384384384384381e-01	5.766165584320845916e-01	3.581420982350663751e-01
4.394394394394394165e-01	6.918174360034808901e-01	2.536499365903820413e-01
4.404404404404404505e-01	7.533401717479787374e-01	2.019009858503082455e-01
4.414414414414414289e-01	6.623782469466528156e-01	3.016920998694975209e-01
4.424424424424424629e-01	6.412985408319956671e-01	3.306476686202381998e-01
4.434434434434434413e-01	7.151919242993323156e-01	2.636690331145290500e-01
4.444444444444444198e-01	8.805354712074717760e-01	1.042722818047359112e-01
4.454454454454454537e-01	9.491738864520683494e-01	4.060682927171510581e-02
4.464464464464464322e-01	1.035388668494487519e+00	-4.161374048906352208e-02
4.474474474474474661e-01	9.037395517836680492e-01	9.304688837336627660e-02
4.484484484484484446e-01	8.791589446939817032e-01	1.196533295332874447e-01
4.494494494494494230e-01	9.055429069896778760e-01	9.430751996862252184e-02
4.504504504504504570e-01	8.603569990291710656e-01	1.395428727375778166e-01
4.514514514514514354e-01	9.636651901004045229e-01	3.529536965842294816e-02
4.524524524524524693e-01	9.167644890318307205e-01	8.026893074685947926e-02
4.534534534534534478e-01	9.278178458174560772e-01	6.630251167248335520e-02
4.544544544544544262e-01	9.684761047288157343e-01	2.174814876238295724e-02
4.554554554554554602e-01	1.084286088869335751e+00	-9.893712840171908773e-02
4.564564564564564386e-01	9.800543687462710540e-01	-5.550693651544813534e-04
4.574574574574574726e-01	8.629542346343241910e-01	1.097268200688359396e-01
4.584584584584584510e-01	8.665226548987031707e-01	9.837831379603589887e-02
4.594594594594594295e-01	8.605259282463609827e-01	9.564080649289041780e-02
4.604604604604604634e-01	8.511213038289915378e-01	9.536568590586080862e-02
4.614614614614614418e-01	7.792570285749692571e-01	1.566142769788432254e-01
4.624624624624624758e-01	7.078555389656832064e-01	2.164746406116254684e-01
4.634634634634634542e-01	7.554888349740057629e-01	1.563861893410282145e-01
4.644644644644644327e-01	7.499828169581463921e-01	1.485353391617217911e-01
4.654654654654654666e-01	8.998520494608709397e-01	-1.557926645209317673e-02
4.664664664664664451e-01	8.057685251142233662e-01	6.338446648777629200e-02
4.674674674674674790e-01	7.401363731807220070e-01	1.130373600126705069e-01
4.684684684684684575e-01	5.975736686707192602e-01	2.387771402950574773e-01
4.694694694694694914e-01	6.562836062309764795e-01	1.624172481348520325e-01
4.704704704704704699e-01	5.594616469390384372e-01	2.407796757149939237e-01
4.714714714714714483e-01	5.405598314581473440e-01	2.404306361877713849e-01
4.724724724724724823e-01	4.626434264155180331e-01	2.983238992461495487e-01
4.734734734734734607e-01	3.918713802175401995e-01	3.483203164844043132e-01
4.744744744744744946e-01	4.665112231450064817e-01	2.521729017235314618e-01
4.754754754754754731e-01	5.141632826977389215e-01	1.823025953514835207e-01
4.764764764764764515e-01	6.039269433026660527e-01	6.963198358420030765e-02
4.774774774774774855e-01	5.737010535444346804e-01	7.628486950921231635e-02
4.784784784784784639e-01	6.207058045390344558e-01	5.064372312772902340e-03
4.794794794794794979e-01	6.994098782006968884e-01	-9.847424403757409905e-02
4.804804804804804763e-01	8.398899267926858148e-01	-2.643830740227947063e-01
4.814814814814814548e-01	8.558673831877264826e-01	-3.063584051169194744e-01
4.824824824824824887e-01	7.313814030009929690e-01	-2.084136847851897345e-01
4.834834834834834671e-01	6.660003898903423813e-01	-1.700910712059524044e-01
4.844844844844845011e-01	7.244122748622520147e-01	-2.560517385295911774e-01
4.854854854854854795e-01	5.091004068428549578e-01	-6.875179390823560333e-02
4.864864864864864580e-01	5.652583344065840176e-01	-1.533570861625899173e-01
4.874874874874874919e-01	5.975310838046576922e-01	-2.144845112014888144e-01
4.884884884884884704e-01	5.631627376567653886e-01	-2.093496185304257184e-01
4.894894894894895043e-01	5.514695199697651207e-01	-2.272397244853934795e-01
4.904904904904904828e-01	5.399130379560358461e-01	-2.455871826367536093e-01
4.914914914914914612e-01	4.694670051958849677e-01	-2.053361358792767377e-01
4.924924924924924952e-01	5.095946671193871680e-01	-2.759199711551347800e-01
4.934934934934934736e-01	4.642364935821403638e-01	-2.612490415553775924e-01
4.944944944944945076e-01	5.825046363064156907e-01	-4.104051535422472696e-01
4.954954954954954860e-01	4.750435080923204323e-01	-3.340021761674001888e-01
4.964964964964965199e-01	3.401391597658723343e-01	-2.302954482233716682e-01
4.974974974974974984e-01	2.324975965449697646e-01	-1.539601249792997562e-01
4.984984984984984768e-01	1.259988739512149236e-01	-7.884530459890734533e-02
4.994994994994995108e-01	7.845190393200611456e-02	-6.272886487496526220e-02
5.005005005005005447e-01	9.436664612563822052e-02	-1.100896851826796280e-01
5.015015015015015232e-01	5.855115345192100917e-02	-1.057047228042273523e-01
5.025025025025025016e-01	4.633078798752517796e-02	-1.248682595531939721e-01
5.035035035035034801e-01	4.890429016710400728e-02	-1.587480017096034590e-01
5.045045045045044585e-01	-1.517061511631064008e-03	-1.395242704132862166e-01
5.055055055055055480e-01	-5.276878523405726523e-02	-1.193306975301117456e-01
5.065065065065065264e-01	-1.576722418638878132e-01	-4.531521016287373693e-02
5.075075075075075048e-01	-3.435561401033248030e-01	1.098814441390736085e-01
5.085085085085084833e-01	-4.268315206523390914e-01	1.627006513357337480e-01
5.095095095095094617e-01	-3.622011452660435227e-01	6.787528994676245153e-02
5.105105105105105512e-01	-4.186916234185760755e-01	9.446182793420387913e-02
5.115115115115115296e-01	-3.433388088459866649e-01	-1.047431028035183953e-02
5.125125125125125081e-01	-4.733564617204957248e-01	9.030988911732962254e-02
5.135135135135134865e-01	-5.795236070679539164e-01	1.676223588239641460e-01
5.145145145145144649e-01	-5.791974252482731123e-01	1.388488123136548680e-01
5.155155155155155544e-01	-6.048980118459387212e-01	1.365374755132774398e-01
5.165165165165165329e-01	-6.395767123161572032e-01	1.436673936317682809e-01
5.175175175175175113e-01	-6.087500320520684571e-01	8.578231383626788720e-02
5.185185185185184897e-01	-5.756310746334806216e-01	2.612209656267472369e-02
5.195195195195194682e-01	-4.081617127682126700e-01	-1.673451400016759960e-01
5.205205205205205576e-01	-4.296666604120297772e-01	-1.712689737510934562e-01
5.215215215215215361e-01	-4.927275142731816771e-01	-1.330426625786233497e-01
5.225225225225225145e-01	-5.779941365541255704e-01	-7.199178649951909481e-02
5.235235235235234930e-01	-6.245637290398211583e-01	-4.899519784704431391e-02
5.245245245245244714e-01	-6.226683306523821404e-01	-7.379754739683808129e-02
5.255255255255255609e-01	-7.150537618197100320e-01	-3.630363048828244565e-03
5.265265265265265393e-01	-7.057063117930448826e-01	-3.448538490889763164e-02
5.275275275275275177e-01	-6.244047257133756856e-01	-1.365625999482922293e-01
5.285285285285284962e-01	-7.848395373804031294e-01	3.849069734486287864e-03
5.295295295295294746e-01	-7.186028539795354941e-01	-8.163846867449509048e-02
5.305305305305305641e-01	-7.929784909736588006e-01	-2.572236339216904533e-02
5.315315315315315425e-01	-7.802240637910520249e-01	-5.612674517472304725e-02
5.325325325325325210e-01	-7.761252141792988057e-01	-7.704851901409404125e-02
5.335335335335334994e-01	-8.515746211102240837e-01	-1.757837049177402022e-02
5.345345345345344779e-01	-9.725167891723612845e-01	8.824400616358485383e-02
5.355355355355355673e-01	-9.715207985924571021e-01	7.300264247259025119e-02
5.365365365365365458e-01	-9.280843389450323944e-01	1.620931462999819495e-02
5.375375375375375242e-01	-9.639108940670153558e-01	3.958071448970712503e-02
5.385385385385385026e-01	-1.002140604043785688e+00	6.626929848997431538e-02
5.395395395395394811e-01	-1.037011776832148957e+00	9.052478709729760986e-02
5.405405405405405705e-01	-1.004977810551005435e+00	4.881107581175492260e-02
5.415415415415415490e-01	-1.076608293568398489e+00	1.117073248736593083e-01
5.425425425425425274e-01	-1.092549954883634156e+00	1.198689001804742471e-01
5.435435435435435059e-01	-9.650900609613604075e-01	-1.440923841975561004e-02
5.445445445445444843e-01	-9.064513540233458677e-01	-7.889760644427001868e-02
5.455455455455455738e-01	-9.260462058715775990e-01	-6.417804761962120352e-02
5.465465465465465522e-01	-8.567681976236642960e-01	-1.373521598662750254e-01
5.475475475475475307e-01	-1.010030293716078775e+00	1.299687393738868657e-02
5.485485485485485091e-01	-9.789400830881810345e-01	-2.002047667064621450e-02
5.495495495495495986e-01	-1.013659926664131516e+00	1.376005489738263421e-02
5.505505505505505770e-01	-1.019260511350359000e+00	1.941008439205860192e-02
5.515515515515515554e-01	-9.841728861449273724e-01	-1.463938808234177547e-02
5.525525525525525339e-01	-8.670276704483770303e-01	-1.297587697086574066e-01
5.535535535535535123e-01	-9.081746475335541469e-01	-8.560028047187040467e-02
5.545545545545546018e-01	-9.269872445184674792e-01	-6.279347120531564297e-02
5.555555555555555802e-01	-9.063807331575673976e-01	-7.842701985464051173e-02
5.565565565565565587e-01	-9.919460000574702452e-01	1.308504264360865754e-02
5.575575575575575371e-01	-9.523146601199770078e-01	-1.963154933225708110e-02
5.585585585585585155e-01	-9.994360843187395371e-01	3.536573750258786841e-02
5.595595595595596050e-01	-1.055381863101086060e+00	1.001407055027997428e-01
5.605605605605605835e-01	-9.759910135118844421e-01	3.052364091802117763e-02
5.615615615615615619e-01	-9.543684288611296029e-01	1.960977219397819216e-02
5.625625625625625403e-01	-9.584495419394540860e-01	3.532394274514072396e-02
5.635635635635635188e-01	-1.038510371630169571e+00	1.279306680381337991e-01
5.645645645645646082e-01	-1.018123437525299213e+00	1.209900615829857529e-01
5.655655655655655867e-01	-9.671003436348333260e-01	8.430043091021366397e-02
5.665665665665665651e-01	-9.355347588640847700e-01	6.794127119648274427e-02
5.675675675675675436e-01	-9.110446468987800639e-01	5.951550916546721748e-02
5.685685685685685220e-01	-8.609502892421965203e-01	2.632754099437861761e-02
5.695695695695696115e-01	-8.373143382574240734e-01	2.042330106451928362e-02
5.705705705705705899e-01	-7.748037167580685836e-01	-2.354782191633753019e-02
5.715715715715715683e-01	-8.168281357766428163e-01	3.780555019315046117e-02
5.725725725725725468e-01	-8.464970759003412892e-01	8.757378443225249942e-02
5.735735735735735252e-01	-7.160716185671014422e-01	-2.200191306523846535e-02
5.745745745745746147e-01	-6.741402968320034939e-01	-4.235362665077924138e-02
5.755755755755755931e-01	-6.745585011787396112e-01	-1.964730496198352494e-02
5.765765765765765716e-01	-6.927117748155388055e-01	2.148055547463434412e-02
5.775775775775775500e-01	-7.123934599609429430e-01	6.480057832354868541e-02
5.785785785785785285e-01	-6.980805740733302400e-01	7.476640613511209565e-02
5.795795795795796179e-01	-6.180639000967050878e-01	1.964481370577841890e-02
5.805805805805805964e-01	-6.286555106916645874e-01	5.572325604964356582e-02
5.815815815815815748e-01	-6.795158836649126677e-01	1.326370081712858751e-01
5.825825825825825532e-01	-7.107492327629263418e-01	1.904645207813467911e-01
5.835835835835835317e-01	-6.849740023042568682e-01	1.917979404047804870e-01
5.845845845845846211e-01	-7.160967000873220689e-01	2.505169682933647279e-01
5.855855855855855996e-01	-6.474078292496286968e-01	2.098848187927228048e-01
5.865865865865865780e-01	-6.151175800717973985e-01	2.060839381310517471e-01
5.875875875875875565e-01	-5.340862943220451298e-01	1.539464961984473024e-01
5.885885885885885349e-01	-5.559365455276771284e-01	2.050664946763440799e-01
5.895895895895896244e-01	-6.773271597434804558e-01	3.560738160593360790e-01
5.905905905905906028e-01	-6.082771410046571292e-01	3.169581777291112235e-01
5.915915915915915813e-01	-5.445955325646512080e-01	2.834990221525628407e-01
5.925925925925925597e-01	-5.217346852779930488e-01	2.911188145355512735e-01
5.935935935935935381e-01	-5.193719531153279112e-01	3.194647678905202515e-01
5.945945945945946276e-01	-3.962476468851452438e-01	2.272468265632950624e-01
5.955955955955956060e-01	-3.006928271077484727e-01	1.627654891350958088e-01
5.965965965965965845e-01	-3.286717098386340297e-01	2.219542444672745474e-01
5.975975975975975629e-01	-2.694542096622474792e-01	1.940521450798438075e-01
5.985985985985985414e-01	-2.073743268996583733e-01	1.633622248772731156e-01
5.995995995995996308e-01	-1.361783797088629566e-01	1.235997618701238920e-01
6.006006006006006093e-01	-1.761283154111771554e-01	1.949956201956447310e-01
6.016016016016015877e-01	-1.254875487992009875e-01	1.757821191625661694e-01
6.026026026026025662e-01	-1.536502369391388179e-01	2.353223388023429341e-01
6.036036036036035446e-01	-1.023591977960367494e-01	2.153280692251055839e-01
6.046046046046046341e-01	-8.721103287304107776e-02	2.313649639410009229e-01
6.056056056056056125e-01	-1.012464335105581481e-01	2.764428767624271810e-01
6.066066066066065909e-01	-5.738861400272542157e-02	2.634543254144165458e-01
6.076076076076075694e-01	-9.137896627945163441e-02	3.281101765711285090e-01
6.086086086086086588e-01	-5.670880824656068797e-03	2.728334969591764692e-01
6.096096096096096373e-01	1.637241694078315352e-02	2.809574197263902118e-01
6.106106106106106157e-01	-5.672125789280661745e-02	3.839242987505779303e-01
6.116116116116115942e-01	-5.201790189859925584e-02	4.087705903128292517e-01
6.126126126126125726e-01	5.948557578444894217e-02	3.264639832108766071e-01
6.136136136136136621e-01	1.600552949832106941e-01	2.547094861221982920e-01
6.146146146146146405e-01	1.267725239095117418e-01	3.163973367346150090e-01
6.156156156156156189e-01	2.462623948352231362e-01	2.248743142477939994e-01
6.166166166166165974e-01	3.700476321871253305e-01	1.285900390538641247e-01
6.176176176176175758e-01	4.669025144855593057e-01	5.874303814576109506e-02
6.186186186186186653e-01	6.094011791552526036e-01	-5.726753280218088715e-02
6.196196196196196437e-01	5.845726147283899499e-01	-6.496855228019016160e-03
6.206206206206206222e-01	6.720992859715000378e-01	-6.865304690807483290e-02
6.216216216216216006e-01	6.636420961166736854e-01	-3.542209882103353191e-02
6.226226226226225791e-01	7.057549832914399301e-01	-5.338244676964953861e-02
6.236236236236236685e-01	7.042202814588931492e-01	-2.834030809621312930e-02
6.246246246246246470e-01	7.088433648161337475e-01	-1.012430246376649912e-02
6.256256256256256254e-01	5.979731278514879289e-01	1.228940910730960123e-01
6.266266266266266038e-01	6.910405971606248254e-01	5.126194458498234408e-02
6.276276276276275823e-01	8.318470201182236456e-01	-6.884318574669712198e-02
6.286286286286286717e-01	9.303527270775663327e-01	-1.474021008691026591e-01
6.296296296296296502e-01	9.016741332894701033e-01	-9.955094053442670177e-02
6.306306306306306286e-01	8.330142420589572438e-01	-1.251166695187100331e-02
6.316316316316316071e-01	8.314685703610298351e-01	6.602028344196653187e-03
6.326326326326325855e-01	8.519069666645399108e-01	2.902924642385174003e-03
6.336336336336336750e-01	8.682910401280230506e-01	2.412860037104724853e-03
6.346346346346346534e-01	8.100736773924683831e-01	7.566323100406047164e-02
6.356356356356356319e-01	7.483557793842506856e-01	1.515382711390663717e-01
6.366366366366366103e-01	6.363185837206948303e-01	2.768427434522882091e-01
6.376376376376375887e-01	7.077842224446044828e-01	2.177413964770726906e-01
6.386386386386386782e-01	8.124822034616606681e-01	1.244924958057773701e-01
6.396396396396396566e-01	9.058429077477999636e-01	4.165433897262926788e-02
6.406406406406406351e-01	9.281363776331867932e-01	2.894647836508412730e-02
6.416416416416416135e-01	1.042752217246406099e+00	-7.703016893105174567e-02
6.426426426426425920e-01	1.145067325228517952e+00	-1.716610444725158446e-01
6.436436436436436814e-01	1.148817399455559718e+00	-1.686894447333832092e-01
6.446446446446446599e-01	9.929417501360509046e-01	-7.061326688655444883e-03
6.456456456456456383e-01	9.881705476403853661e-01	2.487450929046342019e-03
6.466466466466466168e-01	1.034228713478065664e+00	-3.977275772278821009e-02
6.476476476476475952e-01	1.033616557894162291e+00	-3.634601852132979261e-02
6.486486486486486847e-01	9.649262255229320573e-01	3.417274068174935842e-02
6.496496496496496631e-01	1.010410317469589092e+00	-1.047088926929540253e-02
6.506506506506506415e-01	9.475231962027196309e-01	5.226789806120657467e-02
6.516516516516516200e-01	8.228897768194460838e-01	1.757643342570104350e-01
6.526526526526525984e-01	9.165584636922681216e-01	7.997113925806886847e-02
6.536536536536536879e-01	9.222508967929858859e-01	7.116877392482490183e-02
6.546546546546546663e-01	9.439793969303622578e-01	4.534799272313116969e-02
6.556556556556556448e-01	9.421792113987835782e-01	4.207759503458519124e-02
6.566566566566566232e-01	8.782969521724693918e-01	9.991598296073955776e-02
6.576576576576576016e-01	7.778573107582561486e-01	1.933444415121210458e-01
6.586586586586586911e-01	7.510005066436112875e-01	2.122296842503008651e-01
6.596596596596596696e-01	6.741812455117384140e-01	2.801248882170103149e-01
6.606606606606606480e-01	6.070261065818530755e-01	3.374122987989761624e-01
6.616616616616616264e-01	4.789533653331915497e-01	4.546833982776555816e-01
6.626626626626626049e-01	5.018792773422102726e-01	4.200326123430164760e-01
6.636636636636636943e-01	5.166043203146982732e-01	3.926710574991896241e-01
6.646646646646646728e-01	5.353578759556508748e-01	3.603818477296045764e-01
6.656656656656656512e-01	5.104600358864661569e-01	3.708582762233416652e-01
6.666666666666666297e-01	5.769539127776076581e-01	2.890714910068326038e-01
6.676676676676676081e-01	6.794968094017935778e-01	1.703793117888934283e-01
6.686686686686686976e-01	5.648657977112987449e-01	2.680206359294742269e-01
6.696696696696696760e-01	5.713917841251650032e-01	2.436813573610975281e-01
6.706706706706706544e-01	5.066893218979574565e-01	2.897645376069728496e-01
6.716716716716716329e-01	4.335300457778675232e-01	3.435169537044232002e-01
6.726726726726726113e-01	3.430675512225805912e-01	4.138042007824122015e-01
6.736736736736737008e-01	2.819949592009950989e-01	4.539531082831080311e-01
6.746746746746746792e-01	3.603562415907898275e-01	3.539403948362318530e-01
6.756756756756756577e-01	4.166081782289557389e-01	2.753306907485923438e-01
6.766766766766766361e-01	3.112650659725792468e-01	3.576318077717606791e-01
6.776776776776777256e-01	3.759413183126052438e-01	2.692521176260870286e-01
6.786786786786787040e-01	4.850225350244036226e-01	1.358294598188399815e-01
6.796796796796796825e-01	5.484297883495534709e-01	4.746683228434545043e-02
6.806806806806806609e-01	5.439965098882377781e-01	2.635548068966608870e-02
6.816816816816816393e-01	6.108114808681489594e-01	-6.656811623656910815e-02
6.826826826826827288e-01	6.354556460289272346e-01	-1.178590855670497151e-01
6.836836836836837072e-01	7.051569156209853695e-01	-2.147189877045644901e-01
6.846846846846846857e-01	6.421431776741077790e-01	-1.793488547068070593e-01
6.856856856856856641e-01	4.711512774191752295e-01	-3.645819626477969644e-02
6.866866866866866426e-01	5.658584065093774651e-01	-1.596964159549037476e-01
6.876876876876877320e-01	4.828816841464494414e-01	-1.056524198436801232e-01
6.886886886886887105e-01	4.985559568700944078e-01	-1.506324441758097321e-01
6.896896896896896889e-01	6.162261841113290117e-01	-2.979524692190181900e-01
6.906906906906906674e-01	5.746127980879451869e-01	-2.863036078157230602e-01
6.916916916916916458e-01	5.683286553961117704e-01	-3.102690859672597723e-01
6.926926926926927353e-01	4.835119818292186178e-01	-2.559572169531364461e-01
6.936936936936937137e-01	3.043260360784690866e-01	-1.075010946107624044e-01
6.946946946946946921e-01	2.342661327180116382e-01	-6.836564614929901973e-02
6.956956956956956706e-01	2.670940005324915489e-01	-1.322820205259065685e-01
6.966966966966966490e-01	1.930070301604116245e-01	-8.941686632817005820e-02
6.976976976976977385e-01	4.455061018476041274e-02	2.771530173582682083e-02
6.986986986986987169e-01	-2.298758553164875068e-02	6.385778497236206663e-02
6.996996996996996954e-01	3.985794519369721678e-02	-3.042387296780076772e-02
7.007007007007006738e-01	-9.418097896864477403e-02	7.216959504241840517e-02
7.017017017017016522e-01	-1.779638866723530499e-01	1.245288126792983285e-01
7.027027027027027417e-01	-2.392383109692553522e-01	1.544323864937468260e-01
7.037037037037037202e-01	-2.430510831749292389e-01	1.269581690496976445e-01
7.047047047047046986e-01	-2.331230667871306006e-01	8.585796216698957095e-02
7.057057057057056770e-01	-1.062807893756811950e-01	-7.201088178229314574e-02
7.067067067067066555e-01	-5.420878521246808024e-02	-1.549331477250961986e-01
7.077077077077077449e-01	-6.155517759140577416e-02	-1.782302059063291255e-01
7.087087087087087234e-01	9.292721129002578032e-03	-2.794844420127856055e-01
7.097097097097097018e-01	5.905632628961808572e-02	-3.593872039013680242e-01
7.107107107107106803e-01	-7.023842509430755499e-02	-2.599346253065272228e-01
7.117117117117116587e-01	-3.172674145247872390e-02	-3.279619881920536328e-01
7.127127127127127482e-01	-1.882815841189739436e-01	-2.005671444724154151e-01
7.137137137137137266e-01	-2.375765753769232269e-01	-1.800476368295441665e-01
7.147147147147147050e-01	-1.205376292582876624e-01	-3.254490964267874320e-01
7.157157157157156835e-01	-1.336519959636077171e-01	-3.402562266268332469e-01
7.167167167167166619e-01	-1.913572334584350831e-01	-3.100038591291673362e-01
7.177177177177177514e-01	-3.175798611694276019e-01	-2.107383275766251396e-01
7.187187187187187298e-01	-3.348095561207709014e-01	-2.199432982633462430e-01
7.197197197197197083e-01	-4.322439898468162234e-01	-1.483949595817881661e-01
7.207207207207206867e-01	-4.800655968375936999e-01	-1.258852794259521235e-01
7.217217217217216652e-01	-5.681079956919128371e-01	-6.255560935064363726e-02
7.227227227227227546e-01	-6.429141994004780036e-01	-1.183849903925782154e-02
7.237237237237237331e-01	-6.932227798836011479e-01	1.502844406893510953e-02
7.247247247247247115e-01	-7.658275857142741172e-01	6.486224894667802499e-02
7.257257257257256899e-01	-8.815167163946149298e-01	1.584735323331080137e-01
7.267267267267266684e-01	-9.870519743510178801e-01	2.426459284625998025e-01
7.277277277277277578e-01	-9.530394136306552522e-01	1.880066161727649288e-01
7.287287287287287363e-01	-8.924352206375730789e-01	1.075321787511691607e-01
7.297297297297297147e-01	-8.456265510021147014e-01	4.162942063517549585e-02
7.307307307307306932e-01	-8.729580813668021966e-01	5.066189976799495565e-02
7.317317317317316716e-01	-9.342159271782014551e-01	9.443382671966271680e-02
7.327327327327327611e-01	-9.495463270513561094e-01	9.310873115801010513e-02
7.337337337337337395e-01	-9.586432440747967298e-01	8.639704605531106640e-02
7.347347347347347180e-01	-7.631897690716960003e-01	-1.240025053369067098e-01
7.357357357357356964e-01	-9.604320669851672543e-01	5.917102143922281510e-02
7.367367367367367859e-01	-9.054372885219620359e-01	-9.001310923204219883e-03
7.377377377377377643e-01	-1.020631428836982657e+00	9.391952343169773787e-02
7.387387387387387427e-01	-1.020977031507839916e+00	8.290820461167469624e-02
7.397397397397397212e-01	-1.027742024061498727e+00	7.924389050170455029e-02
7.407407407407406996e-01	-1.078473201208997256e+00	1.204836888935086892e-01
7.417417417417417891e-01	-1.156190470820654514e+00	1.896568932626129245e-01
7.427427427427427675e-01	-1.063878129146140772e+00	8.975624870740461780e-02
7.437437437437437460e-01	-1.041029790456560189e+00	6.028287323652092855e-02
7.447447447447447244e-01	-1.078548645687989138e+00	9.214650899227461167e-02
7.457457457457457028e-01	-1.043917568142547214e+00	5.283562147352782734e-02
7.467467467467467923e-01	-1.010930530519388748e+00	1.614881103680343433e-02
7.477477477477477708e-01	-9.448826466970339233e-01	-5.261514989746574056e-02
7.487487487487487492e-01	-1.014007869495144876e+00	1.478037729906556130e-02
7.497497497497497276e-01	-1.012938005501887062e+00	1.296890963414021325e-02
7.507507507507507061e-01	-9.787394947485227314e-01	-2.098237952186599031e-02
7.517517517517517955e-01	-1.125604299714843659e+00	1.271182278443212521e-01
7.527527527527527740e-01	-1.028856571465824654e+00	3.259366076727010508e-02
7.537537537537537524e-01	-8.789735687375639372e-01	-1.140810204028036567e-01
7.547547547547547309e-01	-8.394268012154632030e-01	-1.494374785479726242e-01
7.557557557557557093e-01	-7.798177728747207604e-01	-2.038783533048897922e-01
7.567567567567567988e-01	-7.591572705574760604e-01	-2.183979683902101954e-01
7.577577577577577772e-01	-7.646799374558962414e-01	-2.057677530639011598e-01
7.587587587587587556e-01	-8.384502271265483753e-01	-1.239302821100850549e-01
7.597597597597597341e-01	-8.401854111301880756e-01	-1.131762612472416718e-01
7.607607607607607125e-01	-8.873136879042774483e-01	-5.608641036730477314e-02
7.617617617617618020e-01	-8.626703582748316279e-01	-6.983527920487608842e-02
7.627627627627627804e-01	-8.415910055875517326e-01	-7.909805746531095583e-02
7.637637637637637589e-01	-8.282372970453326655e-01	-7.972476283421370269e-02
7.647647647647647373e-01	-8.090793041154011878e-01	-8.525790901562690927e-02
7.657657657657657158e-01	-8.833436692784369937e-01	3.515673462005985961e-03
7.667667667667668052e-01	-9.256910109646065976e-01	6.124225550474093893e-02
7.677677677677677837e-01	-8.649538575246771277e-01	1.673915761187516615e-02
7.687687687687687621e-01	-7.142243222012403248e-01	-1.169175601144537557e-01
7.697697697697697405e-01	-7.659114444999933768e-01	-4.733574072374091557e-02
7.707707707707707190e-01	-7.649712655573138731e-01	-2.957703835513214585e-02
7.717717717717718084e-01	-7.608088881215553378e-01	-1.425484075804517303e-02
7.727727727727727869e-01	-7.815414355808329994e-01	2.672870802003435298e-02
7.737737737737737653e-01	-7.683481134593571626e-01	3.453278818262861538e-02
7.747747747747747438e-01	-7.572497161468223492e-01	4.515743071579492174e-02
7.757757757757757222e-01	-8.249746950175371740e-01	1.353096060392722233e-01
7.767767767767768117e-01	-8.510147997574331047e-01	1.844588865750620421e-01
7.777777777777777901e-01	-8.650259846095074145e-01	2.222383749229679406e-01
7.787787787787787686e-01	-8.771261771589443645e-01	2.587424952427276326e-01
7.797797797797797470e-01	-8.571437991219426067e-01	2.637755372843196833e-01
7.807807807807807254e-01	-7.403949952405222135e-01	1.726289091458134140e-01
7.817817817817818149e-01	-6.561857946257986240e-01	1.145833230776093226e-01
7.827827827827827933e-01	-6.118557861268693054e-01	9.695249588605614477e-02
7.837837837837837718e-01	-6.394679089731669652e-01	1.517729651595305929e-01
7.847847847847847502e-01	-5.948358398608294406e-01	1.348315024622152025e-01
7.857857857857857287e-01	-5.661771611364031509e-01	1.343183081231043574e-01
7.867867867867868181e-01	-4.789563823435267764e-01	7.567005985954594616e-02
7.877877877877877966e-01	-3.978644869456469113e-01	2.354948702162706908e-02
7.887887887887887750e-01	-4.470023184065875510e-01	1.020287846119946606e-01
7.897897897897897534e-01	-3.780068473918971605e-01	6.271590881639421688e-02
7.907907907907907319e-01	-4.041973439950846125e-01	1.189007779210328741e-01
7.917917917917918214e-01	-3.420874867019307319e-01	8.706741030162029604e-02
7.927927927927927998e-01	-3.614174610130089227e-01	1.369260523754348702e-01
7.937937937937937782e-01	-2.295620269577700046e-01	3.582127572086943323e-02
7.947947947947947567e-01	-2.391620443845149380e-01	7.636353221941966085e-02
7.957957957957957351e-01	-2.657907876650280055e-01	1.340954988294019434e-01
7.967967967967968246e-01	-2.200139517850173421e-01	1.195521139328489801e-01
7.977977977977978030e-01	-2.434932462476823156e-01	1.743642016528958449e-01
7.987987987987987815e-01	-2.405289621095967889e-01	2.028010694308797213e-01
7.997997997997997599e-01	-2.504471108757302944e-01	2.441576775596611681e-01
8.008008008008007383e-01	-1.788925093975173852e-01	2.040477547868903285e-01
8.018018018018018278e-01	-8.346899545697381018e-02	1.400440446407653083e-01
8.028028028028028062e-01	-4.970931815692843092e-02	1.376482265679873362e-01
8.038038038038037847e-01	-6.828884137567553525e-02	1.875046501118485809e-01
8.048048048048047631e-01	2.344553954648466443e-02	1.269292822674502608e-01
8.058058058058058526e-01	1.350312145031283828e-01	4.635392136952290465e-02
8.068068068068068310e-01	2.245076420498322012e-01	-1.229155586732555427e-02
8.078078078078078095e-01	2.843073725515556927e-01	-4.147018717296779844e-02
8.088088088088087879e-01	1.941290543888993803e-01	7.908909921956575051e-02
8.098098098098097664e-01	2.200529861545618693e-01	8.327596232006262422e-02
8.108108108108108558e-01	2.462123969781226940e-01	8.692739776393465512e-02
8.118118118118118343e-01	3.522883180596375063e-01	1.033289572202777951e-02
8.128128128128128127e-01	4.502698363781211799e-01	-5.852578365772354019e-02
8.138138138138137911e-01	3.863542057010239672e-01	3.412530756818926703e-02
8.148148148148147696e-01	4.564900363260023797e-01	-7.690856125542655519e-03
8.158158158158158590e-01	5.676486122892147046e-01	-9.097356284278784733e-02
8.168168168168168375e-01	5.587649318673076904e-01	-5.468537607598189521e-02
8.178178178178178159e-01	6.501271326010770180e-01	-1.191415324717568502e-01
8.188188188188187944e-01	6.405613589865629676e-01	-8.319478272492220050e-02
8.198198198198197728e-01	6.566767305226394180e-01	-7.348033331636860677e-02
8.208208208208208623e-01	6.212148589809456389e-01	-1.276533798672940812e-02
8.218218218218218407e-01	6.665388466384277733e-01	-3.343787071160575497e-02
8.228228228228228192e-01	6.185847401285011760e-01	3.854164514068691982e-02
8.238238238238237976e-01	5.745516721509821290e-01	1.059503192042687836e-01
8.248248248248247760e-01	5.273096420503694537e-01	1.758950370303119515e-01
8.258258258258258655e-01	5.930877882362107778e-01	1.321242105241878795e-01
8.268268268268268439e-01	6.240733414018627689e-01	1.224288469261896051e-01
8.278278278278278224e-01	7.837114996746121776e-01	-1.665730481901406268e-02
8.288288288288288008e-01	8.234983447701020864e-01	-3.665064939851359060e-02
8.298298298298297793e-01	8.240395041822814459e-01	-1.817638722461467626e-02
8.308308308308308687e-01	8.601743646135620036e-01	-3.609270851019674708e-02
8.318318318318318472e-01	9.222201417447397631e-01	-8.073484444468959076e-02
8.328328328328328256e-01	9.589891613712101526e-01	-1.009323305155234163e-01
8.338338338338338041e-01	9.091061474535567788e-01	-3.532627754082973137e-02
8.348348348348347825e-01	9.283184399478474624e-01	-3.967957329549198775e-02
8.358358358358358720e-01	9.832023530054941896e-01	-8.058322533645967400e-02
8.368368368368368504e-01	9.430520958383400432e-01	-2.734526733817110866e-02
8.378378378378378288e-01	9.628723746311997900e-01	-3.498334733469121716e-02
8.388388388388388073e-01	9.756422540544253952e-01	-3.648857643465874823e-02
8.398398398398397857e-01	9.744669503944682898e-01	-2.497731003965530938e-02
8.408408408408408752e-01	1.014566537168708704e+00	-5.567984244405876915e-02
8.418418418418418536e-01	9.420076315823402435e-01	2.532791681494972469e-02
8.428428428428428321e-01	1.023510022932685670e+00	-4.868217625815196570e-02
8.438438438438438105e-01	1.087817287085499629e+00	-1.064611063319408357e-01
8.448448448448447889e-01	1.082083149829401902e+00	-9.516905477624215681e-02
8.458458458458458784e-01	1.071607199732986571e+00	-8.011110613560179505e-02
8.468468468468468568e-01	1.093733146703123937e+00	-9.863550125285802661e-02
8.478478478478478353e-01	1.025860453160960084e+00	-2.814526396469874125e-02
8.488488488488488137e-01	9.752293777242760919e-01	2.411675873770480205e-02
8.498498498498497922e-01	9.613923534711259489e-01	3.859652100458810242e-02
8.508508508508508816e-01	8.251129720532297540e-01	1.745297956090001712e-01
8.518518518518518601e-01	7.543900530580915920e-01	2.439181052131766947e-01
8.528528528528528385e-01	7.750190670818417615e-01	2.209672989572628587e-01
8.538538538538538170e-01	7.354414557389490348e-01	2.572382311445713388e-01
8.548548548548547954e-01	6.585595311375561645e-01	3.298318594959170902e-01
8.558558558558558849e-01	6.174351616866659009e-01	3.656905561090384449e-01
8.568568568568568633e-01	5.512554052733761312e-01	4.256324700881168877e-01
8.578578578578578417e-01	5.133865207968164590e-01	4.562975108608712249e-01
8.588588588588588202e-01	4.674693140098333255e-01	4.940519962372926233e-01
8.598598598598597986e-01	4.621966911537406797e-01	4.902110917307117011e-01
8.608608608608608881e-01	5.281716234097694196e-01	4.141808381245495330e-01
8.618618618618618665e-01	5.311230790937619961e-01	4.002422103660930874e-01
8.628628628628628450e-01	5.455527552137251490e-01	3.739043761764804241e-01
8.638638638638638234e-01	5.799161391674607646e-01	3.267236236094294144e-01
8.648648648648649129e-01	6.419976155473714474e-01	2.509282426021970380e-01
8.658658658658658913e-01	6.200447594251217165e-01	2.582842191576476543e-01
8.668668668668668698e-01	6.494926539495852191e-01	2.133709043363456459e-01
8.678678678678678482e-01	7.277231044315217723e-01	1.188217858985393116e-01
8.688688688688688266e-01	7.058883630892278660e-01	1.235007484358562335e-01
8.698698698698699161e-01	8.033998145986795958e-01	8.013371864186380478e-03
8.708708708708708945e-01	8.808132738317548949e-01	-8.817838309006897912e-02
8.718718718718718730e-01	8.685992903225842054e-01	-9.552649693386650043e-02
8.728728728728728514e-01	8.450905767996194085e-01	-9.234433830166366430e-02
8.738738738738738299e-01	7.615187380911893067e-01	-2.984341198950890561e-02
8.748748748748749193e-01	8.368824991669970847e-01	-1.270016068725678959e-01
8.758758758758758978e-01	7.060503305021480491e-01	-1.866584187303865772e-02
8.768768768768768762e-01	6.758187644593195431e-01	-1.161040365370524796e-02
8.778778778778778547e-01	6.185114596406168230e-01	2.186396703241055839e-02
8.788788788788788331e-01	5.981320798699313324e-01	1.777717369725095864e-02
8.798798798798799226e-01	4.801012878633589276e-01	1.107327471426001742e-01
8.808808808808809010e-01	5.708976306137650836e-01	-5.723063848372844653e-03
8.818818818818818794e-01	4.752409116406899892e-01	6.371531071952712955e-02
8.828828828828828579e-01	4.674108378131795472e-01	4.479409013993668198e-02
8.838838838838838363e-01	4.254604655637460042e-01	5.948667115374506320e-02
8.848848848848849258e-01	3.590383514644208129e-01	9.817145121465670199e-02
8.858858858858859042e-01	3.099207709087525853e-01	1.190995831535736071e-01
8.868868868868868827e-01	3.541371666200548440e-01	4.626949954775017027e-02
8.878878878878878611e-01	3.323295136068580291e-01	3.906752020071263543e-02
8.888888888888888395e-01	3.375621835531535386e-01	4.457959772519171082e-03
8.898898898898899290e-01	2.949634903200203384e-01	1.734155391146785519e-02
8.908908908908909074e-01	2.309034513016084422e-01	5.137766917236341602e-02
8.918918918918918859e-01	2.437611974143548688e-01	8.216863970771925985e-03
8.928928928928928643e-01	3.009490489878158259e-01	-7.952321666625358776e-02
8.938938938938938428e-01	2.731738406022559129e-01	-8.251919556919024012e-02
8.948948948948949322e-01	1.593773762919758197e-01	3.175514955727209987e-04
8.958958958958959107e-01	2.826108766421431828e-01	-1.540335813602739246e-01
8.968968968968968891e-01	2.238020848632657211e-01	-1.264695664949609943e-01
8.978978978978978676e-01	1.057131111273776625e-01	-3.972161750075355047e-02
8.988988988988988460e-01	2.167773106583057996e-01	-1.821920978464869056e-01
8.998998998998999355e-01	2.054013983184987124e-01	-2.022566661107628172e-01
9.009009009009009139e-01	1.206838667931860454e-01	-1.489827248763030965e-01
9.019019019019018923e-01	2.005177248230326920e-02	-7.976623736551061161e-02
9.029029029029028708e-01	-2.239312873544604954e-03	-8.883170981309571057e-02
9.039039039039038492e-01	1.471157434266622682e-02	-1.370490987211214484e-01
9.049049049049049387e-01	-9.576367243451003319e-02	-5.771937946170627165e-02
9.059059059059059171e-01	1.503215379147269590e-02	-1.995089605949635914e-01
9.069069069069068956e-01	-4.693939183526020520e-02	-1.683487489098272061e-01
9.079079079079078740e-01	-1.215017448296492886e-01	-1.243848409242000741e-01
9.089089089089088525e-01	-1.312003634277591202e-01	-1.450415209513129244e-01
9.099099099099099419e-01	-1.065368959288347656e-01	-1.997871236779483195e-01
9.109109109109109204e-01	-1.626948474800873068e-01	-1.734083970621269344e-01
9.119119119119118988e-01	-2.561551521038143431e-01	-1.093949597214047831e-01
9.129129129129128772e-01	-2.763556812288699982e-01	-1.182798215205695391e-01
9.139139139139138557e-01	-4.002184253663758073e-01	-2.311223069015599929e-02
9.149149149149149451e-01	-4.781031452038334018e-01	2.649594882693911968e-02
9.159159159159159236e-01	-5.053609464766113391e-01	2.592378418780366678e-02
9.169169169169169020e-01	-5.178223177263708843e-01	1.102928375809864026e-02
9.179179179179178805e-01	-4.831218610377021050e-01	-5.052589936441870266e-02
9.189189189189188589e-01	-4.754114743439761259e-01	-8.456331179361653572e-02
9.199199199199199484e-01	-5.636824801719221290e-01	-2.206559736991620113e-02
9.209209209209209268e-01	-6.268535122624616651e-01	1.591136371703816277e-02
9.219219219219219053e-01	-5.972479481207186858e-01	-3.828413772366479062e-02
9.229229229229228837e-01	-5.895962676484726162e-01	-6.989730588742160133e-02
9.239239239239238621e-01	-5.161132871390485821e-01	-1.666896300241377249e-01
9.249249249249249516e-01	-5.258028934580963876e-01	-1.796341736878555029e-01
9.259259259259259300e-01	-4.675722220242846117e-01	-2.598014195487643452e-01
9.269269269269269085e-01	-5.074134755193153712e-01	-2.411774728156744763e-01
9.279279279279278869e-01	-5.148986321866676485e-01	-2.541693743876474176e-01
9.289289289289288654e-01	-5.494644937573950338e-01	-2.393200736752337798e-01
9.299299299299299548e-01	-5.229550118069816733e-01	-2.847661222668259606e-01
9.309309309309309333e-01	-3.934074144319059108e-01	-4.324515665316371327e-01
9.319319319319319117e-01	-4.322334450594889077e-01	-4.109467273267325416e-01
9.329329329329328901e-01	-4.870652762333395613e-01	-3.726023039474040677e-01
9.339339339339339796e-01	-5.733553379331867150e-01	-3.019495627446256991e-01
9.349349349349349581e-01	-5.802954638229317341e-01	-3.097812069989746009e-01
9.359359359359359365e-01	-6.823753792023246056e-01	-2.215929042596912479e-01
9.369369369369369149e-01	-8.094849684096124820e-01	-1.074810333864000267e-01
9.379379379379378934e-01	-7.053110051255405688e-01	-2.237459678288208353e-01
9.389389389389389828e-01	-8.538885173028964992e-01	-8.634072340686194114e-02
9.399399399399399613e-01	-9.273030451140191754e-01	-2.316871218609251049e-02
9.409409409409409397e-01	-9.057737882993200929e-01	-5.400060605386869383e-02
9.419419419419419182e-01	-8.462316029949784602e-01	-1.218963499071397116e-01
9.429429429429428966e-01	-8.469425730136698194e-01	-1.285815994681679397e-01
9.439439439439439861e-01	-7.319010370108108843e-01	-2.500547022866960178e-01
9.449449449449449645e-01	-8.196993605718949638e-01	-1.677169328848939767e-01
9.459459459459459429e-01	-8.659337027248614760e-01	-1.259667325340152466e-01
9.469469469469469214e-01	-8.776935404647212557e-01	-1.177101900692910652e-01
9.479479479479478998e-01	-8.126917036290020047e-01	-1.852310113992411411e-01
9.489489489489489893e-01	-7.860357825935294640e-01	-2.134191152355399135e-01
9.499499499499499677e-01	-8.094533417139750942e-01	-1.905454221146223315e-01
9.509509509509509462e-01	-8.752237573973574714e-01	-1.243300178244064469e-01
9.519519519519519246e-01	-8.891763910860706055e-01	-1.089439809520759139e-01
9.529529529529529031e-01	-8.098781890190303034e-01	-1.858217826878074685e-01
9.539539539539539925e-01	-8.160705890549890817e-01	-1.762243785998245382e-01
9.549549549549549710e-01	-7.894719746718770192e-01	-1.984367522683011531e-01
9.559559559559559494e-01	-7.713124202293211162e-01	-2.112331666933070506e-01
9.569569569569569278e-01	-7.273090188582385096e-01	-2.489018321161918790e-01
9.579579579579579063e-01	-7.567077354434551539e-01	-2.122030477926948322e-01
9.589589589589589957e-01	-6.848346125502438042e-01	-2.758179898720771739e-01
9.599599599599599742e-01	-8.337428730816455191e-01	-1.177016016015315358e-01
9.609609609609609526e-01	-9.069231674192620440e-01	-3.437233811024209551e-02
9.619619619619619311e-01	-9.143971882670791640e-01	-1.581854256152537275e-02
9.629629629629629095e-01	-8.610144143360671798e-01	-5.720169254420770510e-02
9.639639639639639990e-01	-8.259630602163494650e-01	-7.934543936624727234e-02
9.649649649649649774e-01	-9.043138135216487461e-01	1.280814082336412252e-02
9.659659659659659559e-01	-9.686733903010815716e-01	9.185211506792645419e-02
9.669669669669669343e-01	-9.401084356523349284e-01	7.883860771310358118e-02
9.679679679679679127e-01	-8.604732203354653608e-01	1.560651137964608193e-02
9.689689689689690022e-01	-7.535079836840207212e-01	-7.412015491871082329e-02
9.699699699699699806e-01	-7.322677717071446324e-01	-7.730339163360055998e-02
9.709709709709709591e-01	-7.664699616363404022e-01	-2.424367727875342826e-02
9.719719719719719375e-01	-7.183587358079753793e-01	-5.271547689075029020e-02
9.729729729729729160e-01	-6.709252505695781910e-01	-7.974705468314824408e-02
9.739739739739740054e-01	-5.982915848667675895e-01	-1.312365062554216033e-01
9.749749749749749839e-01	-4.950597736311330710e-01	-2.126027052553731700e-01
9.759759759759759623e-01	-5.152937355814586340e-01	-1.698033549023225675e-01
9.769769769769769407e-01	-5.477291222817650684e-01	-1.141251175481045044e-01
9.779779779779779192e-01	-5.831155514316769262e-01	-5.484135932143774372e-02
9.789789789789790087e-01	-6.371276354764540129e-01	2.369890120979101233e-02
9.799799799799799871e-01	-6.455137533224037938e-01	5.721978812159911332e-02
9.809809809809809655e-01	-6.410181762486464319e-01	7.844071803020857825e-02
9.819819819819819440e-01	-5.943483649730205709e-01	5.804372173563598913e-02
9.829829829829829224e-01	-6.064508129364438727e-01	9.694931265256723218e-02
9.839839839839840119e-01	-4.826039475478859364e-01	4.094137458364732751e-04
9.849849849849849903e-01	-5.617706806179290080e-01	1.073599341730516743e-01
9.859859859859859688e-01	-5.489348723682523357e-01	1.227572599958157706e-01
9.869869869869869472e-01	-5.571458984847991180e-01	1.596228484008834769e-01
9.879879879879879256e-01	-5.201161340778817088e-01	1.516407392676276666e-01
9.889889889889890151e-01	-4.172125208210149538e-01	7.814915032634078829e-02
9.899899899899899935e-01	-4.466190478242857420e-01	1.373029864354164964e-01
9.909909909909909720e-01	-3.992824236210543720e-01	1.200195403282225404e-01
9.919919919919919504e-01	-3.612627423060468801e-01	1.123291878391519671e-01
9.929929929929930399e-01	-3.452132259148186777e-01	1.268551596701719408e-01
9.939939939939940183e-01	-3.166052459364785965e-01	1.290385925606421791e-01
9.949949949949949968e-01	-2.911582234760947130e-01	1.345684593475362512e-01
9.959959959959959752e-01	-2.652854125357623216e-01	1.398273823554639916e-01
9.969969969969969537e-01	-2.264357005248683052e-01	1.322334641972382485e-01
9.979979979979980431e-01	-1.673142879067956446e-01	1.044609978623154828e-01
9.989989989989990216e-01	-1.667000410270717548e-01	1.352578501079514384e-01
1.000000000000000000e+00	-1.060571864403275916e-01	1.060571864403263703e-01
