# Time	RLS_Output	RLS_Error
0.000000000000000000e+00	0.000000000000000000e+00	0.000000000000000000e+00
1.001001001001000992e-03	0.000000000000000000e+00	0.000000000000000000e+00
2.002002002002001985e-03	0.000000000000000000e+00	0.000000000000000000e+00
3.003003003003002977e-03	0.000000000000000000e+00	0.000000000000000000e+00
4.004004004004003969e-03	0.000000000000000000e+00	0.000000000000000000e+00
5.005005005005004962e-03	0.000000000000000000e+00	0.000000000000000000e+00
6.006006006006005954e-03	0.000000000000000000e+00	0.000000000000000000e+00
7.007007007007006946e-03	0.000000000000000000e+00	0.000000000000000000e+00
8.008008008008007939e-03	0.000000000000000000e+00	0.000000000000000000e+00
9.009009009009008931e-03	0.000000000000000000e+00	0.000000000000000000e+00
1.001001001001000992e-02	0.000000000000000000e+00	0.000000000000000000e+00
1.101101101101101092e-02	0.000000000000000000e+00	0.000000000000000000e+00
1.201201201201201191e-02	0.000000000000000000e+00	0.000000000000000000e+00
1.301301301301301290e-02	0.000000000000000000e+00	0.000000000000000000e+00
1.401401401401401389e-02	0.000000000000000000e+00	0.000000000000000000e+00
1.501501501501501488e-02	0.000000000000000000e+00	0.000000000000000000e+00
1.601601601601601588e-02	0.000000000000000000e+00	0.000000000000000000e+00
1.701701701701701513e-02	0.000000000000000000e+00	0.000000000000000000e+00
1.801801801801801786e-02	0.000000000000000000e+00	0.000000000000000000e+00
1.901901901901902059e-02	0.000000000000000000e+00	0.000000000000000000e+00
2.002002002002001985e-02	0.000000000000000000e+00	0.000000000000000000e+00
2.102102102102101910e-02	0.000000000000000000e+00	0.000000000000000000e+00
2.202202202202202183e-02	0.000000000000000000e+00	0.000000000000000000e+00
2.302302302302302456e-02	0.000000000000000000e+00	0.000000000000000000e+00
2.402402402402402382e-02	0.000000000000000000e+00	0.000000000000000000e+00
2.502502502502502307e-02	0.000000000000000000e+00	7.076624788865043536e-01
2.602602602602602580e-02	3.229970518090629072e-01	4.065310393131255084e-01
2.702702702702702853e-02	4.904441087744796923e-01	2.602281964782446333e-01
2.802802802802802778e-02	5.919592824047216206e-01	1.791149302940030497e-01
2.902902902902902704e-02	6.407998459977557459e-01	1.499137929173379735e-01
3.003003003003002977e-02	7.690518985179262135e-01	4.051926482281775765e-02
3.103103103103103250e-02	8.000348082106677472e-01	2.759333039206346427e-02
3.203203203203203175e-02	8.165936799381713351e-01	2.827302901764638943e-02
3.303303303303303101e-02	7.797971335682448712e-01	8.147269437098592082e-02
3.403403403403403027e-02	7.849401968421779729e-01	9.188107839097547913e-02
3.503503503503503647e-02	8.440430128728561021e-01	4.746265982542785533e-02
3.603603603603603572e-02	8.636812483576002952e-01	4.162725122499633112e-02
3.703703703703703498e-02	9.184932751614189872e-01	-2.771682811449904804e-04
3.803803803803804118e-02	9.480608345941216042e-01	-1.784510376551740052e-02
3.903903903903904044e-02	9.857468960669962810e-01	-4.445139053749302960e-02
4.004004004004003969e-02	1.004129691600322394e+00	-5.268521691714567190e-02
4.104104104104103895e-02	9.385849499634602022e-01	2.206765245886077587e-02
4.204204204204203821e-02	8.659036466950509325e-01	1.030071365410986095e-01
4.304304304304304440e-02	9.448059321364413732e-01	3.140491883798823824e-02
4.404404404404404366e-02	9.879243324971198614e-01	-5.378745574492138637e-03
4.504504504504504292e-02	9.883361027163419799e-01	-4.273757761639185304e-04
4.604604604604604912e-02	9.504063233599847615e-01	4.188864429482896945e-02
4.704704704704704837e-02	1.000583461400792240e+00	-4.883489693954579103e-03
4.804804804804804763e-02	1.062530830106029001e+00	-6.441045806788270323e-02
4.904904904904904689e-02	1.050534807336021448e+00	-5.098103211425764059e-02
5.005005005005004615e-02	1.069942536806784528e+00	-6.994377297818710204e-02
5.105105105105105234e-02	9.989792913118080708e-01	4.756065172611956271e-04
5.205205205205205160e-02	1.021844651125381365e+00	-2.392193609713810787e-02
5.305305305305305086e-02	9.803465992730817646e-01	1.505713126093077836e-02
5.405405405405405705e-02	9.458747585919821121e-01	4.602567666689472148e-02
5.505505505505505631e-02	9.244408611812863219e-01	6.297543227550261857e-02
5.605605605605605557e-02	9.282663068032921405e-01	5.368943249421453956e-02
5.705705705705705483e-02	1.009772005848633691e+00	-3.424783336679493306e-02
5.805805805805805409e-02	1.044330908073038744e+00	-7.620295517091990600e-02
5.905905905905906028e-02	1.004371931883573099e+00	-4.459753753038409041e-02
6.006006006006005954e-02	1.017751796843982204e+00	-6.728003954387062890e-02
6.106106106106105880e-02	1.039857685209803151e+00	-9.962844450004415542e-02
6.206206206206206499e-02	9.900426807190608747e-01	-6.098570776469813826e-02
6.306306306306305731e-02	9.329357623105237751e-01	-1.596976051451026724e-02
6.406406406406406351e-02	9.163511864978801658e-01	-1.238290303586397911e-02
6.506506506506506970e-02	9.388846768763632333e-01	-4.880800605445734242e-02
6.606606606606606202e-02	9.115434824651411638e-01	-3.623858178732808355e-02
6.706706706706706822e-02	9.526935271205270173e-01	-9.302594693978183393e-02
6.806806806806806054e-02	8.817814671756982747e-01	-3.860129478947560422e-02
6.906906906906906674e-02	8.756827377792466560e-01	-4.982375681570339054e-02
7.007007007007007293e-02	9.105476568157295780e-01	-1.028265227419228323e-01
7.107107107107106525e-02	9.177845839586568077e-01	-1.290000165260253295e-01
7.207207207207207145e-02	9.050458021285531229e-01	-1.359777955542361694e-01
7.307307307307307764e-02	8.902643010118919120e-01	-1.416733526769012874e-01
7.407407407407406996e-02	8.966975714675795572e-01	-1.693239298945307114e-01
7.507507507507507616e-02	8.743166249568349313e-01	-1.688795578108818196e-01
7.607607607607608236e-02	8.317303641424883542e-01	-1.489274469792992717e-01
7.707707707707707467e-02	7.982097319044700878e-01	-1.387161583685739830e-01
7.807807807807808087e-02	7.856073714217265413e-01	-1.500752855773423988e-01
7.907907907907907319e-02	7.726457669824584595e-01	-1.617036184370354013e-01
8.008008008008007939e-02	7.232775443499525059e-01	-1.375294668081131766e-01
8.108108108108108558e-02	7.616152693746350844e-01	-2.016404832370396472e-01
8.208208208208207790e-02	7.549612451973529703e-01	-2.213134847952303863e-01
8.308308308308308410e-02	7.066412275464888371e-01	-1.998481935782162600e-01
8.408408408408407642e-02	7.147317693182179132e-01	-2.352946070294079650e-01
8.508508508508508261e-02	7.548177706639700446e-01	-3.032105742870746523e-01
8.608608608608608881e-02	7.734952748363401742e-01	-3.501646187798056475e-01
8.708708708708708113e-02	7.584116684156942956e-01	-3.637761656662532039e-01
8.808808808808808732e-02	7.000455949660482347e-01	-3.344954831408292195e-01
8.908908908908909352e-02	6.921743777639367545e-01	-3.560711332217209035e-01
9.009009009009008584e-02	6.972914837832914214e-01	-3.909674641765076286e-01
9.109109109109109204e-02	6.873666666245560330e-01	-4.111247822454815459e-01
9.209209209209209823e-02	6.653001954274532226e-01	-4.194136096736030828e-01
9.309309309309309055e-02	6.613769666471114306e-01	-4.460888259020210911e-01
9.409409409409409675e-02	6.536523326236112208e-01	-4.691755258201186773e-01
9.509509509509508907e-02	6.910945118210959359e-01	-5.376114599248793535e-01
9.609609609609609526e-02	6.825362882942640486e-01	-5.601987639158066967e-01
9.709709709709710146e-02	7.381640784457007554e-01	-6.470930557590600651e-01
9.809809809809809378e-02	6.739497682285315872e-01	-6.142353033453212818e-01
9.909909909909909997e-02	6.124571345795465360e-01	-5.841582764964282637e-01
1.001001001001000923e-01	6.759321239011356619e-01	-6.790768561088716959e-01
1.011011011011010985e-01	5.090774870957838205e-01	-5.436626999076010769e-01
1.021021021021021047e-01	2.850882876432566659e-01	-3.510797812698773224e-01
1.031031031031030970e-01	2.304934138390117293e-01	-3.278259322073139304e-01
1.041041041041041032e-01	-1.223155882712268633e-02	-1.163457364547458017e-01
1.051051051051051094e-01	-8.562919270198091765e-03	-1.511320085173514238e-01
1.061061061061061017e-01	-9.758402073591811166e-02	-9.307062429714633989e-02
1.071071071071071079e-01	-2.584252358130582072e-01	3.699940349149932750e-02
1.081081081081081141e-01	-2.536138440013316342e-01	1.635782616206449269e-03
1.091091091091091064e-01	-7.749050335094273545e-02	-2.047906171230287897e-01
1.101101101101101126e-01	-4.895232147017682806e-02	-2.633527227613127186e-01
1.111111111111111049e-01	-6.724634600780769050e-03	-3.352955087248874477e-01
1.121121121121121111e-01	-1.949410084287427625e-01	-1.764560253788251265e-01
1.131131131131131173e-01	-2.008532770180976035e-01	-1.995533891497062451e-01
1.141141141141141097e-01	-1.719548502934354073e-01	-2.570655037688909239e-01
1.151151151151151159e-01	-2.368090520306013746e-01	-2.204007506484778056e-01
1.161161161161161082e-01	-1.651158324685611523e-01	-3.198313042489261404e-01
1.171171171171171144e-01	-1.867585582110115605e-01	-3.254463697421025592e-01
1.181181181181181206e-01	-2.191047115071420026e-01	-3.198515108530744500e-01
1.191191191191191129e-01	-1.879356272744457101e-01	-3.772389394909470006e-01
1.201201201201201191e-01	-1.905040012423339091e-01	-4.003300337636238604e-01
1.211211211211211253e-01	-4.530619426583204490e-01	-1.628473109088590665e-01
1.221221221221221176e-01	-4.022608524949934372e-01	-2.381145741780323899e-01
1.231231231231231238e-01	-5.069246587323354980e-01	-1.572837020732784641e-01
1.241241241241241300e-01	-7.207476569505983921e-01	3.336316832148822353e-02
1.251251251251251362e-01	-6.674049159565105249e-01	-4.247597633791810878e-02
1.261261261261261146e-01	-8.541248276430417619e-01	1.224495015413638033e-01
1.271271271271271208e-01	-8.347808403297620750e-01	8.203460183180744103e-02
1.281281281281281270e-01	-8.830455906803890143e-01	1.099727972916715313e-01
1.291291291291291332e-01	-1.005308362707045600e+00	2.126734719653609051e-01
1.301301301301301394e-01	-1.070920957694634357e+00	2.595077712317684915e-01
1.311311311311311179e-01	-1.030103771843638327e+00	2.007146603185558931e-01
1.321321321321321240e-01	-1.225508320499447912e+00	3.789634301693874940e-01
1.331331331331331302e-01	-1.218690781214396113e+00	3.558272229284650257e-01
1.341341341341341364e-01	-1.198481190259913731e+00	3.201522116771449156e-01
1.351351351351351426e-01	-1.085578093574068870e+00	1.926522354245004953e-01
1.361361361361361211e-01	-9.630646615131916999e-01	5.642489873630274211e-02
1.371371371371371273e-01	-1.089813256823357612e+00	1.703561254331524832e-01
1.381381381381381335e-01	-1.003176483774753214e+00	7.181119431489924043e-02
1.391391391391391397e-01	-1.125072266836964152e+00	1.827198053026455327e-01
1.401401401401401459e-01	-1.212370806509582399e+00	2.599630236251309068e-01
1.411411411411411521e-01	-1.192844582190035752e+00	2.313232719429101358e-01
1.421421421421421305e-01	-1.237467634065062549e+00	2.677836024073749766e-01
1.431431431431431367e-01	-1.163953855779950475e+00	1.870659804184579000e-01
1.441441441441441429e-01	-9.189553339649784158e-01	-6.417038383072570795e-02
1.451451451451451491e-01	-8.310196279749259007e-01	-1.573717626585467988e-01
1.461461461461461553e-01	-9.878400094304450318e-01	-4.839677453075230673e-03
1.471471471471471337e-01	-8.706529493092122207e-01	-1.253334167298920665e-01
1.481481481481481399e-01	-8.848709338728243390e-01	-1.134372243984438366e-01
1.491491491491491461e-01	-9.408544428277677563e-01	-5.878832483446216894e-02
1.501501501501501523e-01	-9.716803658666579580e-01	-2.830850860905609334e-02
1.511511511511511585e-01	-8.758416570117899536e-01	-1.235044794501909404e-01
1.521521521521521647e-01	-8.856753045968271953e-01	-1.120398845994342585e-01
1.531531531531531432e-01	-9.386171703732015814e-01	-5.648047507706455139e-02
1.541541541541541493e-01	-9.262451564597623532e-01	-6.525093713762253333e-02
1.551551551551551555e-01	-1.006402972229793580e+00	1.948887717663350116e-02
1.561561561561561617e-01	-8.815930884233775799e-01	-9.976309233018187950e-02
1.571571571571571679e-01	-1.031012739247494592e+00	5.618489257296044315e-02
1.581581581581581464e-01	-1.125472667628286239e+00	1.581371192309959373e-01
1.591591591591591526e-01	-1.199779853666139928e+00	2.408931589414901042e-01
1.601601601601601588e-01	-1.179455497773570727e+00	2.299658574187574134e-01
1.611611611611611650e-01	-1.049234989623516690e+00	1.100813120037487103e-01
1.621621621621621712e-01	-1.012957733702668728e+00	8.506870640615926682e-02
1.631631631631631496e-01	-9.944749369498213643e-01	7.876810844965187464e-02
1.641641641641641558e-01	-1.097938589534608544e+00	1.953194618655742509e-01
1.651651651651651620e-01	-9.978336689421835048e-01	1.091948022898274751e-01
1.661661661661661682e-01	-9.931152247612168305e-01	1.193353548484882287e-01
1.671671671671671744e-01	-1.051356771080444563e+00	1.932999402247571608e-01
1.681681681681681528e-01	-9.371775888565208046e-01	9.569229155647041019e-02
1.691691691691691590e-01	-8.278023963211766922e-01	3.720740217812212869e-03
1.701701701701701652e-01	-7.105865471850495441e-01	-9.527656977262000115e-02
1.711711711711711714e-01	-7.051184002010529861e-01	-8.172929517053728610e-02
1.721721721721721776e-01	-5.093849059642479027e-01	-2.576692888913509893e-01
1.731731731731731838e-01	-5.490289757227735379e-01	-1.974732126052783920e-01
1.741741741741741623e-01	-5.822705170297713950e-01	-1.429414817306263741e-01
1.751751751751751685e-01	-5.499629146207910546e-01	-1.532417644598930151e-01
1.761761761761761746e-01	-5.192841482028109912e-01	-1.612178431524414757e-01
1.771771771771771808e-01	-5.683022967337542086e-01	-8.882408853543422023e-02
1.781781781781781870e-01	-6.146235535112287707e-01	-1.847742241559213738e-02
1.791791791791791655e-01	-6.454839345614553636e-01	3.703441356723746747e-02
1.801801801801801717e-01	-7.166728178550144657e-01	1.334764206487405458e-01
1.811811811811811779e-01	-7.369747146774291435e-01	1.796081384157866001e-01
1.821821821821821841e-01	-7.719022806833337746e-01	2.409166805540132739e-01
1.831831831831831903e-01	-8.948294721207670221e-01	3.907499163294424482e-01
1.841841841841841965e-01	-8.136842083909213708e-01	3.370091589444942359e-01
1.851851851851851749e-01	-9.160908084091705650e-01	4.672916282087081208e-01
1.861861861861861811e-01	-8.723488960996801378e-01	4.518693828304657933e-01
1.871871871871871873e-01	-8.137798684473330768e-01	4.220358157269351596e-01
1.881881881881881935e-01	-7.958871119168885455e-01	4.332658981352212613e-01
1.891891891891891997e-01	-7.170858362216296911e-01	3.839460414795720089e-01
1.901901901901901781e-01	-6.787339004125931829e-01	3.754049519379658584e-01
1.911911911911911843e-01	-6.192858917433257115e-01	3.460677381348594150e-01
1.921921921921921905e-01	-5.572294889634604731e-01	3.143923035848731340e-01
1.931931931931931967e-01	-4.603421011380260386e-01	2.481260149555181982e-01
1.941941941941942029e-01	-3.593637708526439267e-01	1.779786349799931666e-01
1.951951951951951814e-01	-2.160264290338167192e-01	6.565160721987972625e-02
1.961961961961961876e-01	-9.361347670097637519e-02	-2.560233203519787781e-02
1.971971971971971938e-01	1.102417864258730812e-01	-1.981806948369349564e-01
1.981981981981981999e-01	2.824349117470643100e-01	-3.390099609308570572e-01
1.991991991991992061e-01	3.719990385892392171e-01	-3.971542839786151857e-01
2.002002002002001846e-01	4.392779468373581020e-01	-4.329885135212910852e-01
2.012012012012011908e-01	4.390003548338607953e-01	-4.012724621551440607e-01
2.022022022022021970e-01	5.368056369203051403e-01	-4.676765923255207791e-01
2.032032032032032032e-01	5.503030030128728267e-01	-4.498411651607048256e-01
2.042042042042042094e-01	5.838478487422791297e-01	-4.521525599066551493e-01
2.052052052052052156e-01	4.061752581589692102e-01	-2.433767459938751543e-01
2.062062062062061940e-01	3.550433445347061512e-01	-1.613025932978093824e-01
2.072072072072072002e-01	2.993440655374900450e-01	-7.485265689991804638e-02
2.082082082082082064e-01	2.770519628052364181e-01	-2.203188640492631523e-02
2.092092092092092126e-01	3.215801983362873706e-01	-3.628363226223768612e-02
2.102102102102102188e-01	4.028381596896410954e-01	-8.754722111413848484e-02
2.112112112112111972e-01	4.047268418768606435e-01	-5.975330808227058421e-02
2.122122122122122034e-01	4.996293361308680181e-01	-1.253143362068492861e-01
2.132132132132132096e-01	4.223565483123513653e-01	-1.907022582837086810e-02
2.142142142142142158e-01	4.344471069332222490e-01	-2.588253919925342927e-03
2.152152152152152220e-01	3.979170727105999505e-01	6.208726468801084586e-02
2.162162162162162282e-01	3.928005709615499663e-01	9.489437285208457418e-02
2.172172172172172067e-01	3.893200657113500274e-01	1.255832245294621341e-01
2.182182182182182129e-01	5.016483632546778759e-01	3.995410829351186965e-02
2.192192192192192191e-01	5.389294584179168401e-01	2.883662767679096017e-02
2.202202202202202252e-01	4.313813329914891748e-01	1.619869288461313062e-01
2.212212212212212314e-01	4.347711832589977177e-01	1.836124986572180151e-01
2.222222222222222099e-01	4.057025191970313749e-01	2.370850904895070999e-01
2.232232232232232161e-01	5.587887218165958902e-01	1.077671913657755054e-01
2.242242242242242223e-01	5.052105229853572910e-01	1.844545659929042181e-01
2.252252252252252285e-01	5.126648442255662408e-01	1.994274412054590773e-01
2.262262262262262347e-01	5.208295119213716129e-01	2.129858133553561572e-01
2.272272272272272131e-01	6.030675371194608170e-01	1.517451904413376074e-01
2.282282282282282193e-01	5.890210013700289959e-01	1.860427275095724031e-01
2.292292292292292255e-01	6.477084563041235477e-01	1.468398476083200288e-01
2.302302302302302317e-01	5.225460647762135702e-01	2.907011204475195010e-01
2.312312312312312379e-01	5.401116552527805981e-01	2.910302270629127053e-01
2.322322322322322163e-01	5.222560794723257738e-01	3.259586204404759657e-01
2.332332332332332225e-01	5.892721046589500800e-01	2.751766508009144685e-01
2.342342342342342287e-01	5.418737173012080355e-01	3.379542785152210849e-01
2.352352352352352349e-01	6.572556897695003286e-01	2.370815233615267692e-01
2.362362362362362411e-01	7.954728081793079886e-01	1.124892517002381576e-01
2.372372372372372473e-01	6.316567165749914503e-01	2.890323464778717932e-01
2.382382382382382258e-01	7.102260436773628616e-01	2.222795938023444107e-01
2.392392392392392320e-01	8.451895380365773702e-01	9.821056023500351895e-02
2.402402402402402382e-01	8.382624528105829809e-01	1.150992195668461004e-01
2.412412412412412444e-01	7.759485486270107923e-01	1.864319606096226378e-01
2.422422422422422505e-01	7.542501195303563666e-01	2.161975709894405906e-01
2.432432432432432290e-01	8.395936745131770129e-01	1.379615644345090208e-01
2.442442442442442352e-01	8.830178893259396089e-01	1.006782368536703887e-01
2.452452452452452414e-01	7.523326012165633125e-01	2.365316785468724037e-01
2.462462462462462476e-01	8.071134354648027420e-01	1.859411536755649630e-01
2.472472472472472538e-01	9.492575010428140336e-01	4.700540965574040442e-02
2.482482482482482600e-01	9.734388809049122626e-01	2.504719096561014435e-02
2.492492492492492384e-01	8.374104473595270770e-01	1.623114269108616448e-01
2.502502502502502724e-01	8.926880448820029290e-01	1.072810509857439198e-01
2.512512512512512508e-01	8.971461128371085447e-01	1.020813793589708807e-01
2.522522522522522292e-01	9.754846200921577504e-01	2.201317650234202450e-02
2.532532532532532632e-01	9.320427416831120748e-01	6.273897779947323894e-02
2.542542542542542416e-01	9.606128710294031814e-01	3.046907563961653853e-02
2.552552552552552756e-01	9.946691832300420533e-01	-8.267046534327637808e-03
2.562562562562562540e-01	9.394595251806329150e-01	4.128739203940690050e-02
2.572572572572572325e-01	8.391745249884936531e-01	1.349473554502427231e-01
2.582582582582582664e-01	7.541141215920478258e-01	2.124194559659936532e-01
2.592592592592592449e-01	7.486574093445410583e-01	2.093321029709478420e-01
2.602602602602602788e-01	7.074806754440825518e-01	2.410174581157126239e-01
2.612612612612612573e-01	7.432985208454775394e-01	1.947703060506887907e-01
2.622622622622622357e-01	6.256287502476199913e-01	3.010831551576653720e-01
2.632632632632632697e-01	6.650659886842000823e-01	2.493726107609659515e-01
2.642642642642642481e-01	6.041511339339271647e-01	2.971099116120177186e-01
2.652652652652652820e-01	6.379120355125657005e-01	2.492802388960384530e-01
2.662662662662662605e-01	6.955518455145143220e-01	1.766943525049718966e-01
2.672672672672672389e-01	6.812041618976436563e-01	1.752334339957030140e-01
2.682682682682682729e-01	7.382483151197353211e-01	1.015337853388040834e-01
2.692692692692692513e-01	7.667863925989122365e-01	5.550978899989766902e-02
2.702702702702702853e-01	7.289310950728874472e-01	7.506603529405353470e-02
2.712712712712712637e-01	5.521435406605028628e-01	2.327595012259018326e-01
2.722722722722722422e-01	7.602098876911781433e-01	4.822909766713068258e-03
2.732732732732732761e-01	7.668977152488578586e-01	-2.249166936043900389e-02
2.742742742742742545e-01	6.407997807704428617e-01	8.224340329106738512e-02
2.752752752752752885e-01	6.434106150519349754e-01	5.755472171566200501e-02
2.762762762762762669e-01	6.711571009314534209e-01	7.037234883213505654e-03
2.772772772772773009e-01	7.071920011229247960e-01	-5.243930268319074717e-02
2.782782782782782793e-01	5.985137241893363491e-01	3.214988085322112443e-02
2.792792792792792578e-01	7.205401949731619071e-01	-1.145893187096123089e-01
2.802802802802802917e-01	7.140495186677168205e-01	-1.334105692391114317e-01
2.812812812812812702e-01	7.984947556974096861e-01	-2.437419013132915424e-01
2.822822822822823041e-01	7.430470333762919655e-01	-2.147288446302412224e-01
2.832832832832832826e-01	7.460049125564607309e-01	-2.446438199688542037e-01
2.842842842842842610e-01	7.953676154898152717e-01	-3.214593928993716987e-01
2.852852852852852950e-01	8.197317299188455753e-01	-3.737450042337693845e-01
2.862862862862862734e-01	6.796881924643617401e-01	-2.620639802578948463e-01
2.872872872872873073e-01	6.623037635423509872e-01	-2.734550349509637934e-01
2.882882882882882858e-01	6.844795484135668406e-01	-3.247908187690300430e-01
2.892892892892892642e-01	7.166848351488387392e-01	-3.865117847480011304e-01
2.902902902902902982e-01	6.324245814411686428e-01	-3.320937038294175525e-01
2.912912912912912766e-01	5.532490385714372572e-01	-2.830573176876547414e-01
2.922922922922923106e-01	6.152698473891756725e-01	-3.754844638914395794e-01
2.932932932932932890e-01	5.345390560809717417e-01	-3.253971231434045208e-01
2.942942942942942675e-01	4.543856485792998057e-01	-2.760939774213225228e-01
2.952952952952953014e-01	5.088405046543010846e-01	-3.615754000341606100e-01
2.962962962962962798e-01	3.557566742296856543e-01	-2.396637601044546151e-01
2.972972972972973138e-01	3.938207948013839332e-01	-3.090148703258741580e-01
2.982982982982982922e-01	3.448099615968822085e-01	-2.913748876038245172e-01
2.992992992992992707e-01	2.274094523763948994e-01	-2.053980684501655329e-01
3.003003003003003046e-01	7.056000976092427490e-02	-7.999408198682127213e-02
3.013013013013012831e-01	1.195467262220798882e-01	-1.604169256627901996e-01
3.023023023023023170e-01	7.446733978115943620e-02	-1.467332517017472249e-01
3.033033033033032955e-01	-1.000340895258525487e-01	-3.556074306386033945e-03
3.043043043043043294e-01	-7.019524179750094572e-02	-6.461673820908281352e-02
3.053053053053053079e-01	-1.628217351167923210e-01	-3.078751451920852533e-03
3.063063063063062863e-01	-2.777961125753318772e-01	8.097117110762813708e-02
3.073073073073073203e-01	-4.392794255248258506e-01	2.117246606487431237e-01
3.083083083083082987e-01	-4.366022820638553181e-01	1.785427126350062066e-01
3.093093093093093326e-01	-4.548253983613210760e-01	1.665162080890983942e-01
3.103103103103103111e-01	-4.546308548233677915e-01	1.363571399310598564e-01
3.113113113113112895e-01	-4.226487349229076096e-01	7.472522222862404417e-02
3.123123123123123235e-01	-4.918617351077463340e-01	1.146324708049765162e-01
3.133133133133133019e-01	-5.257252402198605568e-01	1.195632496653896149e-01
3.143143143143143359e-01	-5.506224326619398868e-01	1.159293515075438541e-01
3.153153153153153143e-01	-5.708004447319048325e-01	1.080061217646067773e-01
3.163163163163162928e-01	-5.758325553426953958e-01	8.539462742627557112e-02
3.173173173173173267e-01	-6.026791751346113335e-01	8.508261467273336986e-02
3.183183183183183051e-01	-6.536482548367017475e-01	1.094048902051230066e-01
3.193193193193193391e-01	-6.578041390074927941e-01	8.745214842959136980e-02
3.203203203203203175e-01	-6.844589157206105723e-01	8.856229508671265016e-02
3.213213213213212960e-01	-7.453127056039974274e-01	1.244607107607548224e-01
3.223223223223223299e-01	-7.175796044973307142e-01	7.238616855863810873e-02
3.233233233233233084e-01	-7.923023151313312029e-01	1.234054413869922762e-01
3.243243243243243423e-01	-8.773379796863325364e-01	1.853991107087866741e-01
3.253253253253253208e-01	-9.019815378349547164e-01	1.876849014079338129e-01
3.263263263263262992e-01	-8.800744121111689910e-01	1.441263446270667492e-01
3.273273273273273332e-01	-7.129821971375454037e-01	-4.388955486744661183e-02
3.283283283283283116e-01	-7.358905601942559160e-01	-4.115643928803180973e-02
3.293293293293293456e-01	-6.923962549076176920e-01	-1.040576045973119479e-01
3.303303303303303240e-01	-6.572990065084206579e-01	-1.577741349778412072e-01
3.313313313313313024e-01	-7.324645075403739547e-01	-1.004219261003983510e-01
3.323323323323323364e-01	-6.882377591602905076e-01	-1.616383620303958324e-01
3.333333333333333148e-01	-7.487363762289983571e-01	-1.172890275554394623e-01
3.343343343343343488e-01	-9.701288539555337209e-01	8.881054184572645394e-02
3.353353353353353272e-01	-9.819885179680142295e-01	8.624879428275933346e-02
3.363363363363363057e-01	-1.089453081832932657e+00	1.801777040190445378e-01
3.373373373373373396e-01	-1.066264228902975564e+00	1.443523392177507025e-01
3.383383383383383181e-01	-1.087004179912106849e+00	1.533674163012607172e-01
3.393393393393393520e-01	-9.811206716614425671e-01	3.668226628061366235e-02
3.403403403403403304e-01	-9.205956709254168313e-01	-3.371046280333156453e-02
3.413413413413413644e-01	-9.160964258460205789e-01	-4.713376504789212884e-02
3.423423423423423428e-01	-9.787911738363194170e-01	7.589421565943332837e-03
3.433433433433433213e-01	-1.040533659776822439e+00	6.232072464361415598e-02
3.443443443443443552e-01	-1.035370495253758794e+00	5.111368882039024619e-02
3.453453453453453337e-01	-1.039168900118321082e+00	4.984151046482754310e-02
3.463463463463463676e-01	-1.063558104334601184e+00	7.013843361679050759e-02
3.473473473473473461e-01	-1.057363709300407129e+00	6.083410635007036049e-02
3.483483483483483245e-01	-1.049488683689994595e+00	5.083457261353818701e-02
3.493493493493493585e-01	-1.046125988801966722e+00	4.633489453804062741e-02
3.503503503503503369e-01	-1.058239869132379996e+00	5.830044093208630596e-02
3.513513513513513709e-01	-1.135913485571505843e+00	1.368145193668243165e-01
3.523523523523523493e-01	-1.007940186306443664e+00	1.066964693361094341e-02
3.533533533533533277e-01	-1.004479531283952953e+00	1.002357552867527701e-02
3.543543543543543617e-01	-1.003947368190321709e+00	1.328936962089000140e-02
3.553553553553553401e-01	-1.015713860193639961e+00	2.983343674624394648e-02
3.563563563563563741e-01	-1.106768529518481259e+00	1.266405747963048611e-01
3.573573573573573525e-01	-1.136709468821537561e+00	1.633031880655347878e-01
3.583583583583583310e-01	-1.133539995390858035e+00	1.678179470755029046e-01
3.593593593593593649e-01	-1.123474503535681013e+00	1.663916475374102033e-01
3.603603603603603434e-01	-1.058396337072507132e+00	1.108990903520769011e-01
3.613613613613613773e-01	-1.066121747245452944e+00	1.291470479780151281e-01
3.623623623623623557e-01	-9.978209744950309323e-01	7.229535557335264873e-02
3.633633633633633342e-01	-9.138412216192490778e-01	6.798944462654832321e-04
3.643643643643643681e-01	-8.280293457525876866e-01	-7.186470477073070295e-02
3.653653653653653466e-01	-7.770144882642081585e-01	-1.087224201323221395e-01
3.663663663663663805e-01	-7.712872392407669198e-01	-9.941666092436052260e-02
3.673673673673673590e-01	-7.928478020876259524e-01	-6.196208921930079772e-02
3.683683683683683929e-01	-7.906303904061758869e-01	-4.744020829905026826e-02
3.693693693693693714e-01	-8.174667138279980705e-01	-3.035861279089946407e-03
3.703703703703703498e-01	-7.845553621822252133e-01	-1.756783057281896543e-02
3.713713713713713838e-01	-8.213030501665972150e-01	3.835242395813387439e-02
3.723723723723723622e-01	-7.676560012244943998e-01	4.652166852967098976e-03
3.733733733733733962e-01	-7.432863517813840248e-01	9.838100357748569280e-04
3.743743743743743746e-01	-7.150720491172795068e-01	-5.795169807306432830e-03
3.753753753753753530e-01	-6.933538287652598608e-01	-5.365233587108275692e-03
3.763763763763763870e-01	-6.349925088059013012e-01	-4.088746455677838565e-02
3.773773773773773654e-01	-6.844731718333404435e-01	3.210063531154916383e-02
3.783783783783783994e-01	-6.824557279544303245e-01	5.423573065878783961e-02
3.793793793793793778e-01	-6.139864252261446609e-01	1.054018616271845676e-02
3.803803803803803563e-01	-6.714397833767066226e-01	9.336402387633468969e-02
3.813813813813813902e-01	-6.557850994146126045e-01	1.036514530615428864e-01
3.823823823823823687e-01	-7.537695203668783872e-01	2.281239677355568762e-01
3.833833833833834026e-01	-8.012481226140745205e-01	3.026104513730824563e-01
3.843843843843843811e-01	-7.549732560031039430e-01	2.838365469200857527e-01
3.853853853853853595e-01	-7.641431006922417835e-01	3.209732400481139503e-01
3.863863863863863934e-01	-7.962659432969907414e-01	3.815011621915838647e-01
3.873873873873873719e-01	-8.084120620336957552e-01	4.224625030383657442e-01
3.883883883883884058e-01	-7.151058242338420579e-01	3.583531358196109240e-01
3.893893893893893843e-01	-6.379903967607091220e-01	3.107873559029367128e-01
3.903903903903903627e-01	-5.331422265571521546e-01	2.358123898899792681e-01
3.913913913913913967e-01	-5.108956910132826934e-01	2.437330748787610579e-01
3.923923923923923751e-01	-5.017283318851596396e-01	2.649971215934781021e-01
3.933933933933934091e-01	-5.342849334895011237e-01	3.282192220778087921e-01
3.943943943943943875e-01	-4.882553548220409101e-01	3.130589115701706837e-01
3.953953953953953659e-01	-4.174369669573108621e-01	2.732830358893515443e-01
3.963963963963963999e-01	-2.978106163152268171e-01	1.848417448861532364e-01
3.973973973973973783e-01	-1.526845167961632943e-01	7.101241493295618046e-02
3.983983983983984123e-01	-1.413289007346725523e-03	-4.888128135601967073e-02
3.993993993993993907e-01	9.448032941113376770e-02	-1.133476341956008021e-01
4.004004004004003692e-01	1.370091569222635086e-01	-1.244305390835239028e-01
4.014014014014014031e-01	9.602730533016387571e-02	-5.201520330778339196e-02
4.024024024024023816e-01	1.803637697739377543e-01	-1.049617051915370664e-01
4.034034034034034155e-01	2.460614315443935274e-01	-1.393439661730352663e-01
4.044044044044043940e-01	1.989086733476744806e-01	-6.098133537502126167e-02
4.054054054054054279e-01	2.127280136356416995e-01	-4.372719331379273933e-02
4.064064064064064064e-01	3.000090133523342639e-01	-1.001018281275295185e-01
4.074074074074073848e-01	2.854479008878937907e-01	-5.483203014545492970e-02
4.084084084084084187e-01	2.730345046763985040e-01	-1.193799426430958155e-02
4.094094094094093972e-01	2.648322561029898270e-01	2.648670717255657836e-02
4.104104104104104311e-01	1.319723156508579021e-01	1.892810280332853090e-01
4.114114114114114096e-01	2.037062972188993237e-01	1.471637536324308937e-01
4.124124124124123880e-01	1.661148633202878533e-01	2.140249348033071985e-01
4.134134134134134220e-01	2.494795621478554104e-01	1.595540797928907406e-01
4.144144144144144004e-01	3.515122912899956709e-01	8.601071916690750108e-02
4.154154154154154344e-01	4.070605210599262946e-01	5.851921073403154594e-02
4.164164164164164128e-01	4.397148214873130012e-01	5.346124041216077094e-02
4.174174174174173912e-01	5.035497768126305784e-01	1.673493516894797306e-02
4.184184184184184252e-01	6.098091557423773734e-01	-6.293028024875013671e-02
4.194194194194194036e-01	7.404182346733787501e-01	-1.674859800313601710e-01
4.204204204204204376e-01	7.505183721374101280e-01	-1.520992857464830150e-01
4.214214214214214160e-01	7.685517402779830087e-01	-1.452375723397671958e-01
4.224224224224223945e-01	6.757243948520195165e-01	-2.813151321462614707e-02
4.234234234234234284e-01	7.571632974263617921e-01	-8.593207808545955118e-02
4.244244244244244069e-01	7.974501370170312686e-01	-1.032443308763089096e-01
4.254254254254254408e-01	8.131399838267432401e-01	-9.664606034396006073e-02
4.264264264264264193e-01	8.273359941353544134e-01	-8.926246250301650420e-02
4.274274274274273977e-01	6.772996219283019537e-01	8.162366953978605899e-02
4.284284284284284317e-01	6.578736450632285404e-01	1.211489405202619274e-01
4.294294294294294101e-01	6.473767750704181312e-01	1.509747636039873164e-01
4.304304304304304440e-01	6.674288105834516038e-01	1.494622266094535190e-01
4.314314314314314225e-01	5.900297194183148353e-01	2.445930288295024013e-01
4.324324324324324564e-01	6.431459901425876646e-01	2.083831475907236275e-01
4.334334334334334349e-01	6.461907847896624091e-01	2.214027028779390616e-01
4.344344344344344133e-01	6.091499250362822915e-01	2.736499876883367044e-01
4.354354354354354473e-01	5.907556783701792824e-01	3.063776975721343998e-01
4.364364364364364257e-01	6.445071129593349379e-01	2.660725906327003898e-01
4.374374374374374597e-01	5.721961849765762054e-01	3.509294142177359355e-01
4.384384384384384381e-01	5.766230501058060565e-01	3.581356065613449102e-01
4.394394394394394165e-01	6.918192127022591009e-01	2.536481598916038305e-01
4.404404404404404505e-01	7.533380702015456398e-01	2.019030873967413431e-01
4.414414414414414289e-01	6.623786687205439616e-01	3.016916780956063748e-01
4.424424424424424629e-01	6.413013464330477031e-01	3.306448630191861637e-01
4.434434434434434413e-01	7.151945717977211681e-01	2.636663856161401975e-01
4.444444444444444198e-01	8.805350512529654949e-01	1.042727017592421923e-01
4.454454454454454537e-01	9.491714481606848830e-01	4.060926756309857222e-02
4.464464464464464322e-01	1.035384907117146591e+00	-4.160997911172259478e-02
4.474474474474474661e-01	9.037386459045138043e-01	9.304779425252052150e-02
4.484484484484484446e-01	8.791582631317991225e-01	1.196540110954700253e-01
4.494494494494494230e-01	9.055412115549104080e-01	9.430921540338998987e-02
4.504504504504504570e-01	8.603555557198323545e-01	1.395443160469165278e-01
4.514514514514514354e-01	9.636627853784869302e-01	3.529777438034054082e-02
4.524524524524524693e-01	9.167637234907493049e-01	8.026969628794089484e-02
4.534534534534534478e-01	9.278167858735435480e-01	6.630357161639588437e-02
4.544544544544544262e-01	9.684743031946290159e-01	2.174995029656967560e-02
4.554554554554554602e-01	1.084283603573706456e+00	-9.893464310608979240e-02
4.564564564564564386e-01	9.800539595066589671e-01	-5.546601255423944110e-04
4.574574574574574726e-01	8.629545647177868650e-01	1.097264899853732656e-01
4.584584584584584510e-01	8.665233580707538685e-01	9.837761062398520107e-02
4.594594594594594295e-01	8.605254125238159801e-01	9.564132221543542034e-02
4.604604604604604634e-01	8.511199794275954300e-01	9.536701030725691641e-02
4.614614614614614418e-01	7.792574904437299388e-01	1.566138151100825437e-01
4.624624624624624758e-01	7.078584886304901680e-01	2.164716909468185069e-01
4.634634634634634542e-01	7.554906936575052079e-01	1.563843306575287695e-01
4.644644644644644327e-01	7.499835805587764526e-01	1.485345755610917307e-01
4.654654654654654666e-01	8.998511736468844946e-01	-1.557839063810673164e-02
4.664664664664664451e-01	8.057686484182332576e-01	6.338434318376640064e-02
4.674674674674674790e-01	7.401375629022648450e-01	1.130361702911276689e-01
4.684684684684684575e-01	5.975758116940388387e-01	2.387749972717378988e-01
4.694694694694694914e-01	6.562844123319296896e-01	1.624164420338988224e-01
4.704704704704704699e-01	5.594622462695152398e-01	2.407790763845171211e-01
4.714714714714714483e-01	5.405606104889874031e-01	2.404298571569313259e-01
4.724724724724724823e-01	4.626459830658354866e-01	2.983213425958320952e-01
4.734734734734734607e-01	3.918750136798440087e-01	3.483166830221005039e-01
4.744744744744744946e-01	4.665148098066045912e-01	2.521693150619333523e-01
4.754754754754754731e-01	5.141659934771128926e-01	1.822998845721095496e-01
4.764764764764764515e-01	6.039289290956241230e-01	6.962999779124223743e-02
4.774774774774774855e-01	5.737029470714559709e-01	7.628297598219102582e-02
4.784784784784784639e-01	6.207077811675545398e-01	5.062395684252818384e-03
4.794794794794794979e-01	6.994099514351548308e-01	-9.847431727203204144e-02
4.804804804804804763e-01	8.398875517801221990e-01	-2.643806990102310905e-01
4.814814814814814548e-01	8.558656241725766112e-01	-3.063566461017696030e-01
4.824824824824824887e-01	7.313807344940321808e-01	-2.084130162782289464e-01
4.834834834834834671e-01	6.660005206782866338e-01	-1.700912019938966568e-01
4.844844844844845011e-01	7.244114378508441643e-01	-2.560509015181833270e-01
4.854854854854854795e-01	5.091011739988018370e-01	-6.875256106418248248e-02
4.864864864864864580e-01	5.652587236781780877e-01	-1.533574754341839874e-01
4.874874874874874919e-01	5.975304021170722013e-01	-2.144838295139033235e-01
4.884884884884884704e-01	5.631622778811125052e-01	-2.093491587547728350e-01
4.894894894894895043e-01	5.514688307222653796e-01	-2.272390352378937384e-01
4.904904904904904828e-01	5.399116360729203645e-01	-2.455857807536381276e-01
4.914914914914914612e-01	4.694661870395819281e-01	-2.053353177229736981e-01
4.924924924924924952e-01	5.095930969872848326e-01	-2.759184010230324446e-01
4.934934934934934736e-01	4.642361062413191686e-01	-2.612486542145563972e-01
4.944944944944945076e-01	5.825036714052070907e-01	-4.104041886410386697e-01
4.954954954954954860e-01	4.750430355486652823e-01	-3.340017036237450387e-01
4.964964964964965199e-01	3.401400134565255584e-01	-2.302963019140248924e-01
4.974974974974974984e-01	2.324992620977749669e-01	-1.539617905321049585e-01
4.984984984984984768e-01	1.260005348126684299e-01	-7.884696546036085163e-02
4.994994994994995108e-01	7.845415552042636631e-02	-6.273111646338551395e-02
5.005005005005005447e-01	9.436813803322494087e-02	-1.100911770902663483e-01
5.015015015015015232e-01	5.855293654853430119e-02	-1.057065059008406444e-01
5.025025025025025016e-01	4.633277256120452853e-02	-1.248702441268733088e-01
5.035035035035034801e-01	4.890529842504721253e-02	-1.587490099675466781e-01
5.045045045045044585e-01	-1.515978980205265336e-03	-1.395253529447120222e-01
5.055055055055055480e-01	-5.276765459268409342e-02	-1.193318281714849105e-01
5.065065065065065264e-01	-1.576709056603600445e-01	-4.531654636640150557e-02
5.075075075075075048e-01	-3.435536593465737254e-01	1.098789633823225309e-01
5.085085085085084833e-01	-4.268292378019462041e-01	1.626983684853408607e-01
5.095095095095094617e-01	-3.621989849242528980e-01	6.787312960497182690e-02
5.105105105105105512e-01	-4.186889254701275376e-01	9.445912998575534125e-02
5.115115115115115296e-01	-3.433364388306371362e-01	-1.047668029570136827e-02
5.125125125125125081e-01	-4.733533668222004720e-01	9.030679421903436976e-02
5.135135135135134865e-01	-5.795209840156452241e-01	1.676197357716554537e-01
5.145145145145144649e-01	-5.791956899654854274e-01	1.388470770308671831e-01
5.155155155155155544e-01	-6.048961142912050448e-01	1.365355779585437634e-01
5.165165165165165329e-01	-6.395740430298718637e-01	1.436647243454829415e-01
5.175175175175175113e-01	-6.087472486823363171e-01	8.577953046653574720e-02
5.185185185185184897e-01	-5.756290872406055747e-01	2.612010916979967678e-02
5.195195195195194682e-01	-4.081609239178570769e-01	-1.673459288520315891e-01
5.205205205205205576e-01	-4.296659029757430304e-01	-1.712697311873802031e-01
5.215215215215215361e-01	-4.927266110820705536e-01	-1.330435657697344731e-01
5.225225225225225145e-01	-5.779932796865446809e-01	-7.199264336709998435e-02
5.235235235235234930e-01	-6.245631697351990974e-01	-4.899575715166637480e-02
5.245245245245244714e-01	-6.226678027944574367e-01	-7.379807525476278496e-02
5.255255255255255609e-01	-7.150527011845564385e-01	-3.631423683981838124e-03
5.265265265265265393e-01	-7.057051376225066397e-01	-3.448655907943587451e-02
5.275275275275275177e-01	-6.244038956779321969e-01	-1.365634299837357180e-01
5.285285285285284962e-01	-7.848382240903657436e-01	3.847756444448902080e-03
5.295295295295294746e-01	-7.186017056785987123e-01	-8.163961697543187235e-02
5.305305305305305641e-01	-7.929778802020379658e-01	-2.572297416378988011e-02
5.315315315315315425e-01	-7.802237673248526573e-01	-5.612704164092241488e-02
5.325325325325325210e-01	-7.761246988652092949e-01	-7.704903432818355213e-02
5.335335335335334994e-01	-8.515735718510768493e-01	-1.757941975092125464e-02
5.345345345345344779e-01	-9.725150803218328699e-01	8.824229731305643920e-02
5.355355355355355673e-01	-9.715194894610179599e-01	7.300133334115110895e-02
5.365365365365365458e-01	-9.280834874442819293e-01	1.620846312924772992e-02
5.375375375375375242e-01	-9.639098360092835938e-01	3.957965643197536298e-02
5.385385385385385026e-01	-1.002139463234634986e+00	6.626815768082361391e-02
5.395395395395394811e-01	-1.037010474125614978e+00	9.052348439076363107e-02
5.405405405405405705e-01	-1.004976884687321936e+00	4.881014994807142404e-02
5.415415415415415490e-01	-1.076607229744961591e+00	1.117062610502224107e-01
5.425425425425425274e-01	-1.092548620268818160e+00	1.198675655656582517e-01
5.435435435435435059e-01	-9.650892803065020953e-01	-1.441001907461392229e-02
5.445445445445444843e-01	-9.064512421297955536e-01	-7.889771833782033283e-02
5.455455455455455738e-01	-9.260459838695318524e-01	-6.417826962166695015e-02
5.465465465465465522e-01	-8.567681563853652982e-01	-1.373522011045740232e-01
5.475475475475475307e-01	-1.010030233763173912e+00	1.299681398448382375e-02
5.485485485485485091e-01	-9.789398276415960387e-01	-2.002073211723121027e-02
5.495495495495495986e-01	-1.013659451026565961e+00	1.375957925981707852e-02
5.505505505505505770e-01	-1.019259990288395867e+00	1.940956333009546952e-02
5.515515515515515554e-01	-9.841725526541195146e-01	-1.463972157314963329e-02
5.525525525525525339e-01	-8.670277159976648162e-01	-1.297587241593696206e-01
5.535535535535535123e-01	-9.081748116773277202e-01	-8.560011632809683135e-02
5.545545545545546018e-01	-9.269872713164315492e-01	-6.279344440735157296e-02
5.555555555555555802e-01	-9.063805866127785382e-01	-7.842716639942937107e-02
5.565565565565565587e-01	-9.919460371853222602e-01	1.308507977146067258e-02
5.575575575575575371e-01	-9.523147345658097285e-01	-1.963147488642436045e-02
5.585585585585585155e-01	-9.994361591210262352e-01	3.536581230487456651e-02
5.595595595595596050e-01	-1.055381767664612669e+00	1.001406100663263521e-01
5.605605605605605835e-01	-9.759907144452129035e-01	3.052334185134963906e-02
5.615615615615615619e-01	-9.543682946907181552e-01	1.960963802356674446e-02
5.625625625625625403e-01	-9.584492146890319919e-01	3.532361549471862983e-02
5.635635635635635188e-01	-1.038509858944502540e+00	1.279301553524667678e-01
5.645645645645646082e-01	-1.018123250748091291e+00	1.209898748057778306e-01
5.655655655655655867e-01	-9.671003324232683163e-01	8.430041969864865425e-02
5.665665665665665651e-01	-9.355348213368722687e-01	6.794133366927024298e-02
5.675675675675675436e-01	-9.110446554739644043e-01	5.951551774065155787e-02
5.685685685685685220e-01	-8.609503598977704675e-01	2.632761164995256475e-02
5.695695695695696115e-01	-8.373143245539851343e-01	2.042328736108034448e-02
5.705705705705705899e-01	-7.748039632399656984e-01	-2.354757543444041534e-02
5.715715715715715683e-01	-8.168283874788995202e-01	3.780580189540716507e-02
5.725725725725725468e-01	-8.464970945544358916e-01	8.757380308634710175e-02
5.735735735735735252e-01	-7.160720221479015546e-01	-2.200150948443835297e-02
5.745745745745746147e-01	-6.741407872438752724e-01	-4.235313623890746282e-02
5.755755755755755931e-01	-6.745589795015556334e-01	-1.964682663916750283e-02
5.765765765765765716e-01	-6.927123041012384075e-01	2.148108476033394609e-02
5.775775775775775500e-01	-7.123939249002971819e-01	6.480104326290292427e-02
5.785785785785785285e-01	-6.980808521030247293e-01	7.476668416480658497e-02
5.795795795795796179e-01	-6.180642322203739880e-01	1.964514582944731913e-02
5.805805805805805964e-01	-6.286560813113678536e-01	5.572382666934683204e-02
5.815815815815815748e-01	-6.795162675520581841e-01	1.326373920584313915e-01
5.825825825825825532e-01	-7.107494516822326913e-01	1.904647397006531406e-01
5.835835835835835317e-01	-6.849740041839829097e-01	1.917979422845065285e-01
5.845845845845846211e-01	-7.160966226635900878e-01	2.505168908696327468e-01
5.855855855855855996e-01	-6.474079153038776457e-01	2.098849048469717538e-01
5.865865865865865780e-01	-6.151176899396069153e-01	2.060840479988612639e-01
5.875875875875875565e-01	-5.340864714450351824e-01	1.539466733214373551e-01
5.885885885885885349e-01	-5.559365999470936570e-01	2.050665490957606085e-01
5.895895895895896244e-01	-6.773271751943100716e-01	3.560738315101656948e-01
5.905905905905906028e-01	-6.082771517408485096e-01	3.169581884653026038e-01
5.915915915915915813e-01	-5.445955611141271024e-01	2.834990507020387351e-01
5.925925925925925597e-01	-5.217345182994436170e-01	2.911186475570018417e-01
5.935935935935935381e-01	-5.193718345886241261e-01	3.194646493638164664e-01
5.945945945945946276e-01	-3.962478853711441928e-01	2.272470650492940114e-01
5.955955955955956060e-01	-3.006932808807223356e-01	1.627659429080696718e-01
5.965965965965965845e-01	-3.286719764844938108e-01	2.219545111131343285e-01
5.975975975975975629e-01	-2.694546017533687721e-01	1.940525371709651004e-01
5.985985985985985414e-01	-2.073749804816559517e-01	1.633628784592706940e-01
5.995995995995996308e-01	-1.361792175870449317e-01	1.236005997483058672e-01
6.006006006006006093e-01	-1.761291245458146693e-01	1.949964293302822449e-01
6.016016016016015877e-01	-1.254881863093794681e-01	1.757827566727446500e-01
6.026026026026025662e-01	-1.536506801665887267e-01	2.353227820297928430e-01
6.036036036036035446e-01	-1.023595786590303508e-01	2.153284500880991992e-01
6.046046046046046341e-01	-8.721147909385454366e-02	2.313654101618143888e-01
6.056056056056056125e-01	-1.012467482314221845e-01	2.764431914832912174e-01
6.066066066066065909e-01	-5.738887300722539386e-02	2.634545844189165598e-01
6.076076076076075694e-01	-9.137941328504579908e-02	3.281106235767226598e-01
6.086086086086086588e-01	-5.671467449336074773e-03	2.728340835838564682e-01
6.096096096096096373e-01	1.637194167075264883e-02	2.809578949964207650e-01
6.106106106106106157e-01	-5.672149501313967362e-02	3.839245358709109657e-01
6.116116116116115942e-01	-5.201823541103121895e-02	4.087709238252612010e-01
6.126126126126125726e-01	5.948515840252038833e-02	3.264644005928051818e-01
6.136136136136136621e-01	1.600549437667289632e-01	2.547098373386800230e-01
6.146146146146146405e-01	1.267722830567202530e-01	3.163975775874064977e-01
6.156156156156156189e-01	2.462619779522314811e-01	2.248747311307856545e-01
6.166166166166165974e-01	3.700469552950648167e-01	1.285907159459246385e-01
6.176176176176175758e-01	4.669016279556307270e-01	5.874392467568967380e-02
6.186186186186186653e-01	6.094000137551693896e-01	-5.726636740209767318e-02
6.196196196196196437e-01	5.845714182982844065e-01	-6.495658797913472782e-03
6.206206206206206222e-01	6.720983070393294900e-01	-6.865206797590428511e-02
6.216216216216216006e-01	6.636413407262987674e-01	-3.542134343065861390e-02
6.226226226226225791e-01	7.057541062862580095e-01	-5.338156976446761792e-02
6.236236236236236685e-01	7.042194449912433374e-01	-2.833947162856331747e-02
6.246246246246246470e-01	7.088426792167297208e-01	-1.012361686436247243e-02
6.256256256256256254e-01	5.979727121023631353e-01	1.228945068222208059e-01
6.266266266266266038e-01	6.910399811519656321e-01	5.126256059364153739e-02
6.276276276276275823e-01	8.318461144323147094e-01	-6.884228006078818574e-02
6.286286286286286717e-01	9.303514415609572819e-01	-1.474008153524936082e-01
6.296296296296296502e-01	9.016730024848523817e-01	-9.954980972980898013e-02
6.306306306306306286e-01	8.330134010287288948e-01	-1.251082592164265428e-02
6.316316316316316071e-01	8.314678958456456215e-01	6.602702859580866779e-03
6.326326326326325855e-01	8.519061970270819240e-01	2.903694279843160864e-03
6.336336336336336750e-01	8.682902320996191969e-01	2.413668065508578486e-03
6.346346346346346534e-01	8.100731833862723219e-01	7.566372501025653285e-02
6.356356356356356319e-01	7.483556494203521536e-01	1.515384011029649036e-01
6.366366366366366103e-01	6.363185989583634017e-01	2.768427282146196378e-01
6.376376376376375887e-01	7.077841028445898131e-01	2.177415160770873603e-01
6.386386386386386782e-01	8.124820005163435610e-01	1.244926987510944771e-01
6.396396396396396566e-01	9.058426734599347441e-01	4.165457326049448739e-02
6.406406406406406351e-01	9.281361104255883010e-01	2.894674557268261950e-02
6.416416416416416135e-01	1.042751832449690941e+00	-7.702978413433658744e-02
6.426426426426425920e-01	1.145066776635965233e+00	-1.716604958799631264e-01
6.436436436436436814e-01	1.148816702077140706e+00	-1.686887473549641969e-01
6.446446446446446599e-01	9.929412627866631702e-01	-7.060839339267710457e-03
6.456456456456456383e-01	9.881701376632420208e-01	2.487860906189687249e-03
6.466466466466466168e-01	1.034228340583741357e+00	-3.977238482846390255e-02
6.476476476476475952e-01	1.033616126298267934e+00	-3.634558692543543579e-02
6.486486486486486847e-01	9.649259240993820486e-01	3.417304210529936714e-02
6.496496496496496631e-01	1.010410194052199451e+00	-1.047076585190576115e-02
6.506506506506506415e-01	9.475232311613861480e-01	5.226786310254005752e-02
6.516516516516516200e-01	8.228897194695367068e-01	1.757643916069198120e-01
6.526526526526525984e-01	9.165582902792721587e-01	7.997131267106483143e-02
6.536536536536536879e-01	9.222507911285315885e-01	7.116887958927919922e-02
6.546546546546546663e-01	9.439792288189586822e-01	4.534816083453474533e-02
6.556556556556556448e-01	9.421790578609037237e-01	4.207774857246504574e-02
6.566566566566566232e-01	8.782969877613900911e-01	9.991594737181885844e-02
6.576576576576576016e-01	7.778574756840188620e-01	1.933442765863583324e-01
6.586586586586586911e-01	7.510006506930991810e-01	2.122295402008129717e-01
6.596596596596596696e-01	6.741814010720835748e-01	2.801247326566651541e-01
6.606606606606606480e-01	6.070263478208031138e-01	3.374120575600261240e-01
6.616616616616616264e-01	4.789537430194069079e-01	4.546830205914402234e-01
6.626626626626626049e-01	5.018797557822581856e-01	4.200321339029685630e-01
6.636636636636636943e-01	5.166047879521998842e-01	3.926705898616880130e-01
6.646646646646646728e-01	5.353582773676350826e-01	3.603814463176203686e-01
6.656656656656656512e-01	5.104604581229359450e-01	3.708578539868718771e-01
6.666666666666666297e-01	5.769542636997407881e-01	2.890711400846994739e-01
6.676676676676676081e-01	6.794970915672748912e-01	1.703790296234121149e-01
6.686686686686686976e-01	5.648660208650615466e-01	2.680204127757114252e-01
6.696696696696696760e-01	5.713919901199998597e-01	2.436811513662626716e-01
6.706706706706706544e-01	5.066896183590950953e-01	2.897642411458352107e-01
6.716716716716716329e-01	4.335303189702547355e-01	3.435166805120359879e-01
6.726726726726726113e-01	3.430678283487360591e-01	4.138039236562567336e-01
6.736736736736737008e-01	2.819952906156186212e-01	4.539527768684845088e-01
6.746746746746746792e-01	3.603564964663771297e-01	3.539401399606445509e-01
6.756756756756756577e-01	4.166084162300442428e-01	2.753304527475038399e-01
6.766766766766766361e-01	3.112653996612056995e-01	3.576314740831342265e-01
6.776776776776777256e-01	3.759416831853582552e-01	2.692517527533340171e-01
6.786786786786787040e-01	4.850228405170473600e-01	1.358291543261962442e-01
6.796796796796796825e-01	5.484299706531281515e-01	4.746664998077076980e-02
6.806806806806806609e-01	5.439966641077642606e-01	2.635532647013960617e-02
6.816816816816816393e-01	6.108115884743189339e-01	-6.656822384273908266e-02
6.826826826826827288e-01	6.354557134572872412e-01	-1.178591529954097217e-01
6.836836836836837072e-01	7.051568257019297237e-01	-2.147188977855088443e-01
6.846846846846846857e-01	6.421430995769230599e-01	-1.793487766096223401e-01
6.856856856856856641e-01	4.711511627495133525e-01	-3.645808159511781943e-02
6.866866866866866426e-01	5.658582190112961818e-01	-1.596962284568224644e-01
6.876876876876877320e-01	4.828814814325821936e-01	-1.056522171298128754e-01
6.886886886886887105e-01	4.985556766516204275e-01	-1.506321639573357518e-01
6.896896896896896889e-01	6.162258315122032259e-01	-2.979521166198924043e-01
6.906906906906906674e-01	5.746125550203742272e-01	-2.863033647481521005e-01
6.916916916916916458e-01	5.683285208896643459e-01	-3.102689514608123478e-01
6.926926926926927353e-01	4.835119342077809912e-01	-2.559571693316988195e-01
6.936936936936937137e-01	3.043261080524793383e-01	-1.075011665847726561e-01
6.946946946946946921e-01	2.342663141305448560e-01	-6.836582756183223752e-02
6.956956956956956706e-01	2.670941716437655877e-01	-1.322821916371806072e-01
6.966966966966966490e-01	1.930072049244078713e-01	-8.941704109216630503e-02
6.976976976976977385e-01	4.455093748638529194e-02	2.771497443420194162e-02
6.986986986986987169e-01	-2.298720014654469235e-02	6.385739958725800136e-02
6.996996996996996954e-01	3.985819058910492624e-02	-3.042411836320847718e-02
7.007007007007006738e-01	-9.418060284664697690e-02	7.216921892042060804e-02
7.017017017017016522e-01	-1.779635782614154005e-01	1.245285042683606791e-01
7.027027027027027417e-01	-2.392379575902897071e-01	1.544320331147811809e-01
7.037037037037037202e-01	-2.430506240679012331e-01	1.269577099426696387e-01
7.047047047047046986e-01	-2.331226475837279155e-01	8.585754296358688586e-02
7.057057057057056770e-01	-1.062805463766033909e-01	-7.201112478137094985e-02
7.067067067067066555e-01	-5.420860315427410148e-02	-1.549333297832901635e-01
7.077077077077077449e-01	-6.155501442833581638e-02	-1.782303690693990972e-01
7.087087087087087234e-01	9.292842565496962567e-03	-2.794845634492799658e-01
7.097097097097097018e-01	5.905624619463472474e-02	-3.593871238063846563e-01
7.107107107107106803e-01	-7.023847918847707372e-02	-2.599345712123576901e-01
7.117117117117116587e-01	-3.172685772050944791e-02	-3.279618719240229296e-01
7.127127127127127482e-01	-1.882815270282859055e-01	-2.005672015631034533e-01
7.137137137137137266e-01	-2.375765421483662654e-01	-1.800476700581011280e-01
7.147147147147147050e-01	-1.205376788071653854e-01	-3.254490468779097090e-01
7.157157157157156835e-01	-1.336520971455598950e-01	-3.402561254448810413e-01
7.167167167167166619e-01	-1.913573033695075976e-01	-3.100037892180947940e-01
7.177177177177177514e-01	-3.175797902196183520e-01	-2.107383985264343895e-01
7.187187187187187298e-01	-3.348094507861753555e-01	-2.199434035979417890e-01
7.197197197197197083e-01	-4.322438417684785761e-01	-1.483951076601258134e-01
7.207207207207206867e-01	-4.800654163289447274e-01	-1.258854599346010961e-01
7.217217217217216652e-01	-5.681077684953999007e-01	-6.255583654715657360e-02
7.227227227227227546e-01	-6.429138870978146070e-01	-1.183881134192121820e-02
7.237237237237237331e-01	-6.932224805239844967e-01	1.502814470931845836e-02
7.247247247247247115e-01	-7.658273117001415109e-01	6.486197493254541868e-02
7.257257257257256899e-01	-8.815164218103431759e-01	1.584732377488362598e-01
7.267267267267266684e-01	-9.870516569957991093e-01	2.426456111073810318e-01
7.277277277277277578e-01	-9.530390953351712824e-01	1.880062978772809590e-01
7.287287287287287363e-01	-8.924349604104531153e-01	1.075319185240491970e-01
7.297297297297297147e-01	-8.456263756769396567e-01	4.162924531000045114e-02
7.307307307307306932e-01	-8.729578691555687220e-01	5.066168755676148105e-02
7.317317317317316716e-01	-9.342156800479350931e-01	9.443357958939635477e-02
7.327327327327327611e-01	-9.495461251157748528e-01	9.310852922242884855e-02
7.337337337337337395e-01	-9.586430967193573238e-01	8.639689869987166038e-02
7.347347347347347180e-01	-7.631897764641107917e-01	-1.240024979444919184e-01
7.357357357357356964e-01	-9.604319355272455949e-01	5.917088998130115574e-02
7.367367367367367859e-01	-9.054372061068116651e-01	-9.001393338354590767e-03
7.377377377377377643e-01	-1.020631269503284644e+00	9.391936409799972463e-02
7.387387387387387427e-01	-1.020976889157923173e+00	8.290806226175795324e-02
7.397397397397397212e-01	-1.027741915979786258e+00	7.924378241999208150e-02
7.407407407407406996e-01	-1.078473087285846121e+00	1.204835749703575543e-01
7.417417417417417891e-01	-1.156190322962199257e+00	1.896567454041576672e-01
7.427427427427427675e-01	-1.063877984894411988e+00	8.975610445567583362e-02
7.437437437437437460e-01	-1.041029647445819384e+00	6.028273022578012341e-02
7.447447447447447244e-01	-1.078548513687295873e+00	9.214637699158134687e-02
7.457457457457457028e-01	-1.043917439368245770e+00	5.283549269922638292e-02
7.467467467467467923e-01	-1.010930450220962173e+00	1.614873073837685968e-02
7.477477477477477708e-01	-9.448825901912930592e-01	-5.261520640320660469e-02
7.487487487487487492e-01	-1.014007833944145620e+00	1.478034174806630574e-02
7.497497497497497276e-01	-1.012937978543867690e+00	1.296888267612084089e-02
7.507507507507507061e-01	-9.787394879929507407e-01	-2.098238627743798101e-02
7.517517517517517955e-01	-1.125604206302044830e+00	1.271181344315224226e-01
7.527527527527527740e-01	-1.028856533312087596e+00	3.259362261353304646e-02
7.537537537537537524e-01	-8.789736054421509737e-01	-1.140809836982166203e-01
7.547547547547547309e-01	-8.394268678141050266e-01	-1.494374119493308006e-01
7.557557557557557093e-01	-7.798178657121535018e-01	-2.038782604674570509e-01
7.567567567567567988e-01	-7.591573419129754585e-01	-2.183978970347107973e-01
7.577577577577577772e-01	-7.646800612808741793e-01	-2.057676292389232220e-01
7.587587587587587556e-01	-8.384502600688771290e-01	-1.239302491677563012e-01
7.597597597597597341e-01	-8.401854695774353399e-01	-1.131762027999944076e-01
7.607607607607607125e-01	-8.873137445573617832e-01	-5.608635371422043825e-02
7.617617617617618020e-01	-8.626703995819153814e-01	-6.983523789779233493e-02
7.627627627627627804e-01	-8.415910310543893713e-01	-7.909803199847331712e-02
7.637637637637637589e-01	-8.282373187491562927e-01	-7.972474113039007548e-02
7.647647647647647373e-01	-8.090793148109476363e-01	-8.525789832008046076e-02
7.657657657657657158e-01	-8.833436582689870864e-01	3.515662452556078676e-03
7.667667667667668052e-01	-9.256909633009215987e-01	6.124220784105594007e-02
7.677677677677677837e-01	-8.649538404770441558e-01	1.673914056424219421e-02
7.687687687687687621e-01	-7.142243745908894992e-01	-1.169175077248045813e-01
7.697697697697697405e-01	-7.659114596038519851e-01	-4.733572561988230731e-02
7.707707707707707190e-01	-7.649712859235703322e-01	-2.957701798887568678e-02
7.717717717717718084e-01	-7.608088926353883119e-01	-1.425483624421219897e-02
7.727727727727727869e-01	-7.815414406729027652e-01	2.672871311210411882e-02
7.737737737737737653e-01	-7.683481421834432723e-01	3.453281690671472504e-02
7.747747747747747438e-01	-7.572497599395549006e-01	4.515747450852747313e-02
7.757757757757757222e-01	-8.249747226952467427e-01	1.353096337169817920e-01
7.767767767767768117e-01	-8.510148007445773599e-01	1.844588875622062973e-01
7.777777777777777901e-01	-8.650259540318012697e-01	2.222383443452617957e-01
7.787787787787787686e-01	-8.771261579941019848e-01	2.587424760778852528e-01
7.797797797797797470e-01	-8.571437716440478694e-01	2.637755098064249459e-01
7.807807807807807254e-01	-7.403949649592524995e-01	1.726288788645437000e-01
7.817817817817818149e-01	-6.561857751245118164e-01	1.145833035763225149e-01
7.827827827827827933e-01	-6.118557556340979975e-01	9.695246539328483681e-02
7.837837837837837718e-01	-6.394678852664172908e-01	1.517729414527809184e-01
7.847847847847847502e-01	-5.948358423090165381e-01	1.348315049104023000e-01
7.857857857857857287e-01	-5.661771724534901962e-01	1.343183194401914027e-01
7.867867867867868181e-01	-4.789564282135646001e-01	7.567010572958376979e-02
7.877877877877877966e-01	-3.978645575324382122e-01	2.354955760841836998e-02
7.887887887887887750e-01	-4.470023747221114618e-01	1.020288409275185715e-01
7.897897897897897534e-01	-3.780069361333969757e-01	6.271599755789403208e-02
7.907907907907907319e-01	-4.041974310813410964e-01	1.189008650072893580e-01
7.917917917917918214e-01	-3.420876088426981210e-01	8.706753244238768508e-02
7.927927927927927998e-01	-3.614175671307843785e-01	1.369261584932103260e-01
7.937937937937937782e-01	-2.295621266299785190e-01	3.582137539307794771e-02
7.947947947947947567e-01	-2.391621289101291126e-01	7.636361674503383545e-02
7.957957957957957351e-01	-2.657908523854839999e-01	1.340955635498579379e-01
7.967967967967968246e-01	-2.200140169930131229e-01	1.195521791408447609e-01
7.977977977977978030e-01	-2.434933099613190433e-01	1.743642653665326003e-01
7.987987987987987815e-01	-2.405289970821637979e-01	2.028011044034467303e-01
7.997997997997997599e-01	-2.504471262744753512e-01	2.441576929584062250e-01
8.008008008008007383e-01	-1.788925142741621954e-01	2.040477596635351387e-01
8.018018018018018278e-01	-8.346902719802339055e-02	1.400440763818148748e-01
8.028028028028028062e-01	-4.970935617895219649e-02	1.376482645900111157e-01
8.038038038038037847e-01	-6.828887158687980963e-02	1.875046803230528414e-01
8.048048048048047631e-01	2.344548952171033804e-02	1.269293322922245837e-01
8.058058058058058526e-01	1.350311356832992193e-01	4.635400018935206812e-02
8.068068068068068310e-01	2.245075401075117549e-01	-1.229145392500510803e-02
8.078078078078078095e-01	2.843072558784017767e-01	-4.147007049981388249e-02
8.088088088088087879e-01	1.941289510934120777e-01	7.908920251505305310e-02
8.098098098098097664e-01	2.200528922539994325e-01	8.327605622062506097e-02
8.108108108108108558e-01	2.462122933344820241e-01	8.692750140757532495e-02
8.118118118118118343e-01	3.522881880127608500e-01	1.033302576890443580e-02
8.128128128128128127e-01	4.502697119286754313e-01	-5.852565920827779156e-02
8.138138138138137911e-01	3.863541231403721521e-01	3.412539012884108214e-02
8.148148148148147696e-01	4.564899422944918017e-01	-7.690762094032077556e-03
8.158158158158158590e-01	5.676485126428164607e-01	-9.097346319638960344e-02
8.168168168168168375e-01	5.587648327891573397e-01	-5.468527699783154450e-02
8.178178178178178159e-01	6.501270342941836144e-01	-1.191414341648634467e-01
8.188188188188187944e-01	6.405612713585592255e-01	-8.319469509691845843e-02
8.198198198198197728e-01	6.566766375877370887e-01	-7.348024038146627746e-02
8.208208208208208623e-01	6.212147912092315094e-01	-1.276527021501527859e-02
8.218218218218218407e-01	6.665387606073679416e-01	-3.343778468054592334e-02
8.228228228228228192e-01	6.185846514896893300e-01	3.854173377949876578e-02
8.238238238238237976e-01	5.745516014520158921e-01	1.059503899032350205e-01
8.248248248248247760e-01	5.273095833633002494e-01	1.758950957173811558e-01
8.258258258258258655e-01	5.930877263879398287e-01	1.321242723724588286e-01
8.268268268268268439e-01	6.240732964216574308e-01	1.224288919063949432e-01
8.278278278278278224e-01	7.837114370572868527e-01	-1.665724220168873781e-02
8.288288288288288008e-01	8.234983056116143008e-01	-3.665061024002580492e-02
8.298298298298297793e-01	8.240394669084509793e-01	-1.817634995078420967e-02
8.308308308308308687e-01	8.601743252400263495e-01	-3.609266913666109300e-02
8.318318318318318472e-01	9.222201093116593196e-01	-8.073481201160914722e-02
8.328328328328328256e-01	9.589891074567458151e-01	-1.009322766010590788e-01
8.338338338338338041e-01	9.091061019824591138e-01	-3.532623206973206642e-02
8.348348348348347825e-01	9.283183801775232169e-01	-3.967951352516774222e-02
8.358358358358358720e-01	9.832022791192611688e-01	-8.058315145022665327e-02
8.368368368368368504e-01	9.430520192595202023e-01	-2.734519075935126775e-02
8.378378378378378288e-01	9.628722891670307149e-01	-3.498326187052214209e-02
8.388388388388388073e-01	9.756421676175468516e-01	-3.648848999778020463e-02
8.398398398398397857e-01	9.744668774147364765e-01	-2.497723705992349608e-02
8.408408408408408752e-01	1.014566472128921815e+00	-5.567977740427187960e-02
8.418418418418418536e-01	9.420075898439470574e-01	2.532795855334291080e-02
8.428428428428428321e-01	1.023509987210247107e+00	-4.868214053571340294e-02
8.438438438438438105e-01	1.087817271164100985e+00	-1.064610904105421918e-01
8.448448448448447889e-01	1.082083143902680566e+00	-9.516904884952082089e-02
8.458458458458458784e-01	1.071607186510481258e+00	-8.011109291309648217e-02
8.468468468468468568e-01	1.093733136480503854e+00	-9.863549103023794284e-02
8.478478478478478353e-01	1.025860443828881641e+00	-2.814525463262029792e-02
8.488488488488488137e-01	9.752293592049980919e-01	2.411677725698280206e-02
8.498498498498497922e-01	9.613923263249215534e-01	3.859654815079249790e-02
8.508508508508508816e-01	8.251129375722610071e-01	1.745298300899689181e-01
8.518518518518518601e-01	7.543900245500628765e-01	2.439181337212054101e-01
8.528528528528528385e-01	7.750190463067186952e-01	2.209673197323859251e-01
8.538538538538538170e-01	7.354414403474062167e-01	2.572382465361141568e-01
8.548548548548547954e-01	6.585595266170533035e-01	3.298318640164199511e-01
8.558558558558558849e-01	6.174351764778202023e-01	3.656905413178841435e-01
8.568568568568568633e-01	5.512554250234643627e-01	4.256324503380286561e-01
8.578578578578578417e-01	5.133865605931390297e-01	4.562974710645486542e-01
8.588588588588588202e-01	4.674693785429557824e-01	4.940519317041701663e-01
8.598598598598597986e-01	4.621967727878897869e-01	4.902110100965625938e-01
8.608608608608608881e-01	5.281717214647552172e-01	4.141807400695637353e-01
8.618618618618618665e-01	5.311231873993309538e-01	4.002421020605241297e-01
8.628628628628628450e-01	5.455528519390475672e-01	3.739042794511580059e-01
8.638638638638638234e-01	5.799162209075580110e-01	3.267235418693321680e-01
8.648648648648649129e-01	6.419976700600739106e-01	2.509281880894945749e-01
8.658658658658658913e-01	6.200448014351345183e-01	2.582841771476348525e-01
8.668668668668668698e-01	6.494926780344632000e-01	2.133708802514676650e-01
8.678678678678678482e-01	7.277231041276359669e-01	1.188217862024251170e-01
8.688688688688688266e-01	7.058883598408172144e-01	1.235007516842668851e-01
8.698698698698699161e-01	8.033997888995211278e-01	8.013397563344848429e-03
8.708708708708708945e-01	8.808132396659209551e-01	-8.817834892423503934e-02
8.718718718718718730e-01	8.685992540363934866e-01	-9.552646064767578160e-02
8.728728728728728514e-01	8.450905486064198557e-01	-9.234431010846411159e-02
8.738738738738738299e-01	7.615187353977979079e-01	-2.984340929611750681e-02
8.748748748748749193e-01	8.368824710619877649e-01	-1.270015787675585761e-01
8.758758758758758978e-01	7.060503375099399515e-01	-1.866584888083056004e-02
8.768768768768768762e-01	6.758187744793836549e-01	-1.161041367376935973e-02
8.778778778778778547e-01	6.185114734575938300e-01	2.186395321543355141e-02
8.788788788788788331e-01	5.981320963272083180e-01	1.777715723997397301e-02
8.798798798798799226e-01	4.801013135152792377e-01	1.107327214906798640e-01
8.808808808808809010e-01	5.708976312673358366e-01	-5.723064501943597726e-03
8.818818818818818794e-01	4.752409290818219167e-01	6.371529327839520196e-02
8.828828828828828579e-01	4.674108518224364683e-01	4.479407613067976079e-02
8.838838838838838363e-01	4.254604874091029720e-01	5.948664930838809539e-02
8.848848848848849258e-01	3.590383849213799605e-01	9.817141775769755441e-02
8.858858858858859042e-01	3.099208055791726202e-01	1.190995484831535722e-01
8.868868868868868827e-01	3.541371941893204922e-01	4.626947197848452209e-02
8.878878878878878611e-01	3.323295335014901930e-01	3.906750030608047153e-02
8.888888888888888395e-01	3.375621991702468239e-01	4.457944155425885846e-03
8.898898898898899290e-01	2.949635025327849713e-01	1.734154169870322226e-02
8.908908908908909074e-01	2.309034732537675882e-01	5.137764722020427000e-02
8.918918918918918859e-01	2.437612158061572276e-01	8.216845578969567132e-03
8.928928928928928643e-01	3.009490542524869139e-01	-7.952322193092467573e-02
8.938938938938938428e-01	2.731738414757459710e-01	-8.251919644268029819e-02
8.948948948948949322e-01	1.593773974029225049e-01	3.175303846260357776e-04
8.958958958958959107e-01	2.826108777877076594e-01	-1.540335825058384012e-01
8.968968968968968891e-01	2.238020865515092384e-01	-1.264695681832045115e-01
8.978978978978978676e-01	1.057131288179931489e-01	-3.972163519136903687e-02
8.988988988988988460e-01	2.167773174668742031e-01	-1.821921046550553092e-01
8.998998998998999355e-01	2.054013985122056518e-01	-2.022566663044697566e-01
9.009009009009009139e-01	1.206838621810088080e-01	-1.489827202641258730e-01
9.019019019019018923e-01	2.005178737812937650e-02	-7.976625226133671198e-02
9.029029029029028708e-01	-2.239290946115971709e-03	-8.883173174052434728e-02
9.039039039039038492e-01	1.471158609332719365e-02	-1.370491104717824205e-01
9.049049049049049387e-01	-9.576364759592023712e-02	-5.771940430029606772e-02
9.059059059059059171e-01	1.503215852262958056e-02	-1.995089653261204743e-01
9.069069069069068956e-01	-4.693938598938949408e-02	-1.683487547556979103e-01
9.079079079079078740e-01	-1.215017387639772822e-01	-1.243848469898720804e-01
9.089089089089088525e-01	-1.312003467000156520e-01	-1.450415376790563926e-01
9.099099099099099419e-01	-1.065368786195755452e-01	-1.997871409872075121e-01
9.109109109109109204e-01	-1.626948337982368764e-01	-1.734084107439773648e-01
9.119119119119118988e-01	-2.561551352165457041e-01	-1.093949766086734221e-01
9.129129129129128772e-01	-2.763556537750738729e-01	-1.182798489743656645e-01
9.139139139139138557e-01	-4.002183944281008654e-01	-2.311226162843094123e-02
9.149149149149149451e-01	-4.781031155056572612e-01	2.649591912876297917e-02
9.159159159159159236e-01	-5.053609075333198586e-01	2.592374524451218631e-02
9.169169169169169020e-01	-5.178222832890259086e-01	1.102924932075366460e-02
9.179179179179178805e-01	-4.831218416836537966e-01	-5.052591871846701110e-02
9.189189189189188589e-01	-4.754114670861053216e-01	-8.456331905148734007e-02
9.199199199199199484e-01	-5.636824621310830841e-01	-2.206561541075524602e-02
9.209209209209209268e-01	-6.268534831972547572e-01	1.591133465183125484e-02
9.219219219219219053e-01	-5.972479142322362211e-01	-3.828417161214725528e-02
9.229229229229228837e-01	-5.895962363805649087e-01	-6.989733715532930880e-02
9.239239239239238621e-01	-5.161132757822841644e-01	-1.666896413809021427e-01
9.249249249249249516e-01	-5.258028833078542963e-01	-1.796341838380975942e-01
9.259259259259259300e-01	-4.675722135659627909e-01	-2.598014280070861659e-01
9.269269269269269085e-01	-5.074134687776280517e-01	-2.411774795573617958e-01
9.279279279279278869e-01	-5.148986287600302303e-01	-2.541693778142848359e-01
9.289289289289288654e-01	-5.494644863661130030e-01	-2.393200810665158107e-01
9.299299299299299548e-01	-5.229550046586274314e-01	-2.847661294151802025e-01
9.309309309309309333e-01	-3.934074207298837722e-01	-4.324515602336592712e-01
9.319319319319319117e-01	-4.322334531042600347e-01	-4.109467192819614145e-01
9.329329329329328901e-01	-4.870652817884568719e-01	-3.726022983922867571e-01
9.339339339339339796e-01	-5.733553394565686911e-01	-3.019495612212437230e-01
9.349349349349349581e-01	-5.802954671653657304e-01	-3.097812036565406046e-01
9.359359359359359365e-01	-6.823753817967339597e-01	-2.215929016652818939e-01
9.369369369369369149e-01	-8.094849642694377234e-01	-1.074810375265747853e-01
9.379379379379378934e-01	-7.053110035286371815e-01	-2.237459694257242226e-01
9.389389389389389828e-01	-8.538884991458587370e-01	-8.634074156389970334e-02
9.399399399399399613e-01	-9.273030285452096289e-01	-2.316872875490205708e-02
9.409409409409409397e-01	-9.057737806380860013e-01	-5.400061371510278541e-02
9.419419419419419182e-01	-8.462316049375520066e-01	-1.218963479645661652e-01
9.429429429429428966e-01	-8.469425745357438418e-01	-1.285815979460939174e-01
9.439439439439439861e-01	-7.319010337728298898e-01	-2.500547055246770123e-01
9.449449449449449645e-01	-8.196993428841546914e-01	-1.677169505726342491e-01
9.459459459459459429e-01	-8.659336822301640924e-01	-1.259667530287126302e-01
9.469469469469469214e-01	-8.776935192629516935e-01	-1.177102112710606274e-01
9.479479479479478998e-01	-8.126916876872711804e-01	-1.852310273409719654e-01
9.489489489489489893e-01	-7.860357774334274517e-01	-2.134191203956419258e-01
9.499499499499499677e-01	-8.094533418455703844e-01	-1.905454219830270413e-01
9.509509509509509462e-01	-8.752237497644131947e-01	-1.243300254573507235e-01
9.519519519519519246e-01	-8.891763799996549311e-01	-1.089439920384915883e-01
9.529529529529529031e-01	-8.098781882548526934e-01	-1.858217834519850786e-01
9.539539539539539925e-01	-8.160705984185806505e-01	-1.762243692362329694e-01
9.549549549549549710e-01	-7.894719804066187008e-01	-1.984367465335594716e-01
9.559559559559559494e-01	-7.713124215410035456e-01	-2.112331653816246213e-01
9.569569569569569278e-01	-7.273090276084072103e-01	-2.489018233660231783e-01
9.579579579579579063e-01	-7.567077547742925292e-01	-2.122030284618574569e-01
9.589589589589589957e-01	-6.848346318814632072e-01	-2.758179705408577709e-01
9.599599599599599742e-01	-8.337428727830686892e-01	-1.177016019001083658e-01
9.609609609609609526e-01	-9.069231573930888191e-01	-3.437234813641532050e-02
9.619619619619619311e-01	-9.143971761751243932e-01	-1.581855465348014356e-02
9.629629629629629095e-01	-8.610144178428851269e-01	-5.720168903738975796e-02
9.639639639639639990e-01	-8.259630682105729704e-01	-7.934543137202376695e-02
9.649649649649649774e-01	-9.043138133016376257e-01	1.280814060335300208e-02
9.659659659659659559e-01	-9.686733771516727876e-01	9.185210191851767014e-02
9.669669669669669343e-01	-9.401084254192151324e-01	7.883859747998378520e-02
9.679679679679679127e-01	-8.604732131635339787e-01	1.560650420771469982e-02
9.689689689689690022e-01	-7.535079890945267644e-01	-7.412014950820478010e-02
9.699699699699699806e-01	-7.322677736012399574e-01	-7.730338973950523496e-02
9.709709709709709591e-01	-7.664699623219546343e-01	-2.424367659313919621e-02
9.719719719719719375e-01	-7.183587388828577280e-01	-5.271547381586794145e-02
9.729729729729729160e-01	-6.709252600290478430e-01	-7.974704522367859205e-02
9.739739739739740054e-01	-5.982915945478426423e-01	-1.312364965743465506e-01
9.749749749749749839e-01	-4.950597856242374140e-01	-2.126026932622688270e-01
9.759759759759759623e-01	-5.152937494802791729e-01	-1.698033410035020285e-01
9.769769769769769407e-01	-5.477291346281483175e-01	-1.141251052017212553e-01
9.779779779779779192e-01	-5.831155611153429064e-01	-5.484134963777176353e-02
9.789789789789790087e-01	-6.371276347634774462e-01	2.369890049681444566e-02
9.799799799799799871e-01	-6.455137503978441993e-01	5.721978519703951882e-02
9.809809809809809655e-01	-6.410181705999079549e-01	7.844071238147010128e-02
9.819819819819819440e-01	-5.943483684873166473e-01	5.804372524993206550e-02
9.829829829829829224e-01	-6.064508191636062140e-01	9.694931887972957352e-02
9.839839839839840119e-01	-4.826039644784917981e-01	4.094306764423349954e-04
9.849849849849849903e-01	-5.617706896667097327e-01	1.073599432218323990e-01
9.859859859859859688e-01	-5.489348773988584895e-01	1.227572650264219245e-01
9.869869869869869472e-01	-5.571458991526870852e-01	1.596228490687714441e-01
9.879879879879879256e-01	-5.201161314498742305e-01	1.516407366396201883e-01
9.889889889889890151e-01	-4.172125197713261180e-01	7.814914927665195243e-02
9.899899899899899935e-01	-4.466190439594852069e-01	1.373029825706159612e-01
9.909909909909909720e-01	-3.992824244005779288e-01	1.200195411077460972e-01
9.919919919919919504e-01	-3.612627490475140424e-01	1.123291945806191294e-01
9.929929929929930399e-01	-3.452132378143092373e-01	1.268551715696625004e-01
9.939939939939940183e-01	-3.166052547061019573e-01	1.290386013302655399e-01
9.949949949949949968e-01	-2.911582272235360702e-01	1.345684630949776084e-01
9.959959959959959752e-01	-2.652854116589486444e-01	1.398273814786503144e-01
9.969969969969969537e-01	-2.264357025097262499e-01	1.322334661820961932e-01
9.979979979979980431e-01	-1.673142956224650257e-01	1.044610055779848640e-01
9.989989989989990216e-01	-1.667000525675542688e-01	1.352578616484339524e-01
1.000000000000000000e+00	-1.060572022714801194e-01	1.060572022714788981e-01
