# Time	FTRLS_Output	FTRLS_Error
0.000000000000000000e+00	0.000000000000000000e+00	0.000000000000000000e+00
1.001001001001000992e-03	0.000000000000000000e+00	0.000000000000000000e+00
2.002002002002001985e-03	0.000000000000000000e+00	0.000000000000000000e+00
3.003003003003002977e-03	0.000000000000000000e+00	0.000000000000000000e+00
4.004004004004003969e-03	0.000000000000000000e+00	0.000000000000000000e+00
5.005005005005004962e-03	0.000000000000000000e+00	0.000000000000000000e+00
6.006006006006005954e-03	0.000000000000000000e+00	0.000000000000000000e+00
7.007007007007006946e-03	0.000000000000000000e+00	0.000000000000000000e+00
8.008008008008007939e-03	0.000000000000000000e+00	0.000000000000000000e+00
9.009009009009008931e-03	0.000000000000000000e+00	0.000000000000000000e+00
1.001001001001000992e-02	0.000000000000000000e+00	0.000000000000000000e+00
1.101101101101101092e-02	0.000000000000000000e+00	0.000000000000000000e+00
1.201201201201201191e-02	0.000000000000000000e+00	0.000000000000000000e+00
1.301301301301301290e-02	0.000000000000000000e+00	0.000000000000000000e+00
1.401401401401401389e-02	0.000000000000000000e+00	0.000000000000000000e+00
1.501501501501501488e-02	0.000000000000000000e+00	0.000000000000000000e+00
1.601601601601601588e-02	0.000000000000000000e+00	0.000000000000000000e+00
1.701701701701701513e-02	0.000000000000000000e+00	0.000000000000000000e+00
1.801801801801801786e-02	0.000000000000000000e+00	0.000000000000000000e+00
1.901901901901902059e-02	0.000000000000000000e+00	0.000000000000000000e+00
2.002002002002001985e-02	0.000000000000000000e+00	0.000000000000000000e+00
2.102102102102101910e-02	0.000000000000000000e+00	0.000000000000000000e+00
2.202202202202202183e-02	0.000000000000000000e+00	0.000000000000000000e+00
2.302302302302302456e-02	0.000000000000000000e+00	0.000000000000000000e+00
2.402402402402402382e-02	0.000000000000000000e+00	0.000000000000000000e+00
2.502502502502502307e-02	0.000000000000000000e+00	7.076624788865043536e-01
2.602602602602602580e-02	2.238305501105999351e+00	-1.508777409983810935e+00
2.702702702702702853e-02	1.223078264932388581e+00	-4.724059596796642557e-01
2.802802802802802778e-02	3.553834295069380644e+00	-2.782760082370655752e+00
2.902902902902902704e-02	3.687167447182915225e+00	-2.896453808267821728e+00
3.003003003003002977e-02	2.243037806970908044e+00	-1.433466643630163961e+00
3.103103103103103250e-02	2.611307243963766123e+00	-1.783679105361034800e+00
3.203203203203203175e-02	1.191090197013456642e+00	-3.462234880576389173e-01
3.303303303303303101e-02	-5.455778886980985898e-02	9.158276168090406788e-01
3.403403403403403027e-02	1.904782822501410289e+00	-1.027961547268256837e+00
3.503503503503503647e-02	2.532822767532650232e+00	-1.641317094834366275e+00
3.603603603603603572e-02	3.802506819407746708e+00	-2.897198319825149859e+00
3.703703703703703498e-02	3.772591714471636770e+00	-2.854375607591362662e+00
3.803803803803804118e-02	2.048510251667358784e+00	-1.118294520838754469e+00
3.903903903903904044e-02	2.186199621941068205e+00	-1.244904116411564843e+00
4.004004004004003969e-02	1.404646599450399380e+00	-4.532021247672226583e-01
4.104104104104103895e-02	1.005443515139146982e+00	-4.479091271682600350e-02
4.204204204204203821e-02	7.098128167131948496e-01	2.590979665229546924e-01
4.304304304304304440e-02	4.675709155095881364e+00	-3.699498304121451753e+00
4.404404404404404366e-02	2.024423661683194986e+00	-1.041878074760567152e+00
4.504504504504504292e-02	2.175974808935798865e+00	-1.188066081995620804e+00
4.604604604604604912e-02	1.342548357612562526e+00	-3.502533899577487952e-01
4.704704704704704837e-02	3.408357892470859962e+00	-2.412657920764022190e+00
4.804804804804804763e-02	1.003782039935574355e+00	-5.661667897428057650e-03
4.904904904904904689e-02	2.357910677396356736e+00	-1.358356902174592928e+00
5.005005005005004615e-02	1.681561763977937662e+00	-6.815630001493402368e-01
5.105105105105105234e-02	2.940779117554328526e+00	-1.941324219725259148e+00
5.205205205205205160e-02	2.055374668317048403e+00	-1.057451953288805147e+00
5.305305305305305086e-02	1.406867428151893806e+00	-4.114636976178812633e-01
5.405405405405405705e-02	2.453950056514489830e+00	-1.462049621255613108e+00
5.505505505505505631e-02	2.863174449464346072e+00	-1.875758156007557131e+00
5.605605605605605557e-02	2.530355384738884883e+00	-1.548399645441378203e+00
5.705705705705705483e-02	2.758894530186046801e+00	-1.783370357704208153e+00
5.805805805805805409e-02	1.957202002381069006e+00	-9.890740494789501680e-01
5.905905905905906028e-02	2.192619221955539821e+00	-1.232844827602350701e+00
6.006006006006005954e-02	1.877084123256113068e+00	-9.266123659560014936e-01
6.106106106106105880e-02	2.115578037612202422e+00	-1.175348796902443427e+00
6.206206206206206499e-02	1.635965284983395662e+00	-7.069083120290329258e-01
6.306306306306305731e-02	8.761964391306517053e-01	4.076956266536180262e-02
6.406406406406406351e-02	2.428082943589966458e+00	-1.524114660127950271e+00
6.506506506506506970e-02	2.041753609528924596e+00	-1.151676938707018705e+00
6.606606606606606202e-02	9.435082974535924372e-01	-6.820339677577935689e-02
6.706706706706706822e-02	2.639227549038370313e+00	-1.779559968857625130e+00
6.806806806806806054e-02	1.244201854688825604e+00	-4.010216823026029331e-01
6.906906906906906674e-02	2.023342173269080835e+00	-1.197483192305537569e+00
7.007007007007007293e-02	2.429661835056974528e+00	-1.621940700983167893e+00
7.107107107107106525e-02	2.048709935999736054e+00	-1.259925368567104575e+00
7.207207207207207145e-02	2.739684492250069159e+00	-1.970616485675752205e+00
7.307307307307307764e-02	9.692658349811362761e-01	-2.206748866461456515e-01
7.407407407407406996e-02	2.171190222117346025e+00	-1.443816580544297068e+00
7.507507507507507616e-02	1.330802858439825265e+00	-6.253657912938721530e-01
7.607607607607608236e-02	1.115340023939208391e+00	-4.325371067760193089e-01
7.707707707707707467e-02	1.285607260835202048e+00	-6.261136872993059432e-01
7.807807807807808087e-02	1.444675165907037817e+00	-8.091430800626536746e-01
7.907907907907907319e-02	1.675387387187096566e+00	-1.064445238641673619e+00
8.008008008008007939e-02	6.739155508219363266e-01	-8.816747328009699736e-02
8.108108108108108558e-02	2.151198269098013149e+00	-1.591223482960417712e+00
8.208208208208207790e-02	1.699830164764672080e+00	-1.166182404362549496e+00
8.308308308308308410e-02	2.694070825729580898e-01	2.373859513953144873e-01
8.408408408408407642e-02	2.453107263225466461e+00	-1.973670100936656624e+00
8.508508508508508261e-02	2.962186469973242531e+00	-2.510579273596347250e+00
8.608608608608608881e-02	2.095866734574718393e+00	-1.672536078518183977e+00
8.708708708708708113e-02	1.329999217616067542e+00	-9.353637148666265055e-01
8.808808808808808732e-02	5.420311325793297774e-01	-1.764810207541107623e-01
8.908908908908909352e-02	1.995365801139260764e+00	-1.659262556597044913e+00
9.009009009009008584e-02	8.000539005909838020e-01	-4.937298809842000091e-01
9.109109109109109204e-02	1.949092241545195225e+00	-1.672850357166120627e+00
9.209209209209209823e-02	1.106717403119302556e+00	-8.608308173654524165e-01
9.309309309309309055e-02	1.639045675199649388e+00	-1.423757534454558993e+00
9.409409409409409675e-02	1.103594044321149381e+00	-9.191172375176568377e-01
9.509509509509508907e-02	1.303283097328938434e+00	-1.149800045432721740e+00
9.609609609609609526e-02	7.195166973734778981e-01	-5.971791729950205463e-01
9.709709709709710146e-02	1.890946732840710798e+00	-1.799875710154070108e+00
9.809809809809809378e-02	6.618729640210760934e-01	-6.021584991378657881e-01
9.909909909909909997e-02	8.013615224137775606e-01	-7.730626643306592882e-01
1.001001001001000923e-01	1.748642168004397091e+00	-1.751786900212133125e+00
1.011011011011010985e-01	-4.300075504369822443e-01	3.954223376251650435e-01
1.021021021021021047e-01	-4.499227520844894523e-01	3.839312584578687959e-01
1.031031031031030970e-01	9.936954169372806955e-01	-1.091027935305582952e+00
1.041041041041041032e-01	-5.973392943231987662e-01	4.687619990413303128e-01
1.051051051051051094e-01	1.457066461924753531e+00	-1.616761389712302988e+00
1.061061061061061017e-01	-3.008266875144485764e-01	1.101720424813841248e-01
1.071071071071071079e-01	-6.063997587820930679e-01	3.849739264605341882e-01
1.081081081081081141e-01	1.189193371701357638e+00	-1.441171433086482878e+00
1.091091091091091064e-01	8.810972475086736866e-01	-1.163378367982645267e+00
1.101101101101101126e-01	1.036774134452700835e+00	-1.349079178684190250e+00
1.111111111111111049e-01	3.653539075329013119e-01	-7.073740508585695252e-01
1.121121121121121111e-01	-8.941485315876979145e-01	5.227514977801299700e-01
1.131131131131131173e-01	9.220881662794515599e-01	-1.322494832447255408e+00
1.141141141141141097e-01	-6.137278427918794188e-01	1.847074887295531154e-01
1.151151151151151159e-01	5.086861492302439947e-02	-5.080784176021035936e-01
1.161161161161161082e-01	8.181145871159978267e-02	-5.667585954290870198e-01
1.171171171171171144e-01	-7.074918164876672355e-01	1.952868885345531158e-01
1.181181181181181206e-01	-2.619654358876959410e-01	-2.769907864725205116e-01
1.191191191191191129e-01	-1.065500658705309522e-01	-4.586245008948617308e-01
1.201201201201201191e-01	-5.257566569466051165e-01	-6.507737805935265296e-02
1.211211211211211253e-01	-1.567571445144543052e+00	9.516621915773635365e-01
1.221221221221221176e-01	-7.239915967992346379e-01	8.361617012620881084e-02
1.231231231231231238e-01	-8.062436712070011890e-02	-5.835839936849138709e-01
1.241241241241241300e-01	-1.463593874628406288e+00	7.762093859992961198e-01
1.251251251251251362e-01	-1.257138422770840203e+00	5.472575304764115689e-01
1.261261261261261146e-01	-1.638058425659963069e+00	9.063830995582851102e-01
1.271271271271271208e-01	-3.465869875873608952e-01	-4.061592509105937387e-01
1.281281281281281270e-01	-1.154754814050317879e+00	3.816820206616003963e-01
1.291291291291291332e-01	-1.389766005435322249e+00	5.971311146936375547e-01
1.301301301301301394e-01	-2.472613486622524004e+00	1.661200300159658028e+00
1.311311311311311179e-01	-1.758788944614048777e+00	9.293998330889663428e-01
1.321321321321321240e-01	-2.707324829776878161e+00	1.860779939446817632e+00
1.331331331331331302e-01	-2.551599698109047853e+00	1.688736139823116655e+00
1.341341341341341364e-01	-3.312341541168577486e+00	2.434012562585808670e+00
1.351351351351351426e-01	-2.709844098000664392e+00	1.816918239851096128e+00
1.361361361361361211e-01	-2.950063395481610229e+00	2.043423632704721271e+00
1.371371371371371273e-01	-3.561692335449577751e+00	2.642235204059372400e+00
1.381381381381381335e-01	-3.429451300888530341e+00	2.498086011428676478e+00
1.391391391391391397e-01	-4.619825409492499979e+00	3.677472947958181138e+00
1.401401401401401459e-01	-5.221612528821901300e+00	4.269204745937449808e+00
1.411411411411411521e-01	-4.133339098698070480e+00	3.171817788450944864e+00
1.421421421421421305e-01	-4.411668885353628333e+00	3.441984853695940760e+00
1.431431431431431367e-01	-4.220319995750692499e+00	3.243432120389199813e+00
1.441441441441441429e-01	-3.045709641781176202e+00	2.062583923985472190e+00
1.451451451451451491e-01	-4.042535865268834350e+00	3.054144474635361650e+00
1.461461461461461553e-01	-5.352065362291061668e+00	4.359385675407541072e+00
1.471471471471471337e-01	-4.033866097967154118e+00	3.037879731928049942e+00
1.481481481481481399e-01	-5.968035635021305296e+00	4.969727476750037454e+00
1.491491491491491461e-01	-5.473543264465804192e+00	4.473900496803574711e+00
1.501501501501501523e-01	-5.288194276569770480e+00	4.288205402094056318e+00
1.511511511511511585e-01	-3.984505872896643375e+00	2.985159736434662481e+00
1.521521521521521647e-01	-5.913872038920647611e+00	4.916156849724385935e+00
1.531531531531531432e-01	-6.174769770994373630e+00	5.179672125544107608e+00
1.541541541541541493e-01	-5.802747508814272592e+00	4.811251415216887928e+00
1.551551551551551555e-01	-6.220894141048471937e+00	5.233980045995311414e+00
1.561561561561561617e-01	-5.029054652034710138e+00	4.047698471281150567e+00
1.571571571571571679e-01	-6.566053058485445071e+00	5.591225211810910700e+00
1.581581581581581464e-01	-6.762933761166508795e+00	5.795598212769218271e+00
1.591591591591591526e-01	-6.307182851086451159e+00	5.348296156361801224e+00
1.601601601601601588e-01	-6.486219783594622257e+00	5.536730143239808832e+00
1.611611611611611650e-01	-4.765165253683231406e+00	3.826011576063463426e+00
1.621621621621621712e-01	-5.304547087016549867e+00	4.376658059720040406e+00
1.631631631631631496e-01	-5.905834120172221979e+00	4.990127291672052934e+00
1.641641641641641558e-01	-6.784933355361465246e+00	5.882314227692431174e+00
1.651651651651651620e-01	-5.174706291119841595e+00	4.286067424467485232e+00
1.661661661661661682e-01	-6.520484827429320340e+00	5.646704957516591961e+00
1.671671671671671744e-01	-7.033081791378721803e+00	6.175024960523034068e+00
1.681681681681681528e-01	-5.143300138594524284e+00	4.301814841294474334e+00
1.691691691691691590e-01	-5.892071439146667977e+00	5.067989783043303831e+00
1.701701701701701652e-01	-5.454014729647673754e+00	4.648151612690003986e+00
1.711711711711711714e-01	-5.678168750879685867e+00	4.891321055508095483e+00
1.721721721721721776e-01	-5.294336921789024153e+00	4.527282726933425039e+00
1.731731731731731838e-01	-6.162683864425966718e+00	5.416181676097914455e+00
1.741741741741741623e-01	-6.411158734125704584e+00	5.685946735365306814e+00
1.751751751751751685e-01	-5.127167961744707902e+00	4.423963282664024277e+00
1.761761761761761746e-01	-6.293106461845354715e+00	5.612604470490102138e+00
1.771771771771771808e-01	-6.130868661699405031e+00	5.473742276430217046e+00
1.781781781781781870e-01	-5.849271231710597263e+00	5.216170255783776355e+00
1.791791791791791655e-01	-5.429256137708551755e+00	4.820806616714333970e+00
1.801801801801801717e-01	-5.540725218406675090e+00	4.957528821200400948e+00
1.811811811811811779e-01	-6.376702631680750244e+00	5.819336055419107367e+00
1.821821821821821841e-01	-5.737277811779531334e+00	5.206292211650210611e+00
1.831831831831831903e-01	-6.783011137544615821e+00	6.278931581753290914e+00
1.841841841841841965e-01	-4.664116885845436045e+00	4.187441836399008466e+00
1.851851851851851749e-01	-6.128394719717976891e+00	5.679595539517514169e+00
1.861861861861861811e-01	-5.999369157498151139e+00	5.578889644228937073e+00
1.871871871871871873e-01	-5.197571681633689877e+00	4.805827628913291960e+00
1.881881881881881935e-01	-5.671320885525978461e+00	5.308699671744311566e+00
1.891891891891891997e-01	-3.709988258539704375e+00	3.376848463797646804e+00
1.901901901901901781e-01	-5.667920394957485897e+00	5.364591446482858572e+00
1.911911911911911843e-01	-4.340647574981155721e+00	4.067429421372689369e+00
1.921921921921921905e-01	-4.212656110172687818e+00	3.969818924794100479e+00
1.931931931931931967e-01	-5.056155292915654798e+00	4.843939206733146818e+00
1.941941941941942029e-01	-3.744703666470550640e+00	3.563318530597900047e+00
1.951951951951951814e-01	-4.151655414296137714e+00	4.001280592482200582e+00
1.961961961961961876e-01	-3.297330354595640500e+00	3.178114545859466400e+00
1.971971971971971938e-01	-3.082135484544168857e+00	2.994196576133107079e+00
1.981981981981981999e-01	-1.685642210877768443e+00	1.629067161693975807e+00
1.991991991991992061e-01	-1.766190315473708194e+00	1.741035070084332226e+00
2.002002002002001846e-01	-2.816762560980293983e+00	2.823051994296361222e+00
2.012012012012011908e-01	-2.467325489060796961e+00	2.505053381739513529e+00
2.022022022022021970e-01	-1.172483710473606333e+00	1.241612755068390639e+00
2.032032032032032032e-01	-1.131263428155522943e+00	1.231725266007690944e+00
2.042042042042042094e-01	-8.598423602175424563e-01	9.915376490531664366e-01
2.052052052052052156e-01	-2.288716751553129480e+00	2.451515263718223370e+00
2.062062062062061940e-01	-8.668271963393914259e-01	1.060567947576288139e+00
2.072072072072072002e-01	-1.136052304016453851e+00	1.360543712654025850e+00
2.082082082082082064e-01	4.365239073327532165e-02	2.113676856670347881e-01
2.092092092092092126e-01	-7.386599889280243136e-02	3.591625649668521159e-01
2.102102102102102188e-01	1.102586076823051764e+00	-7.872951382475491533e-01
2.112112112112111972e-01	1.091542989375204442e+00	-7.465694555806143828e-01
2.122122122122122034e-01	1.703347509922064740e+00	-1.329032509998046008e+00
2.132132132132132096e-01	1.119772449422388849e+00	-7.164861269384084075e-01
2.142142142142142158e-01	7.295863393537547203e-01	-2.977274863404578142e-01
2.152152152152152220e-01	1.398983997024492831e+00	-9.389796596258820349e-01
2.162162162162162282e-01	1.837734326643338134e+00	-1.350039382829703705e+00
2.172172172172172067e-01	2.357291080835933528e+00	-1.842387790595121366e+00
2.182182182182182129e-01	4.202809661845781086e+00	-3.661207190297591119e+00
2.192192192192192191e-01	2.812426590816117677e+00	-2.244660504721410099e+00
2.202202202202202252e-01	2.316929900330320091e+00	-1.723561638492699721e+00
2.212212212212212314e-01	2.791339229541805356e+00	-2.172955547625589734e+00
2.222222222222222099e-01	2.761386264495629295e+00	-2.118598654809090931e+00
2.232232232232232161e-01	3.388104443771984720e+00	-2.721548530589613435e+00
2.242242242242242223e-01	1.910400747627652773e+00	-1.220735658649391375e+00
2.252252252252252285e-01	3.209811078361667569e+00	-2.497718792930642362e+00
2.262262262262262347e-01	3.498995216505050188e+00	-2.765179891228322528e+00
2.272272272272272131e-01	3.629682778717290503e+00	-2.874870051156491968e+00
2.282282282282282193e-01	3.113971149017026097e+00	-2.338907420137424698e+00
2.292292292292292255e-01	3.425262874675075953e+00	-2.630714570762632487e+00
2.302302302302302317e-01	2.829490536493735942e+00	-2.016243351270002648e+00
2.312312312312312379e-01	3.558007614448733147e+00	-2.726865732133039621e+00
2.322322322322322163e-01	3.707138073590903637e+00	-2.858923373678101676e+00
2.332332332332332225e-01	4.513188751047660929e+00	-3.648739995587796159e+00
2.342342342342342287e-01	3.503947447562921091e+00	-2.624119451746492082e+00
2.352352352352352349e-01	4.919822581483175306e+00	-4.025485368352148541e+00
2.362362362362362411e-01	5.665838975954250678e+00	-4.757876916074704532e+00
2.372372372372372473e-01	3.122121358392755841e+00	-2.201432295339892597e+00
2.382382382382382258e-01	5.008497146470978656e+00	-4.075991508991271495e+00
2.392392392392392320e-01	5.483386334311063592e+00	-4.539986236039482925e+00
2.402402402402402382e-01	4.709796176328999273e+00	-3.756434503951570303e+00
2.412412412412412444e-01	4.943696122563401296e+00	-3.981315613326767977e+00
2.422422422422422505e-01	5.173540855284000095e+00	-4.203093164764203138e+00
2.432432432432432290e-01	4.885005073762467731e+00	-3.907449834814781475e+00
2.442442442442442352e-01	4.948623482582347854e+00	-3.964927356402737857e+00
2.452452452452452414e-01	4.057880419862867072e+00	-3.069016140099431134e+00
2.462462462462462476e-01	6.187713897309745192e+00	-5.194659308169377709e+00
2.472472472472472538e-01	6.395151739490047227e+00	-5.398888828791492678e+00
2.482482482482482600e-01	5.073819072538787722e+00	-4.075333000668265093e+00
2.492492492492492384e-01	4.720517298178708465e+00	-3.720795423908319854e+00
2.502502502502502724e-01	6.152629149658504382e+00	-5.152660053790757644e+00
2.512512512512512508e-01	5.402687289218346400e+00	-4.403459797022266642e+00
2.522522522522522292e-01	5.919902534775379088e+00	-4.922404738180879313e+00
2.532532532532532632e-01	5.690963038150721687e+00	-4.696181318668136484e+00
2.542542542542542416e-01	6.503329219012250917e+00	-5.512247272343230975e+00
2.552552552552552756e-01	6.774703532864292832e+00	-5.788301396168578528e+00
2.562562562562562540e-01	5.834008078626534477e+00	-4.853261161406495106e+00
2.572572572572572325e-01	5.323821939918886414e+00	-4.349700059480150038e+00
2.582582582582582664e-01	4.981045182715075015e+00	-4.014511605157033536e+00
2.592592592592592449e-01	6.637199385820636621e+00	-5.679209873505147499e+00
2.602602602602602788e-01	5.224982945865186856e+00	-4.276484812305391792e+00
2.612612612612612573e-01	5.445984991328807645e+00	-4.507916164432641537e+00
2.622622622622622357e-01	5.537679542647434339e+00	-4.610967637242149308e+00
2.632632632632632697e-01	5.823998433030561195e+00	-4.909559833585395161e+00
2.642642642642642481e-01	4.257576251328884176e+00	-3.356315205782939515e+00
2.652652652652652820e-01	5.723870763868127653e+00	-4.836678489459523611e+00
2.662662662662662605e-01	6.008798251470296670e+00	-5.136552053450810007e+00
2.672672672672672389e-01	5.698703961107632665e+00	-4.842266365214285884e+00
2.682682682682682729e-01	5.379935168682418833e+00	-4.540153068223879096e+00
2.692692692692692513e-01	5.636518054690488277e+00	-4.814221873091678816e+00
2.702702702702702853e-01	6.002603676153806411e+00	-5.198606545786865318e+00
2.712712712712712637e-01	3.391711769528764631e+00	-2.606808727642359713e+00
2.722722722722722422e-01	6.543235445662040739e+00	-5.778202648204149305e+00
2.732732732732732761e-01	5.556588767963209108e+00	-4.812182722074790142e+00
2.742742742742742545e-01	4.866994059590210142e+00	-4.143950875528699562e+00
2.752752752752752885e-01	4.842176777044040037e+00	-4.141211440276443057e+00
2.762762762762762669e-01	5.445696064560458183e+00	-4.767501728745791034e+00
2.772772772772773009e-01	4.905325709147729363e+00	-4.250573010707995536e+00
2.782782782782782793e-01	3.332840920719678302e+00	-2.702177315677120717e+00
2.792792792792792578e-01	6.079592571761285313e+00	-5.473641695497735604e+00
2.802802802802802917e-01	4.424930915491892769e+00	-3.844291966063287269e+00
2.812812812812812702e-01	5.239359211670215899e+00	-4.684606357286098088e+00
2.822822822822823041e-01	4.047998993454646310e+00	-3.519680804708595456e+00
2.832832832832832826e-01	5.732720780009119999e+00	-5.231359687421513804e+00
2.842842842842842610e-01	4.724093395498696779e+00	-4.250185172908253151e+00
2.852852852852852950e-01	4.989284576148988570e+00	-4.543297850463912546e+00
2.862862862862862734e-01	3.679745968911791287e+00	-3.262121756705324227e+00
2.872872872872873073e-01	5.217799317815445370e+00	-4.828950589224057843e+00
2.882882882882882858e-01	4.792721613805605685e+00	-4.433032884161068665e+00
2.892892892892892642e-01	5.393541333967375451e+00	-5.063368283566537897e+00
2.902902902902902982e-01	3.852371754518063796e+00	-3.552040876906312761e+00
2.912912912912912766e-01	3.665092637714909785e+00	-3.394900916831127269e+00
2.922922922922923106e-01	5.573234398242512100e+00	-5.333449014744775951e+00
2.932932932932932890e-01	3.104430098563662366e+00	-2.895288165626094923e+00
2.942942942942942675e-01	3.465643569713929395e+00	-3.287351898555952001e+00
2.952952952952953014e-01	4.337150685326004229e+00	-4.189885580705864143e+00
2.962962962962962798e-01	3.261608075779275140e+00	-3.145515161654043990e+00
2.972972972972973138e-01	3.992569598165249367e+00	-3.907763673689739647e+00
2.982982982982982922e-01	2.218138919221795735e+00	-2.164703845228737933e+00
2.992992992992992707e-01	2.824980449564445273e+00	-2.802969065638215795e+00
3.003003003003003046e-01	1.381218326788367756e+00	-1.390652399014264740e+00
3.013013013013012831e-01	3.285788933570309212e+00	-3.326659133011019343e+00
3.023023023023023170e-01	1.919876066555265881e+00	-1.992141978475853614e+00
3.033033033033032955e-01	1.495782154758612537e+00	-1.599372318590851050e+00
3.043043043043043294e-01	2.065315744630439099e+00	-2.200127724637022997e+00
3.053053053053053079e-01	1.098169071848348777e+00	-1.264069558417062034e+00
3.063063063063062863e-01	1.027264678311037849e-01	-2.995514092988075250e-01
3.073073073073073203e-01	-1.573614188301080685e-01	-7.019334604597465832e-02
3.083083083083082987e-01	9.234395171678997372e-01	-1.181499086596748960e+00
3.093093093093093326e-01	1.262037932242173199e-01	-4.145129834964400017e-01
3.103103103103103111e-01	-1.176848739134156441e-01	-2.005888409788922910e-01
3.113113113113112895e-01	7.030275578399531877e-01	-1.050951070534236642e+00
3.123123123123123235e-01	-1.172975152648281671e+00	7.957458883455118537e-01
3.133133133133133019e-01	-1.236657687082872714e+00	8.304956965284018278e-01
3.143143143143143359e-01	-1.358907789594659965e+00	9.242147084402638768e-01
3.153153153153153143e-01	-1.157088210359226821e+00	6.942938873919287657e-01
3.163163163163162928e-01	-1.389606814731310980e+00	8.991688868148911551e-01
3.173173173173173267e-01	-1.987767851708287958e+00	1.470171291246409995e+00
3.183183183183183051e-01	-1.923428024307087369e+00	1.379184659675508628e+00
3.193193193193193391e-01	-2.131398865389993347e+00	1.561046874812091811e+00
3.203203203203203175e-01	-2.896548199663071976e+00	2.300651579029174165e+00
3.213213213213212960e-01	-3.223966043672171544e+00	2.603114048828929050e+00
3.223223223223223299e-01	-2.708837310831725631e+00	2.063643874893033026e+00
3.233233233233233084e-01	-3.702534737128660769e+00	3.033637863384321953e+00
3.243243243243243423e-01	-4.210806339645306373e+00	3.518867470667760511e+00
3.253253253253253208e-01	-3.798733053949775673e+00	3.084436417522754770e+00
3.263263263263262992e-01	-4.473583499160484145e+00	3.737635431676381792e+00
3.273273273273273332e-01	-3.887042086075935376e+00	3.130170334070943472e+00
3.283283283283283116e-01	-6.550625353130727468e+00	5.773578353648439965e+00
3.293293293293293456e-01	-6.121294310090266144e+00	5.324840450585336171e+00
3.303303303303303240e-01	-6.559814913794715707e+00	5.744741772308453953e+00
3.313313313313313024e-01	-8.299091208625460681e+00	7.466204774984688264e+00
3.323323323323323364e-01	-7.055496558285589970e+00	6.205620437094903963e+00
3.333333333333333148e-01	-9.169384378730775609e+00	8.303358974946338122e+00
3.343343343343343488e-01	-1.113598202694224781e+01	1.025466371483244110e+01
3.353353353353353272e-01	-9.276980433912759949e+00	8.381240710227505275e+00
3.363363363363363057e-01	-1.188464881076273549e+01	1.097537343294884771e+01
3.373373373373373396e-01	-1.049319966366812373e+01	9.571287773982898983e+00
3.383383383383383181e-01	-1.161863330706146691e+01	1.068499654345062133e+01
3.393393393393393520e-01	-9.966378327236814272e+00	9.021939921855985034e+00
3.403403403403403304e-01	-1.046730889109109519e+01	9.513002757362347239e+00
3.413413413413413644e-01	-1.190298317858394306e+01	1.093975298769002968e+01
3.423423423423423428e-01	-1.248481006498390755e+01	1.151360831271353113e+01
3.433433433433433213e-01	-1.343567834590905896e+01	1.245746541077584979e+01
3.443443443443443552e-01	-1.332289231171684207e+01	1.233863550528347375e+01
3.453453453453453337e-01	-1.340935843162217189e+01	1.242003104196867902e+01
3.463463463463463676e-01	-1.363993878071142873e+01	1.264651910999361739e+01
3.473473473473473461e-01	-1.359757121326998153e+01	1.260104161031964409e+01
3.483483483483483245e-01	-1.320380297049072205e+01	1.220514885941426542e+01
3.493493493493493585e-01	-1.320957782551864490e+01	1.220978673125471836e+01
3.503503503503503369e-01	-1.428647330043351005e+01	1.328653387223321580e+01
3.513513513513513709e-01	-1.528035879850128254e+01	1.428125983229660179e+01
3.523523523523523493e-01	-1.386711910519260194e+01	1.286984856581976899e+01
3.533533533533533277e-01	-1.541160287300907683e+01	1.441714691725379893e+01
3.543543543543543617e-01	-1.599034637143958371e+01	1.499968837287015155e+01
3.553553553553553401e-01	-1.641341346198337448e+01	1.542753303853597835e+01
3.563563563563563741e-01	-1.762577674921163151e+01	1.664564879448945334e+01
3.573573573573573525e-01	-1.721259359597144112e+01	1.623918731521543890e+01
3.583583583583583310e-01	-1.716153259671054343e+01	1.619581054839518686e+01
3.593593593593593649e-01	-1.566208696922068810e+01	1.470500411322241696e+01
3.603603603603603434e-01	-1.567754139529409940e+01	1.473004414857366839e+01
3.613613613613613773e-01	-1.573105871995392668e+01	1.479408402068648876e+01
3.623623623623623557e-01	-1.504303801400953056e+01	1.411751239508785183e+01
3.633633633633633342e-01	-1.519107540279273927e+01	1.427791407561975490e+01
3.643643643643643681e-01	-1.591769229854865841e+01	1.501779824802533980e+01
3.653653653653653466e-01	-1.606929210746613279e+01	1.518355519906960183e+01
3.663663663663663805e-01	-1.622901949863402749e+01	1.535831559846890038e+01
3.673673673673673590e-01	-1.626713130869142887e+01	1.541232141738450245e+01
3.683683683683683929e-01	-1.588408965009148588e+01	1.504601905138625995e+01
3.693693693693693714e-01	-1.660158838506707468e+01	1.578108580995998622e+01
3.703703703703703498e-01	-1.544833063541661389e+01	1.464620744266157004e+01
3.713713713713713838e-01	-1.639196907852316443e+01	1.560901845231470020e+01
3.723723723723723622e-01	-1.488743237667689989e+01	1.412442854230537215e+01
3.733733733733733962e-01	-1.573690908991430248e+01	1.499460654816869365e+01
3.743743743743743746e-01	-1.550243580177435554e+01	1.478156858284977027e+01
3.753753753753753530e-01	-1.469913041512569229e+01	1.400041135277332494e+01
3.763763763763763870e-01	-1.382691448320744954e+01	1.315103450984477007e+01
3.773773773773773654e-01	-1.598102808113634232e+01	1.532865554461455027e+01
3.783783783783783994e-01	-1.475189469371780326e+01	1.412367469642216022e+01
3.793793793793793778e-01	-1.337126483063200766e+01	1.276781859156858090e+01
3.803803803803803563e-01	-1.520674940156602695e+01	1.462867364206565490e+01
3.813813813813813902e-01	-1.292374237135408244e+01	1.237160872500101227e+01
3.823823823823823687e-01	-1.495557583255890144e+01	1.442993027992758037e+01
3.833833833833834026e-01	-1.404452606942722603e+01	1.354588839818623391e+01
3.843843843843843811e-01	-1.324324356594866359e+01	1.277210685686564595e+01
3.853853853853853595e-01	-1.479602673111537570e+01	1.435285687047124803e+01
3.863863863863863934e-01	-1.436097873810130565e+01	1.394621395699589961e+01
3.873873873873873719e-01	-1.511840140614653549e+01	1.473245184715120537e+01
3.883883883883884058e-01	-1.233070940275257321e+01	1.197395671433834252e+01
3.893893893893893843e-01	-1.291571136074363935e+01	1.258850831988586627e+01
3.903903903903903627e-01	-1.217013998833124866e+01	1.187281015166407627e+01
3.913913913913913967e-01	-1.233669684454251225e+01	1.206953422840799028e+01
3.923923923923923751e-01	-1.203278994442505478e+01	1.179605873413337314e+01
3.933933933933934091e-01	-1.290851429420587415e+01	1.270244858279418132e+01
3.943943943943943875e-01	-1.136874671659870550e+01	1.119355027334683506e+01
3.953953953953953659e-01	-1.160077717777049422e+01	1.145662324670253440e+01
3.963963963963963999e-01	-9.509099327969261495e+00	9.396130456540188192e+00
3.973973973973973783e-01	-8.781482799273371498e+00	8.699810697410164551e+00
3.983983983983984123e-01	-7.551813656563552968e+00	7.501519086200186592e+00
3.993993993993993907e-01	-7.224996078030712532e+00	7.206128773246245345e+00
4.004004004004003692e-01	-8.062423535008312214e+00	8.075002152847051917e+00
4.014014014014014031e-01	-8.498143334073175126e+00	8.542155436095555388e+00
4.024024024024023816e-01	-5.989874025255828016e+00	6.065276089838228302e+00
4.034034034034034155e-01	-5.566837009280794391e+00	5.673554474652152457e+00
4.044044044044043940e-01	-7.337666093633172792e+00	7.475593431605825678e+00
4.054054054054054279e-01	-4.731530979520679914e+00	4.900531799842529068e+00
4.064064064064064064e-01	-3.754467013585907509e+00	3.954374198810712393e+00
4.074074074074073848e-01	-2.941304972242460014e+00	3.171920842984898847e+00
4.084084084084084187e-01	-2.276901644363682919e+00	2.537998154775771731e+00
4.094094094094093972e-01	-2.424641307727427364e+00	2.715960271002973769e+00
4.104104104104104311e-01	-2.225893097553298450e+00	2.547146441237441827e+00
4.114114114114114096e-01	4.179794894793007476e-01	-6.710943862797053017e-02
4.124124124124123880e-01	6.313092243494795586e-01	-2.511694262258845067e-01
4.134134134134134220e-01	6.015457685564890022e-01	-1.925121266157428512e-01
4.144144144144144004e-01	2.986367490022412863e+00	-2.548844479565509857e+00
4.154154154154154344e-01	2.880730618794425268e+00	-2.415150887000467428e+00
4.164164164164164128e-01	3.417909284240541190e+00	-2.924733222341067584e+00
4.174174174174173912e-01	3.972580019009022134e+00	-3.452295307027443805e+00
4.184184184184184252e-01	6.469400306485131757e+00	-5.922521430991504410e+00
4.194194194194194036e-01	7.791723487944100413e+00	-7.218791233302082055e+00
4.204204204204204376e-01	8.336157177171539701e+00	-7.737738090780612588e+00
4.214214214214214160e-01	8.509108071496799042e+00	-7.885793903558583118e+00
4.224224224224223945e-01	6.155441704829884841e+00	-5.507848823192491139e+00
4.234234234234234284e-01	7.673611875076343125e+00	-7.002380655735440662e+00
4.244244244244244069e-01	7.663918684615123489e+00	-6.969712878474401130e+00
4.254254254254254408e-01	8.513992373049577012e+00	-7.797498449566793610e+00
4.264264264264264193e-01	1.021403727426177888e+01	-9.475963742629440745e+00
4.274274274274273977e-01	7.082825397162278769e+00	-6.323902105694190645e+00
4.284284284284284317e-01	8.671636601989130000e+00	-7.892614016405639532e+00
4.294294294294294101e-01	1.033258679868846031e+01	-9.534235260014055413e+00
4.304304304304304440e-01	1.000807795088079999e+01	-9.191186913687895199e+00
4.314314314314314225e-01	9.078552473876388973e+00	-8.243929725628571958e+00
4.324324324324324564e-01	1.127101483426424799e+01	-1.041948569653093593e+01
4.334334334334334349e-01	1.143298547598193515e+01	-1.056539198831433346e+01
4.344344344344344133e-01	1.094862104984353657e+01	-1.006582113711891679e+01
4.354354354354354473e-01	1.275494255911213592e+01	-1.185780918316982202e+01
4.364364364364364257e-01	1.347145930660674473e+01	-1.256087960301471007e+01
4.374374374374374597e-01	1.339556993346644020e+01	-1.247244433427212762e+01
4.384384384384384381e-01	1.460808607994229291e+01	-1.367332742327514161e+01
4.394394394394394165e-01	1.393572595026282457e+01	-1.299025857766896230e+01
4.404404404404404505e-01	1.360153168201818374e+01	-1.264629052441989643e+01
4.414414414414414289e-01	1.291656333339159346e+01	-1.195249298657544301e+01
4.424424424424424629e-01	1.385552712483623772e+01	-1.288358091538400352e+01
4.434434434434434413e-01	1.390105662799628483e+01	-1.292219567058242369e+01
4.444444444444444198e-01	1.435373406932919060e+01	-1.336892631631698336e+01
4.454454454454454537e-01	1.361948766234325348e+01	-1.262970694661946958e+01
4.464464464464464322e-01	1.420273954662063254e+01	-1.320896461861520876e+01
4.474474474474474661e-01	1.385497934027563716e+01	-1.285819290011860261e+01
4.484484484484484446e-01	1.389711977622089201e+01	-1.289830750199362264e+01
4.494494494494494230e-01	1.454732349712584316e+01	-1.354747307016754299e+01
4.504504504504504570e-01	1.373431107319760613e+01	-1.273441120143085747e+01
4.514514514514514354e-01	1.510348617035484864e+01	-1.410452561059602061e+01
4.524524524524524693e-01	1.605166068759087850e+01	-1.505462726781218841e+01
4.534534534534534478e-01	1.633853168951869606e+01	-1.534441133202875740e+01
4.544544544544544262e-01	1.651908261695247759e+01	-1.552885836346127846e+01
4.554554554554554602e-01	1.853822421202844595e+01	-1.755287525156082751e+01
4.564564564564564386e-01	1.728093304421791743e+01	-1.630143374483679963e+01
4.574574574574574726e-01	1.521183614267672723e+01	-1.423915508797356644e+01
4.584584584584584510e-01	1.682923310108379056e+01	-1.586433213238905182e+01
4.594594594594594295e-01	1.699656143243529272e+01	-1.604039469769604054e+01
4.604604604604604634e-01	1.643777311098001803e+01	-1.549128612124516557e+01
4.614614614614614418e-01	1.555352477526813182e+01	-1.461765346971431967e+01
4.624624624624624758e-01	1.575296571749598229e+01	-1.482863553791867339e+01
4.634634634634634542e-01	1.593282797527067984e+01	-1.502095295095564609e+01
4.644644644644644327e-01	1.524422629999084400e+01	-1.434570814387097570e+01
4.654654654654654666e-01	1.801628988656945296e+01	-1.713201710356067409e+01
4.664664664664664451e-01	1.576539521590358817e+01	-1.489624222430158795e+01
4.674674674674674790e-01	1.555021708965034044e+01	-1.469704335645694826e+01
4.684684684684684575e-01	1.364429150270293256e+01	-1.280794069373715516e+01
4.694694694694694914e-01	1.499445501627186950e+01	-1.417575416190604187e+01
4.704704704704704699e-01	1.273217010335953070e+01	-1.193192878070549767e+01
4.714714714714714483e-01	1.322578241842845870e+01	-1.244479195078253930e+01
4.724724724724724823e-01	1.344408104029909801e+01	-1.268311371463743065e+01
4.734734734734734607e-01	1.298571117965142641e+01	-1.224551948294948112e+01
4.744744744744744946e-01	1.499414721154905905e+01	-1.427546308668052077e+01
4.754754754754754731e-01	1.493706311150340760e+01	-1.424059723345418504e+01
4.764764764764764515e-01	1.507276506936164573e+01	-1.439920614247477992e+01
4.774774774774774855e-01	1.292532448874247741e+01	-1.227533856568883053e+01
4.784784784784784639e-01	1.426147750100730249e+01	-1.363570732415549536e+01
4.794794794794794979e-01	1.360908407339214143e+01	-1.300814843922901787e+01
4.804804804804804763e-01	1.309001748080522098e+01	-1.251451062803532999e+01
4.814814814814814548e-01	1.343245786647120887e+01	-1.288294888840040109e+01
4.824824824824824887e-01	1.224059919286744069e+01	-1.171763147465163790e+01
4.834834834834834671e-01	1.202165846617991640e+01	-1.152574914749552626e+01
4.844844844844845011e-01	1.281730744662623955e+01	-1.234894691029357894e+01
4.854854854854854795e-01	9.433573649704996456e+00	-8.993225036770377656e+00
4.864864864864864580e-01	1.262289685906808678e+01	-1.221099561082409224e+01
4.874874874874874919e-01	1.191967512691757491e+01	-1.153662855431440626e+01
4.884884884884884704e-01	1.105084794933520698e+01	-1.069703483020886736e+01
4.894894894894895043e-01	1.105095405289077348e+01	-1.072672425740640101e+01
4.904904904904904828e-01	8.690948986778760599e+00	-8.396623131459477918e+00
4.914914914914914612e-01	8.909505687192007528e+00	-8.645374817875399742e+00
4.924924924924924952e-01	1.003545870298239429e+01	-9.801784007018142120e+00
4.934934934934934736e-01	1.089496412658097313e+01	-1.069197667455421019e+01
4.944944944944945076e-01	1.206933565636316352e+01	-1.189723617359899421e+01
4.954954954954954860e-01	1.078184150779813244e+01	-1.064080017587321159e+01
4.964964964964965199e-01	8.430390226082256078e+00	-8.320546514539755023e+00
4.974974974974974984e-01	1.043283825469313975e+01	-1.035430078312746893e+01
4.984984984984984768e-01	7.331934706213810493e+00	-7.284781136861503192e+00
4.994994994994995108e-01	7.186299570226376332e+00	-7.170576531169335688e+00
5.005005005005005447e-01	6.810647657508822839e+00	-6.826370696565864371e+00
5.015015015015015232e-01	5.657432210099243797e+00	-5.704585779451550209e+00
5.025025025025025016e-01	6.520826129670647120e+00	-6.599363601236316157e+00
5.035035035035034801e-01	4.749500224835538020e+00	-4.859343936378037299e+00
5.045045045045044585e-01	3.936229918170115916e+00	-4.077271250095033217e+00
5.055055055055055480e-01	2.887424716916438427e+00	-3.059524199680607293e+00
5.065065065065065264e-01	9.023732339279451065e-01	-1.105360685954706712e+00
5.075075075075075048e-01	2.541802962978833014e-01	-4.878549922621344681e-01
5.085085085085084833e-01	-2.100359181860320668e-01	-5.409495113057327664e-02
5.095095095095094617e-01	1.067408388494399452e+00	-1.361734243813680578e+00
5.105105105105105512e-01	1.364225717671843308e+00	-1.688455513156215559e+00
5.115115115115115296e-01	1.142703556138379817e+00	-1.496516675264718321e+00
5.125125125125125081e-01	-1.712291097318527022e+00	1.329244524715361031e+00
5.135135135135134865e-01	-3.206412211817011304e+00	2.794510963573021645e+00
5.145145145145144649e-01	-3.099076291518003234e+00	2.658727678583384879e+00
5.155155155155155544e-01	-2.678318275479850019e+00	2.209957739147188960e+00
5.165165165165165329e-01	-2.702049545647223106e+00	2.206140226962834294e+00
5.175175175175175113e-01	-2.842946019144195979e+00	2.319978300928395409e+00
5.185185185185184897e-01	-4.138120282762318247e+00	3.588611304691512238e+00
5.195195195195194682e-01	-3.940011524546900734e+00	3.364504671777011957e+00
5.205205205205205576e-01	-5.764131966831318898e+00	5.163196332668195332e+00
5.215215215215215361e-01	-6.771091923048237149e+00	6.145321746196431789e+00
5.225225225225225145e-01	-8.097662281227044900e+00	7.447676358173399791e+00
5.235235235235234930e-01	-7.997199572076638674e+00	7.323640645189772869e+00
5.245245245245244714e-01	-7.609179024377862532e+00	6.912713146328642644e+00
5.255255255255255609e-01	-9.189283161945185796e+00	8.470599037076647519e+00
5.265265265265265393e-01	-8.133138424899398089e+00	7.392946728197455464e+00
5.275275275275275177e-01	-8.159831611307437171e+00	7.398864285645768923e+00
5.285285285285284962e-01	-1.173269332991131009e+01	1.095170286226539247e+01
5.295295295295294746e-01	-9.651233622813688129e+00	8.850992300159656878e+00
5.305305305305305641e-01	-1.263104070935556678e+01	1.181233985498973915e+01
5.315315315315315425e-01	-1.082473331771137559e+01	9.988382508745599964e+00
5.325325325325325210e-01	-1.079939362390033075e+01	9.946219890706938571e+00
5.335335335335334994e-01	-1.492960332188812345e+01	1.406045033028612501e+01
5.345345345345344779e-01	-1.964694495641754202e+01	1.876267217340876670e+01
5.355355355355355673e-01	-2.194362122008521254e+01	2.104510306396534602e+01
5.365365365365365458e-01	-2.424196347960326392e+01	2.333008845528823016e+01
5.375375375375375242e-01	-2.491194870753608015e+01	2.398761852795877303e+01
5.385385385385385026e-01	-2.508777030211323478e+01	2.415189899655942440e+01
5.395395395395394811e-01	-2.578607177484830260e+01	2.483958478511345191e+01
5.405405405405405705e-01	-2.657301418095285683e+01	2.561684744621360466e+01
5.415415415415415490e-01	-2.956214748040961027e+01	2.859724651171487153e+01
5.425425425425425274e-01	-3.071012261875728910e+01	2.973744156405413008e+01
5.435435435435435059e-01	-2.967248941734856871e+01	2.869299011796745447e+01
5.445445445445444843e-01	-3.317656764692006988e+01	3.219121868645245144e+01
5.455455455455455738e-01	-3.421327897702309428e+01	3.322305472353189515e+01
5.465465465465465522e-01	-3.268866333302914029e+01	3.169454297553919986e+01
5.475475475475475307e-01	-3.642909456198330531e+01	3.543206114220461700e+01
5.485485485485485091e-01	-3.327967774707300919e+01	3.228071718731418116e+01
5.495495495495495986e-01	-3.573350012812001353e+01	3.473360025635326309e+01
5.505505505505505770e-01	-3.511853480844212783e+01	3.411868438148382410e+01
5.515515515515515554e-01	-3.633330475149902128e+01	3.533449247727175191e+01
5.525525525525525339e-01	-3.665992986530800835e+01	3.566314342515097735e+01
5.535535535535535123e-01	-3.650812449688855565e+01	3.551434956888313366e+01
5.545545545545546018e-01	-3.834298485331140682e+01	3.735320413758762470e+01
5.555555555555555802e-01	-3.497141312163571314e+01	3.398660536862350767e+01
5.565565565565565587e-01	-3.975211883489116360e+01	3.877325787747729890e+01
5.575575575575575371e-01	-3.941558154362923716e+01	3.844363533417700296e+01
5.585585585585585155e-01	-4.168223570303759828e+01	4.071816535622144784e+01
5.595595595595596050e-01	-4.123394797619934593e+01	4.027870681860105861e+01
5.605605605605605835e-01	-3.777106581336994395e+01	3.682559844077608346e+01
5.615615615615615619e-01	-3.917666140491179050e+01	3.824190274824464097e+01
5.625625625625625403e-01	-3.890926175949894628e+01	3.798613616030463191e+01
5.635635635635635188e-01	-4.151609761468942850e+01	4.060551791109739384e+01
5.645645645645646082e-01	-4.138548850055531858e+01	4.048835512461300823e+01
5.655655655655655867e-01	-4.085120934145991356e+01	3.996840942873529201e+01
5.665665665665665651e-01	-3.959315103662464708e+01	3.872555754895704183e+01
5.675675675675675436e-01	-3.874196667459733590e+01	3.789043753686402027e+01
5.685685685685685220e-01	-4.021591270452451994e+01	3.938128995627670292e+01
5.695695695695696115e-01	-3.907393928149858908e+01	3.825704824430568607e+01
5.705705705705705899e-01	-3.828355443839084415e+01	3.748520289971644104e+01
5.715715715715715683e-01	-4.183536520055498187e+01	4.105634261497149140e+01
5.725725725725725468e-01	-3.838098679182554918e+01	3.762206350035746283e+01
5.735735735735735252e-01	-3.794294966819168025e+01	3.720487613655934211e+01
5.745745745745746147e-01	-3.679439296200067133e+01	3.607789903851789148e+01
5.755755755755755931e-01	-3.747729596556788323e+01	3.678309015942716087e+01
5.765765765765765716e-01	-3.808270008064376100e+01	3.741146886130285765e+01
5.775775775775775500e-01	-3.948682356075819655e+01	3.883923067912080285e+01
5.785785785785785285e-01	-3.827069751951783871e+01	3.764738335157962013e+01
5.795795795795796179e-01	-3.549510114116346671e+01	3.489668205477254048e+01
5.805805805805805964e-01	-3.958242025590786284e+01	3.900948800126584359e+01
5.815815815815815748e-01	-3.679841158800847722e+01	3.625153271251485165e+01
5.825825825825825532e-01	-3.743632682597332462e+01	3.691604211399174318e+01
5.835835835835835317e-01	-3.379174908864874993e+01	3.329857302674927411e+01
5.845845845845846211e-01	-3.380956710918057695e+01	3.334398737738661822e+01
5.855855855855855996e-01	-3.504224426946762350e+01	3.460472125901071649e+01
5.865865865865865780e-01	-3.425822425188711406e+01	3.384919060994636908e+01
5.875875875875875565e-01	-3.282055246713338192e+01	3.244041266900978115e+01
5.885885885885885349e-01	-3.139607823928275465e+01	3.104520818843142038e+01
5.895895895895896244e-01	-3.419947664198373616e+01	3.387822329829959500e+01
5.905905905905906028e-01	-3.064634943808931666e+01	3.035503047481376981e+01
5.915915915915915813e-01	-2.971179376876063927e+01	2.945069725834855134e+01
5.925925925925925597e-01	-2.988284169051884831e+01	2.965222581977640814e+01
5.935935935935935381e-01	-3.038331327568689488e+01	3.018340609046208556e+01
5.945945945945946276e-01	-2.856574492603721183e+01	2.839674410571536001e+01
5.955955955955956060e-01	-2.756214030354566802e+01	2.742421296557301602e+01
5.965965965965965845e-01	-2.588689284715416505e+01	2.578017538178280432e+01
5.975975975975975629e-01	-2.482156203438951891e+01	2.474615996980711685e+01
5.985985985985985414e-01	-2.561027736747608685e+01	2.556626526545370126e+01
5.995995995995996308e-01	-2.461795571472437061e+01	2.460537709688563268e+01
6.006006006006006093e-01	-2.537275304753925198e+01	2.539162035232372006e+01
6.016016016016015877e-01	-2.181128591456220889e+01	2.186158048492557526e+01
6.026026026026025662e-01	-2.132838330363420454e+01	2.141005540549740971e+01
6.036036036036035446e-01	-1.896782795662550924e+01	1.908079682805457722e+01
6.046046046046046341e-01	-2.100605469499612710e+01	2.115020862606408869e+01
6.056056056056056125e-01	-1.798189947968377567e+01	1.815709592293564612e+01
6.066066066066065909e-01	-1.586520072041449581e+01	1.607126643182618864e+01
6.076076076076075694e-01	-1.601930345468853290e+01	1.625603466498020921e+01
6.086086086086086588e-01	-1.409408287073572730e+01	1.436124548687024749e+01
6.096096096096096373e-01	-1.290471523554799838e+01	1.320204507221517254e+01
6.106106106106106157e-01	-1.357297185219430879e+01	1.390017489305208009e+01
6.116116116116115942e-01	-1.288120725191642357e+01	1.323795994033065426e+01
6.126126126126125726e-01	-1.009098503008923586e+01	1.047693458908456066e+01
6.136136136136136621e-01	-7.341156465814626664e+00	7.755921246920035372e+00
6.146146146146146405e-01	-3.980692640218562062e+00	4.423862500862688840e+00
6.156156156156156189e-01	-2.337721344045820882e+00	2.808858053128838073e+00
6.166166166166165974e-01	-1.241626141441905862e+00	1.740263812682895317e+00
6.176176176176175758e-01	7.319862612248482225e-01	-2.063407085935278218e-01
6.186186186186186653e-01	4.911628967148834235e+00	-4.359495320795762296e+00
6.196196196196196437e-01	2.762651840652335267e+00	-2.184576081151964111e+00
6.206206206206206222e-01	5.851396134015614869e+00	-5.247949894952189887e+00
6.216216216216216006e-01	6.585458190381054955e+00	-5.957238193085414579e+00
6.226226226226225791e-01	8.020431606043528561e+00	-7.368059069521738280e+00
6.236236236236236685e-01	9.850656858874803135e+00	-9.174776885512123670e+00
6.246246246246246470e-01	1.091654858879166845e+01	-1.021782952643930109e+01
6.256256256256256254e-01	1.191080438505065686e+01	-1.118993716612607336e+01
6.266266266266266038e-01	1.387578542326682474e+01	-1.313348288152121768e+01
6.276276276276275823e-01	1.840907311574985883e+01	-1.764606928137833108e+01
6.286286286286286717e-01	1.817211631270362915e+01	-1.738916568649516492e+01
6.296296296296296502e-01	2.060129573491077792e+01	-1.979917254215573408e+01
6.306306306306306286e-01	2.117245750066887311e+01	-2.035195492556178820e+01
6.316316316316316071e-01	2.263065483953242563e+01	-2.179258424082719969e+01
6.326326326326325855e-01	2.595103535401154460e+01	-2.509622546270461996e+01
6.336336336336336750e-01	2.599620994070923530e+01	-2.512550604054410641e+01
6.346346346346346534e-01	2.688061583261588439e+01	-2.599487892421935697e+01
6.356356356356356319e-01	3.030910565917687194e+01	-2.940921160865355333e+01
6.366366366366366103e-01	3.072232372624500130e+01	-2.980916239907201870e+01
6.376376376376375887e-01	3.211747036020973667e+01	-3.119194474128805794e+01
6.386386386386386782e-01	3.333091334563737718e+01	-3.239393864636993925e+01
6.396396396396396566e-01	3.586634516055292465e+01	-3.491884791383249365e+01
6.406406406406406351e-01	3.532057373905152531e+01	-3.436349088305325239e+01
6.416416416416416135e-01	3.810089427249582883e+01	-3.713517222418047226e+01
6.426426426426425920e-01	3.927968463086044437e+01	-3.830627835010444215e+01
6.436436436436436814e-01	3.669680619619398954e+01	-3.571667824147181136e+01
6.446446446446446599e-01	3.751886526057480609e+01	-3.653298483712740818e+01
6.456456456456456383e-01	3.794845592493729214e+01	-3.695779792636785999e+01
6.466466466466466168e-01	4.070488298614621669e+01	-3.971042703039093880e+01
6.476476476476475952e-01	4.071285750995672004e+01	-3.971558697058388532e+01
6.486486486486486847e-01	4.066864649373661678e+01	-3.966954752753193247e+01
6.496496496496496631e-01	4.430078711087373478e+01	-4.330084768267344231e+01
6.506506506506506415e-01	4.526784111698579949e+01	-4.426805002272187295e+01
6.516516516516516200e-01	4.180370913366724750e+01	-4.080505502259079265e+01
6.526526526526525984e-01	4.277482596810199311e+01	-4.177829636515165390e+01
6.536536536536536879e-01	4.377425346033852094e+01	-4.278083378962070782e+01
6.546546546546546663e-01	4.409808500906257223e+01	-4.310875761940907580e+01
6.556556556556556448e-01	4.551641241297011220e+01	-4.453215560653674032e+01
6.566566566566566232e-01	4.545410704616367070e+01	-4.447589411103046331e+01
6.576576576576576016e-01	4.326355368015855163e+01	-4.229235192788817699e+01
6.586586586586586911e-01	4.404152875118710142e+01	-4.307829856029319160e+01
6.596596596596596696e-01	4.333979340818613224e+01	-4.238548727445738251e+01
6.606606606606606480e-01	4.224830784969440600e+01	-4.130386944431357676e+01
6.616616616616616264e-01	4.175013957599232128e+01	-4.081650281238147215e+01
6.626626626626626049e-01	4.303880053365774927e+01	-4.211688864397252274e+01
6.636636636636636943e-01	4.210919548907919818e+01	-4.119992011126530684e+01
6.646646646646646728e-01	4.006325440672304694e+01	-3.916751468303779404e+01
6.656656656656656512e-01	3.929159035824638124e+01	-3.841027204613657631e+01
6.666666666666666297e-01	3.829948750746024899e+01	-3.743346210367580795e+01
6.676676676676676081e-01	3.883200026989405274e+01	-3.798212414870336318e+01
6.686686686686686976e-01	3.563207401077559666e+01	-3.479918757713482336e+01
6.696696696696696760e-01	3.827781793312588832e+01	-3.746274479163962923e+01
6.706706706706706544e-01	3.709371801539231939e+01	-3.629726415588739030e+01
6.716716716716716329e-01	3.326256111995378717e+01	-3.248551412047149967e+01
6.726726726726726113e-01	3.114318547290200456e+01	-3.038631372089701088e+01
6.736736736736737008e-01	3.106867921346697514e+01	-3.033273114598287279e+01
6.746746746746746792e-01	3.013014067754883030e+01	-2.941584404112180806e+01
6.756756756756756577e-01	2.977129254597508634e+01	-2.907935367699753826e+01
6.766766766766766361e-01	2.948805936277208062e+01	-2.881916248902773958e+01
6.776776776776777256e-01	3.074960797277580582e+01	-3.010441453683711188e+01
6.786786786786787040e-01	3.112378387260020318e+01	-3.050293187775696069e+01
6.796796796796796825e-01	2.987334584903856438e+01	-2.927744922840466657e+01
6.806806806806806609e-01	2.755638119050383139e+01	-2.698602919992592675e+01
6.816816816816816393e-01	2.894035053169826810e+01	-2.839610716706668825e+01
6.826826826826827288e-01	2.967757710092786638e+01	-2.915998054046598753e+01
6.836836836836837072e-01	2.997078302046190501e+01	-2.948034509254548396e+01
6.846846846846846857e-01	2.832010829242744521e+01	-2.785731396946014371e+01
6.856856856856856641e-01	2.429389777882118651e+01	-2.385920469766679020e+01
6.866866866866866426e-01	2.956185246877026174e+01	-2.915569047821578863e+01
6.876876876876877320e-01	2.430656886161997221e+01	-2.392933959731720250e+01
6.886886886886887105e-01	2.421571520961893498e+01	-2.386779169692465175e+01
6.896896896896896889e-01	2.723603352906402719e+01	-2.691775981417171693e+01
6.906906906906906674e-01	2.565892438213773019e+01	-2.537061519186550740e+01
6.916916916916916458e-01	2.581652974953707513e+01	-2.555847018010822325e+01
6.926926926926927353e-01	2.081714035770750826e+01	-2.058958559283142620e+01
6.936936936936937137e-01	1.968270419609624611e+01	-1.948587925462853931e+01
6.946946946946946921e-01	1.854158608071362124e+01	-1.837568559414490821e+01
6.956956956956956706e-01	1.984856562950320225e+01	-1.971375364949661702e+01
6.966966966966966490e-01	1.902239814231505832e+01	-1.891880797848281759e+01
6.976976976976977385e-01	1.849379857493245538e+01	-1.842153266301186676e+01
6.986986986986987169e-01	1.886602405270285843e+01	-1.882515385326214385e+01
6.996996996996996954e-01	1.893272566885024233e+01	-1.892329159662434535e+01
7.007007007007006738e-01	1.437070822154891481e+01	-1.439271960547514162e+01
7.017017017017016522e-01	1.298828062726159338e+01	-1.304171570125464896e+01
7.027027027027027417e-01	1.037940698977612008e+01	-1.046421291425162892e+01
7.037037037037037202e-01	1.001420641691177238e+01	-1.013029933103700486e+01
7.047047047047046986e-01	7.967275783083487717e+00	-8.114540887703629579e+00
7.057057057057056770e-01	1.025166989061744971e+01	-1.042996156177542488e+01
7.067067067067066555e-01	7.941603675713846400e+00	-8.150745608651410734e+00
7.077077077077077449e-01	5.248110985112017346e+00	-5.487896368609752606e+00
7.087087087087087234e-01	5.089449821522180173e+00	-5.359641542405963577e+00
7.097097097097097018e-01	3.777954035990031656e+00	-4.078284913601781803e+00
7.107107107107106803e-01	3.654444058197851231e+00	-3.984617108598686119e+00
7.117117117117116587e-01	1.944854479538594916e+00	-2.304543209183127495e+00
7.127127127127127482e-01	4.563832809255532474e-01	-8.452320095169425507e-01
7.137137137137137266e-01	-8.695201312273592720e-01	4.518959190208918786e-01
7.147147147147147050e-01	-2.085709557854346308e+00	1.639722832169271172e+00
7.157157157157156835e-01	-4.774422848072386927e+00	4.300514625481945963e+00
7.167167167167166619e-01	-8.127147551905656186e+00	7.625786459318053545e+00
7.177177177177177514e-01	-8.351392772856296887e+00	7.823074584110243812e+00
7.187187187187187298e-01	-6.272214618189864588e+00	5.717461763805747665e+00
7.197197197197197083e-01	-8.668014888901415915e+00	8.087375939472812192e+00
7.207207207207206867e-01	-1.117197514334752384e+01	1.056602426708397857e+01
7.217217217217216652e-01	-1.271521216039316116e+01	1.208454855535060446e+01
7.227227227227227546e-01	-1.275519071311330066e+01	1.210043801467356417e+01
7.237237237237237331e-01	-1.551237565538156993e+01	1.483418131956690367e+01
7.247247247247247115e-01	-2.792154068235076991e+01	2.722057534558317471e+01
7.257257257257256899e-01	-3.483924385978243521e+01	3.411620067572092552e+01
7.267267267267266684e-01	-4.050874341870642326e+01	3.976433737281800518e+01
7.277277277277277578e-01	-4.043204699200069285e+01	3.966701419454280142e+01
7.287287287287287363e-01	-4.577473487993592727e+01	4.498983183804952546e+01
7.297297297297297147e-01	-4.956781922808300322e+01	4.876382209771606568e+01
7.307307307307306932e-01	-6.009883778526496201e+01	5.927654160366615343e+01
7.317317317317316716e-01	-6.846870318682229595e+01	6.762892108636376065e+01
7.327327327327327611e-01	-7.363883527011181229e+01	7.278239767421847262e+01
7.337337337337337395e-01	-8.344807994611380764e+01	8.257583374809432541e+01
7.347347347347347180e-01	-7.998357810695424064e+01	7.909638583254563571e+01
7.357357357357356964e-01	-9.058700786941156480e+01	8.968574682386561392e+01
7.367367367367367859e-01	-9.285919120711767505e+01	9.194475260767251257e+01
7.377377377377377643e-01	-9.921533540701875609e+01	9.828862350161347194e+01
7.387387387387387427e-01	-1.016196640594841512e+02	1.006815952325879806e+02
7.397397397397397212e-01	-1.114094207764557609e+02	1.104609226428959659e+02
7.407407407407406996e-01	-1.177062738309981995e+02	1.167482843186827068e+02
7.417417417417417891e-01	-1.219425067091771524e+02	1.209759731316191136e+02
7.427427427427427675e-01	-1.177103948020625666e+02	1.167362729216238364e+02
7.437437437437437460e-01	-1.249813994975619096e+02	1.240006525803418640e+02
7.447447447447447244e-01	-1.289587393945233771e+02	1.279723372578276610e+02
7.457457457457457028e-01	-1.285461335722940532e+02	1.275550516256250404e+02
7.467467467467467923e-01	-1.302946546971757300e+02	1.292998729776931555e+02
7.477477477477477708e-01	-1.310297084031552970e+02	1.300322106065607954e+02
7.487487487487487492e-01	-1.389774267312358518e+02	1.379781992390397818e+02
7.497497497497497276e-01	-1.349193593472825512e+02	1.339193902514147965e+02
7.507507507507507061e-01	-1.323991105164583644e+02	1.313993886421879722e+02
7.517517517517517955e-01	-1.380097705008883793e+02	1.370112844290178487e+02
7.527527527527527740e-01	-1.407044118239243176e+02	1.397081489132257559e+02
7.537537537537537524e-01	-1.393233992754081498e+02	1.383303446862677788e+02
7.547547547547547309e-01	-1.437760731559710337e+02	1.427872088762075862e+02
7.557557557557557093e-01	-1.411668490165237699e+02	1.401831528903441608e+02
7.567567567567567988e-01	-1.385875903684330979e+02	1.376100351294854249e+02
7.577577577577577772e-01	-1.412869486900135882e+02	1.403165009994937975e+02
7.587587587587587556e-01	-1.388766548589842387e+02	1.379142743497476147e+02
7.597597597597597341e-01	-1.521986640026528619e+02	1.512453023302754218e+02
7.607607607607607125e-01	-1.473549662540038696e+02	1.464115661557322881e+02
7.617617617617618020e-01	-1.484417058413981465e+02	1.475092002039184251e+02
7.627627627627627804e-01	-1.430643996852648456e+02	1.421437106222119837e+02
7.637637637637637589e-01	-1.435597993844347684e+02	1.426518373245552311e+02
7.647647647647647373e-01	-1.384972832366062505e+02	1.376029460234752264e+02
7.657657657657657158e-01	-1.395630296239678501e+02	1.386832016281514086e+02
7.667667667667668052e-01	-1.358552565858394985e+02	1.349908078303796231e+02
7.677677677677677837e-01	-1.405301745637675026e+02	1.396819598638547006e+02
7.687687687687687621e-01	-1.332475691816482026e+02	1.324164272993324971e+02
7.697697697697697405e-01	-1.324779920334175358e+02	1.316647448481938056e+02
7.707707707707707190e-01	-1.350451472670819442e+02	1.342505989631694945e+02
7.717717717717718084e-01	-1.338557907605515709e+02	1.330807270316719837e+02
7.727727727727727869e-01	-1.383219197438488663e+02	1.375671070162880767e+02
7.737737737737737653e-01	-1.305838969561492604e+02	1.298500816308725234e+02
7.747747747747747438e-01	-1.316670161084778954e+02	1.309549238230468688e+02
7.757757757757757222e-01	-1.388183070265644972e+02	1.381286419375862238e+02
7.767767767767768117e-01	-1.314264546454153617e+02	1.307598987322329833e+02
7.777777777777777901e-01	-1.322232302425138357e+02	1.315804426328272996e+02
7.787787787787787686e-01	-1.412807028962958498e+02	1.406623192143796359e+02
7.797797797797797470e-01	-1.385489915411512527e+02	1.379556232793136417e+02
7.807807807807807254e-01	-1.335023041426817372e+02	1.329345380565870300e+02
7.817817817817818149e-01	-1.324362246993501913e+02	1.318946222278019889e+02
7.827827827827827933e-01	-1.260651435259572253e+02	1.255502402357164158e+02
7.837837837837837718e-01	-1.291149941265605321e+02	1.286272991827468957e+02
7.847847847847847502e-01	-1.190754280967350809e+02	1.186154237593364655e+02
7.857857857857857287e-01	-1.146936192147768736e+02	1.142617603617635780e+02
7.867867867867868181e-01	-1.107284352939979470e+02	1.103251489715139684e+02
7.877877877877877966e-01	-1.086923810626841913e+02	1.083180660627601668e+02
7.887887887887887750e-01	-1.110186543265413377e+02	1.106736807927467510e+02
7.897897897897897534e-01	-1.092677111528365401e+02	1.089524202142610392e+02
7.907907907907907319e-01	-1.052930670537685529e+02	1.050077704876945006e+02
7.917917917917918214e-01	-1.011645282978892908e+02	1.009095082214889771e+02
7.927927927927927998e-01	-1.009980542007698858e+02	1.007735627921323101e+02
7.937937937937937782e-01	-9.751863169597018555e+01	9.732489094473328350e+01
7.947947947947947567e-01	-9.718034799436277638e+01	9.701754948219767982e+01
7.957957957957957351e-01	-9.456315106354632860e+01	9.443145577471069885e+01
7.967967967967968246e-01	-8.972713215242583829e+01	8.962667031457367273e+01
7.977977977977978030e-01	-8.686658329257124933e+01	8.679745424797646081e+01
7.987987987987987815e-01	-8.419763152338896361e+01	8.415990363071024660e+01
7.997997997997997599e-01	-8.165489702728814336e+01	8.164860759397207346e+01
8.008008008008007383e-01	-6.536820265848922418e+01	6.539335790387859504e+01
8.018018018018018278e-01	-5.847100499645248561e+01	5.852758004563627736e+01
8.028028028028028062e-01	-5.352216000105190119e+01	5.361009890946296252e+01
8.038038038038037847e-01	-4.494141125877062137e+01	4.506062706750679325e+01
8.048048048048047631e-01	-3.592582841255956083e+01	3.607620323437349441e+01
8.058058058058058526e-01	-3.494261473612392166e+01	3.512399987199657403e+01
8.068068068068068310e-01	-3.001440294075510451e+01	3.022661902693761249e+01
8.078078078078078095e-01	-2.747447701985151625e+01	2.771731420523010314e+01
8.088088088088087879e-01	-2.469393631592228289e+01	2.496715446953074746e+01
8.098098098098097664e-01	-2.054236580109985866e+01	2.084569474957448421e+01
8.108108108108108558e-01	-1.799350660591428053e+01	1.832664640065633677e+01
8.118118118118118343e-01	-1.173244567761060964e+01	1.209506689139227475e+01
8.128128128128128127e-01	-4.425824588753332733e+00	4.817568641473730651e+00
8.138138138138137911e-01	1.909647534732541008e+00	-1.489168021463327829e+00
8.148148148148147696e-01	9.451191779071379528e+00	-9.002392598870919471e+00
8.158158158158158590e-01	2.364008901671195062e+01	-2.316341396726552304e+01
8.168168168168168375e-01	2.503820708042944432e+01	-2.453412752463811941e+01
8.178178178178178159e-01	4.012000659081642340e+01	-3.958902099068710356e+01
8.188188188188187944e-01	3.621071333863058328e+01	-3.565334676236894040e+01
8.198198198198197728e-01	4.457877360243424647e+01	-4.399557720522797410e+01
8.208208208208208623e-01	5.227980672566220477e+01	-5.167135720466799143e+01
8.218218218218218407e-01	5.680997377259618730e+01	-5.617687279666936462e+01
8.228228228228228192e-01	6.167975693118748381e+01	-6.102263054591829672e+01
8.238238238238237976e-01	6.587021850053488947e+01	-6.518971650917963245e+01
8.248248248248247760e-01	7.084345770059590564e+01	-7.014025302151522112e+01
8.258258258258258655e-01	7.239660568883991232e+01	-7.167139369007951188e+01
8.268268268268268439e-01	7.527378584815973284e+01	-7.452728365983168146e+01
8.278278278278278224e-01	8.819561554033454343e+01	-8.742856134547893987e+01
8.288288288288288008e-01	9.748879377748490072e+01	-9.670194608211330944e+01
8.298298298298297793e-01	9.564390677692105669e+01	-9.483804365996338959e+01
8.308308308308308687e-01	9.996060405038576846e+01	-9.913652239428240875e+01
8.318318318318318472e-01	1.059569709208754489e+02	-1.051154856235753954e+02
8.328328328328328256e-01	1.093652246304392577e+02	-1.085071677995835699e+02
8.338338338338338041e-01	1.182786682063341033e+02	-1.174048883364213793e+02
8.348348348348347825e-01	1.225820707295363263e+02	-1.216934318628839691e+02
8.358358358358358720e-01	1.312193264788791112e+02	-1.303167073512100842e+02
8.368368368368368504e-01	1.288158860406919644e+02	-1.279001792121918015e+02
8.378378378378378288e-01	1.283013756150652398e+02	-1.273734865877687241e+02
8.388388388388388073e-01	1.357623860783473617e+02	-1.348232324007275906e+02
8.398398398398397857e-01	1.383635402270891746e+02	-1.374140505867343620e+02
8.408408408408408752e-01	1.366187541233571210e+02	-1.356598674286324808e+02
8.418418418418418536e-01	1.401435174714024754e+02	-1.391761819230051742e+02
8.428428428428428321e-01	1.416115057081247812e+02	-1.406366778614502380e+02
8.438438438438438105e-01	1.546657801160079373e+02	-1.536844239352543866e+02
8.448448448448447889e-01	1.573417326392246878e+02	-1.563548185441715361e+02
8.458458458458458784e-01	1.588206317154727287e+02	-1.578291356218753378e+02
8.468468468468468568e-01	1.641548704278707760e+02	-1.631597727824205037e+02
8.478478478478478353e-01	1.664377084006795542e+02	-1.654399932114832836e+02
8.488488488488488137e-01	1.678346913369025799e+02	-1.668353452004405995e+02
8.498498498498497922e-01	1.724972853093609615e+02	-1.714972964348852429e+02
8.508508508508508816e-01	1.632053321859458777e+02	-1.622056894182836402e+02
8.518518518518518601e-01	1.610108225134160023e+02	-1.600125143551447309e+02
8.528528528528528385e-01	1.547662553823205656e+02	-1.537702690162814747e+02
8.538538538538538170e-01	1.466910266626745454e+02	-1.456983469757910257e+02
8.548548548548547954e-01	1.463926938534822000e+02	-1.454043024628487331e+02
8.558558558558558849e-01	1.453602399263893972e+02	-1.443771142085936958e+02
8.568568568568568633e-01	1.369670414238475757e+02	-1.359901535484860915e+02
8.578578578578578417e-01	1.370933147271329915e+02	-1.361236306954752990e+02
8.588588588588588202e-01	1.360679329667026991e+02	-1.351064116564555775e+02
8.598598598598597986e-01	1.367517450877365661e+02	-1.357993373048521164e+02
8.608608608608608881e-01	1.386590581238848188e+02	-1.377167056623505061e+02
8.618618618618618665e-01	1.413631830466102315e+02	-1.404318177571503838e+02
8.628628628628628450e-01	1.423033054405713074e+02	-1.413838483091811042e+02
8.638638638638638234e-01	1.409422129550771388e+02	-1.400355731923002622e+02
8.648648648648649129e-01	1.403774288763869720e+02	-1.394845030182374046e+02
8.658658658658658913e-01	1.349957122951604447e+02	-1.341173833165776728e+02
8.668668668668668698e-01	1.357201160108457145e+02	-1.348572524525597771e+02
8.678678678678678482e-01	1.330321549887562469e+02	-1.321856100984261957e+02
8.688688688688688266e-01	1.197026603863373566e+02	-1.188732712748122680e+02
8.698698698698699161e-01	1.215065083417331522e+02	-1.206950951552702804e+02
8.708708708708708945e-01	1.244319907748926255e+02	-1.236393558841509446e+02
8.718718718718718730e-01	1.174086425615112432e+02	-1.166355697681225223e+02
8.728728728728728514e-01	1.170248134379269374e+02	-1.162720671994289887e+02
8.738738738738738299e-01	1.144496094765007257e+02	-1.137179341503990457e+02
8.748748748748749193e-01	1.157420141619420662e+02	-1.150321332696476304e+02
8.758758758758758978e-01	1.174184820548847199e+02	-1.167310975662556132e+02
8.768768768768768762e-01	1.187862236709360673e+02	-1.181220153101304504e+02
8.778778778778778547e-01	1.144199110803760249e+02	-1.137795356537029932e+02
8.788788788788788331e-01	1.170738626456017641e+02	-1.164579533920345824e+02
8.798798798798799226e-01	1.108343061350213361e+02	-1.102434721000153814e+02
8.808808808808809010e-01	1.158361597791528652e+02	-1.152709852123874725e+02
8.818818818818818794e-01	1.136517523630829203e+02	-1.131127961407227076e+02
8.828828828828828579e-01	1.128572035734828205e+02	-1.123449986455296994e+02
8.838838838838838363e-01	1.106222294923439904e+02	-1.101372823556264962e+02
8.848848848848849258e-01	1.045288757245923392e+02	-1.040716659219132652e+02
8.858858858858859042e-01	9.458299281723317620e+01	-9.415397246317084523e+01
8.868868868868868827e-01	9.479895770372759500e+01	-9.439855103755978405e+01
8.878878878878878611e-01	8.853218337826127993e+01	-8.816078634445371165e+01
8.888888888888888395e-01	8.595511715329286062e+01	-8.561309700996719130e+01
8.898898898898899290e-01	7.819287110959537301e+01	-7.788056606536387960e+01
8.908908908908909074e-01	7.562164767320051340e+01	-7.533936655272654548e+01
8.918918918918918859e-01	7.429049439658368215e+01	-7.403851633519855113e+01
8.928928928928928643e-01	7.254082364098749736e+01	-7.231939780866593992e+01
8.938938938938938428e-01	7.150514736418143968e+01	-7.131449271914837595e+01
8.948948948948949322e-01	5.914064406632020621e+01	-5.898094913853265808e+01
8.958958958958959107e-01	6.004662022845733560e+01	-5.991804293317546382e+01
8.968968968968968891e-01	5.306656475666784445e+01	-5.296923223829953997e+01
8.978978978978978676e-01	4.401037006259473827e+01	-4.394437856896811212e+01
8.988988988988988460e-01	5.336277390152550737e+01	-5.332818868871368778e+01
8.998998998998999355e-01	4.327663541455861917e+01	-4.327349068235088225e+01
9.009009009009009139e-01	3.666909191058942952e+01	-3.669739076867254823e+01
9.019019019019018923e-01	3.103117977953140993e+01	-3.109089424441461702e+01
9.029029029029028708e-01	3.092866950416939886e+01	-3.101974052685604022e+01
9.039039039039038492e-01	2.648855599764834778e+01	-2.661089352202680303e+01
9.049049049049049387e-01	2.400854820675208501e+01	-2.416203125864830170e+01
9.059059059059059171e-01	2.252710062553303771e+01	-2.271157743233652937e+01
9.069069069069068956e-01	1.752227450934966413e+01	-1.773756265009475186e+01
9.079079079079078740e-01	8.203009135586400546e+00	-8.448895721340250020e+00
9.089089089089088525e-01	8.465649914178964508e+00	-8.741891798558036442e+00
9.099099099099099419e-01	1.047596477599737064e+01	-1.078228879560415443e+01
9.109109109109109204e-01	4.340339002289826276e+00	-4.676442246832040794e+00
9.119119119119118988e-01	-8.475442307961799315e+00	8.109892196136581077e+00
9.129129129129128772e-01	-6.826586923344540203e+00	6.431951420595100721e+00
9.139139139139138557e-01	-2.122748229158860056e+01	2.080415163553206881e+01
9.149149149149149451e-01	-2.697448337047649858e+01	2.652287617409960419e+01
9.159159159159159236e-01	-2.526630560471300413e+01	2.478686844242419696e+01
9.169169169169169020e-01	-3.252816472731484509e+01	3.202137169334657330e+01
9.179179179179178805e-01	-4.136128367928586869e+01	4.082763591888375032e+01
9.189189189189188589e-01	-4.410351246241886258e+01	4.354353767628126803e+01
9.199199199199199484e-01	-4.518246868962769014e+01	4.459672061208585347e+01
9.209209209209209268e-01	-6.126580677482016313e+01	6.065486462627473685e+01
9.219219219219219053e-01	-5.745789083335221648e+01	5.682235874750783466e+01
9.229229229229228837e-01	-5.292456376365237958e+01	5.226507019011648225e+01
9.239239239239238621e-01	-6.594045967651916840e+01	6.525765675935598154e+01
9.249249249249249516e-01	-6.917592641774994888e+01	6.847048935060399799e+01
9.259259259259259300e-01	-5.999068437882394278e+01	5.926331073725089027e+01
9.269269269269269085e-01	-6.485959531398250988e+01	6.411100436564751703e+01
9.279279279279278869e-01	-7.122707860858621132e+01	7.045801060201189614e+01
9.289289289289288654e-01	-7.459313711325346219e+01	7.380435254582083360e+01
9.299299299299299548e-01	-7.162952413700776333e+01	7.082180300293396158e+01
9.309309309309309333e-01	-1.011686392367483194e+02	1.003427802557847741e+02
9.319319319319319117e-01	-1.333752791974111460e+02	1.325320990250249338e+02
9.329329329329328901e-01	-1.464289059499573398e+02	1.455692383697765990e+02
9.339339339339339796e-01	-1.798705858251761924e+02	1.789952809244983882e+02
9.349349349349349581e-01	-2.065087147559383425e+02	2.056186380851164301e+02
9.359359359359359365e-01	-2.222246491653645535e+02	2.213206808819025468e+02
9.369369369369369149e-01	-2.334762348650443187e+02	2.325592688632483203e+02
9.379379379379378934e-01	-2.399180283314281894e+02	2.389889713584738331e+02
9.389389389389389828e-01	-2.443700721370519204e+02	2.434298428963421657e+02
9.399399399399399613e-01	-2.503529794025834292e+02	2.494025076452833218e+02
9.409409409409409397e-01	-2.652242832868278697e+02	2.642645088924746801e+02
9.419419419419419182e-01	-2.647158387737660519e+02	2.637477108208639152e+02
9.429429429429428966e-01	-2.694112165779801558e+02	2.684356924054983438e+02
9.439439439439439861e-01	-2.583864344760648919e+02	2.574044787367673734e+02
9.449449449449449645e-01	-2.685078563674956627e+02	2.675204400740389019e+02
9.459459459459459429e-01	-2.642950034136432009e+02	2.633031029783843451e+02
9.469469469469469214e-01	-2.804890486796714981e+02	2.794936449491374901e+02
9.479479479479478998e-01	-2.866990936309753124e+02	2.857011709159470456e+02
9.489489489489489893e-01	-2.923471409090793145e+02	2.913476860112502322e+02
9.499499499499499677e-01	-3.012631451657578623e+02	3.002631464019292480e+02
9.509509509509509462e-01	-3.362490538196930743e+02	3.352495000444712900e+02
9.519519519519519246e-01	-3.379190518054032282e+02	3.369209314333650696e+02
9.529529529529529031e-01	-3.293876874472509826e+02	3.283919874755441697e+02
9.539539539539539925e-01	-3.430408726989832076e+02	3.420485777313284075e+02
9.549549549549549710e-01	-3.560635730689741649e+02	3.550756643420339742e+02
9.559559559559559494e-01	-3.731612816100966938e+02	3.721787360231740536e+02
9.569569569569569278e-01	-3.678243852342752120e+02	3.668481743833007727e+02
9.579579579579579063e-01	-3.830942745225594308e+02	3.821253637393232907e+02
9.589589589589589957e-01	-3.519417218705294772e+02	3.509810692681071487e+02
9.599599599599599742e-01	-3.661545728119531304e+02	3.652031283372699590e+02
9.609609609609609526e-01	-3.641175881426545970e+02	3.631762926371250728e+02
9.619619619619619311e-01	-3.479972607561868472e+02	3.470670450253582544e+02
9.629629629629629095e-01	-3.626919001831334981e+02	3.617736840762532324e+02
9.639639639639639990e-01	-3.488630322761670186e+02	3.479577237765844302e+02
9.649649649649649774e-01	-3.501480124548598383e+02	3.492565067821615798e+02
9.659659659659659559e-01	-3.542069568415164440e+02	3.533301355662832748e+02
9.669669669669669343e-01	-3.659230628157761203e+02	3.650617929878368955e+02
9.679679679679679127e-01	-3.542106716741109835e+02	3.533658049651551778e+02
9.689689689689690022e-01	-3.730950835468160562e+02	3.722674554082133227e+02
9.699699699699699806e-01	-3.634061873616865910e+02	3.625966161983458278e+02
9.709709709709709591e-01	-3.710887813772434924e+02	3.702980677383283705e+02
9.719719719719719375e-01	-3.610304461803011122e+02	3.602593719676023625e+02
9.729729729729729160e-01	-3.701710153486508261e+02	3.694203430433980770e+02
9.739739739739740054e-01	-3.575908997716031195e+02	3.568613716804809428e+02
9.749749749749749839e-01	-3.326575267260743658e+02	3.319498642471878611e+02
9.759759759759759623e-01	-3.233702575463875633e+02	3.226851604559037696e+02
9.769769769769769407e-01	-3.246557510330762284e+02	3.239938967932463356e+02
9.779779779779779192e-01	-3.416150829715775785e+02	3.409771260608244461e+02
9.789789789789790087e-01	-3.326481609165446685e+02	3.320347321822779918e+02
9.799799799799799871e-01	-3.354505716483855053e+02	3.348622776831846863e+02
9.809809809809809655e-01	-3.270444506353339875e+02	3.264818731771155740e+02
9.819819819819819440e-01	-3.301701384069008895e+02	3.296338337636635174e+02
9.829829829829829224e-01	-3.181784774843118839e+02	3.176689759840280090e+02
9.839839839839840119e-01	-3.219697192408189039e+02	3.214875247070168598e+02
9.849849849849849903e-01	-3.112594502757584110e+02	3.108050395293135466e+02
9.859859859859859688e-01	-2.931326774954717962e+02	2.927064998830993545e+02
9.869869869869869472e-01	-2.978206396699828815e+02	2.974231166198989627e+02
9.879879879879879256e-01	-2.827034628023295113e+02	2.823349874075192361e+02
9.889889889889890151e-01	-2.660545616652475474e+02	2.657154982947528765e+02
9.899899899899899935e-01	-2.541915882996096343e+02	2.538822722382207644e+02
9.909909909909909720e-01	-2.368895381522112871e+02	2.366102752689184570e+02
9.919919919919919504e-01	-2.234077665019008236e+02	2.231588329474339218e+02
9.929929929929930399e-01	-2.365792396222437901e+02	2.363608815559991569e+02
9.939939939939940183e-01	-2.280610735677072967e+02	2.278735069143314718e+02
9.949949949949949968e-01	-2.204571574265482354e+02	2.203005676624196667e+02
9.959959959959959752e-01	-1.956922571032834242e+02	1.955667990731031125e+02
9.969969969969969537e-01	-1.947766135208525213e+02	1.946824112845249033e+02
9.979979979979980431e-01	-1.819374581366818688e+02	1.818746048466373963e+02
9.989989989989990216e-01	-1.956133475427604651e+02	1.955819053518413568e+02
1.000000000000000000e+00	-2.061231172967456757e+02	2.061231172967456757e+02
