# Time	RLS_Output	RLS_Error
0.000000000000000000e+00	0.000000000000000000e+00	0.000000000000000000e+00
1.001001001001000992e-03	0.000000000000000000e+00	0.000000000000000000e+00
2.002002002002001985e-03	0.000000000000000000e+00	0.000000000000000000e+00
3.003003003003002977e-03	0.000000000000000000e+00	0.000000000000000000e+00
4.004004004004003969e-03	0.000000000000000000e+00	0.000000000000000000e+00
5.005005005005004962e-03	0.000000000000000000e+00	0.000000000000000000e+00
6.006006006006005954e-03	0.000000000000000000e+00	0.000000000000000000e+00
7.007007007007006946e-03	0.000000000000000000e+00	0.000000000000000000e+00
8.008008008008007939e-03	0.000000000000000000e+00	0.000000000000000000e+00
9.009009009009008931e-03	0.000000000000000000e+00	0.000000000000000000e+00
1.001001001001000992e-02	0.000000000000000000e+00	0.000000000000000000e+00
1.101101101101101092e-02	0.000000000000000000e+00	0.000000000000000000e+00
1.201201201201201191e-02	0.000000000000000000e+00	0.000000000000000000e+00
1.301301301301301290e-02	0.000000000000000000e+00	0.000000000000000000e+00
1.401401401401401389e-02	0.000000000000000000e+00	0.000000000000000000e+00
1.501501501501501488e-02	0.000000000000000000e+00	0.000000000000000000e+00
1.601601601601601588e-02	0.000000000000000000e+00	0.000000000000000000e+00
1.701701701701701513e-02	0.000000000000000000e+00	0.000000000000000000e+00
1.801801801801801786e-02	0.000000000000000000e+00	0.000000000000000000e+00
1.901901901901902059e-02	0.000000000000000000e+00	0.000000000000000000e+00
2.002002002002001985e-02	0.000000000000000000e+00	0.000000000000000000e+00
2.102102102102101910e-02	0.000000000000000000e+00	0.000000000000000000e+00
2.202202202202202183e-02	0.000000000000000000e+00	0.000000000000000000e+00
2.302302302302302456e-02	0.000000000000000000e+00	0.000000000000000000e+00
2.402402402402402382e-02	0.000000000000000000e+00	0.000000000000000000e+00
2.502502502502502307e-02	0.000000000000000000e+00	7.076624788865043536e-01
2.602602602602602580e-02	3.242807323222911542e-01	4.052473587998972615e-01
2.702702702702702853e-02	4.918518838633654244e-01	2.588204213893589012e-01
2.802802802802802778e-02	5.932973911870815797e-01	1.777768215116430905e-01
2.902902902902902704e-02	6.420839031714304923e-01	1.486297357436632272e-01
3.003003003003002977e-02	7.703107639189586964e-01	3.926039942178527475e-02
3.103103103103103250e-02	8.010655944392207628e-01	2.656254416351044867e-02
3.203203203203203175e-02	8.174952316224193272e-01	2.737147733339839739e-02
3.303303303303303101e-02	7.805434474302472836e-01	8.072638050898350848e-02
3.403403403403403027e-02	7.858861604889101349e-01	9.093511474424331720e-02
3.503503503503503647e-02	8.454140183456824165e-01	4.609165435260154098e-02
3.603603603603603572e-02	8.649560250425913921e-01	4.035247454000523426e-02
3.703703703703703498e-02	9.191321024728233979e-01	-9.159955925494012163e-04
3.803803803803804118e-02	9.485563677984341080e-01	-1.834063696982990432e-02
3.903903903903904044e-02	9.868206751388065578e-01	-4.552516960930330647e-02
4.004004004004003969e-02	1.006012273372991483e+00	-5.456779868981476156e-02
4.104104104104103895e-02	9.405332656441969252e-01	2.011933677812405286e-02
4.204204204204203821e-02	8.650493309806142062e-01	1.038614522555353359e-01
4.304304304304304440e-02	9.459668493905949438e-01	3.024400158383466763e-02
4.404404404404404366e-02	9.930028851752588093e-01	-1.045729825263108648e-02
4.504504504504504292e-02	9.903753273711083382e-01	-2.466600430930276922e-03
4.604604604604604912e-02	9.463076389053067805e-01	4.598732874950695049e-02
4.704704704704704837e-02	9.946488124075906212e-01	1.051159299247039769e-03
4.804804804804804763e-02	1.068456292766127191e+00	-7.033592072798089401e-02
4.904904904904904689e-02	1.059537272959659937e+00	-5.998349773789612982e-02
5.005005005005004615e-02	1.075043278022157711e+00	-7.504451419356028552e-02
5.105105105105105234e-02	9.818428740258303700e-01	1.761202380323889649e-02
5.205205205205205160e-02	1.022471820448961344e+00	-2.454910542071808699e-02
5.305305305305305086e-02	9.868263412680835511e-01	8.577389265928991868e-03
5.405405405405405705e-02	9.495745744194772353e-01	4.232586083939959831e-02
5.505505505505505631e-02	9.214335729267327801e-01	6.598272053005616034e-02
5.605605605605605557e-02	9.171442121697699346e-01	6.481152712773674551e-02
5.705705705705705483e-02	9.964896930520974472e-01	-2.096552057025868887e-02
5.805805805805805409e-02	1.042884637381933821e+00	-7.475668447981498321e-02
5.905905905905906028e-02	1.011166125117699988e+00	-5.139173076451097888e-02
6.006006006006005954e-02	1.023857035325358433e+00	-7.338527802524685839e-02
6.106106106106105880e-02	1.044644340579349739e+00	-1.044150998695907440e-01
6.206206206206206499e-02	9.965574246604572695e-01	-6.750045170609453304e-02
6.306306306306305731e-02	9.562225201607874592e-01	-3.925651836477395129e-02
6.406406406406406351e-02	9.208731817212657544e-01	-1.690489825924956779e-02
6.506506506506506970e-02	9.295309891902975297e-01	-3.945431836839163875e-02
6.606606606606606202e-02	8.975336015400445788e-01	-2.222870086223149855e-02
6.706706706706706822e-02	9.727003421862213672e-01	-1.130327620054761839e-01
6.806806806806806054e-02	8.876661590247650890e-01	-4.448598663854241853e-02
6.906906906906906674e-02	8.700774295527518021e-01	-4.421844858920853660e-02
7.007007007007007293e-02	9.091851303189821820e-01	-1.014639962451754363e-01
7.107107107107106525e-02	9.232742195217050751e-01	-1.344896520890735969e-01
7.207207207207207145e-02	9.185133313967318580e-01	-1.494453248224149045e-01
7.307307307307307764e-02	8.966855978366119473e-01	-1.480946495016213227e-01
7.407407407407406996e-02	8.967140097580064140e-01	-1.693403681849575682e-01
7.507507507507507616e-02	8.595343367719548988e-01	-1.540972696260017871e-01
7.607607607607608236e-02	8.187172177055471733e-01	-1.359143005423580908e-01
7.707707707707707467e-02	7.800575545779804276e-01	-1.205639810420843228e-01
7.807807807807808087e-02	7.796267961334009122e-01	-1.440947102890167697e-01
7.907907907907907319e-02	7.682591569219957561e-01	-1.573170083765726979e-01
8.008008008008007939e-02	7.247651748580140607e-01	-1.390170973161747314e-01
8.108108108108108558e-02	7.751685021108681850e-01	-2.151937159732727478e-01
8.208208208208207790e-02	7.723152894312584893e-01	-2.386675290291359053e-01
8.308308308308308410e-02	7.271560262385655671e-01	-2.203629922702929900e-01
8.408408408408407642e-02	7.149432570357615591e-01	-2.355060947469516108e-01
8.508508508508508261e-02	7.583048243803038879e-01	-3.066976280034084956e-01
8.608608608608608881e-02	7.893349631238306685e-01	-3.660043070672961418e-01
8.708708708708708113e-02	7.937098301774986320e-01	-3.990743274280575403e-01
8.808808808808808732e-02	7.346679398756505996e-01	-3.691178280504315845e-01
8.908908908908909352e-02	7.141660493361803308e-01	-3.780628047939644798e-01
9.009009009009008584e-02	7.053306623673623044e-01	-3.990066427605785115e-01
9.109109109109109204e-02	6.961852966907980944e-01	-4.199434123117236073e-01
9.209209209209209823e-02	6.735958039754819104e-01	-4.277092182216317706e-01
9.309309309309309055e-02	7.007704850346099246e-01	-4.854823442895195851e-01
9.409409409409409675e-02	6.996791837568900885e-01	-5.152023769533975450e-01
9.509509509509508907e-02	7.376659709360127160e-01	-5.841829190397960225e-01
9.609609609609609526e-02	7.590083387053311315e-01	-6.366708143268737796e-01
9.709709709709710146e-02	8.555190751970955798e-01	-7.644480525104548896e-01
9.809809809809809378e-02	8.010653586225893186e-01	-7.413508937393790132e-01
9.909909909909909997e-02	7.772928802995504594e-01	-7.489940222164321870e-01
1.001001001001000923e-01	8.838777990073306556e-01	-8.870225312150666896e-01
1.011011011011010985e-01	6.257370788804983430e-01	-6.603222916923155994e-01
1.021021021021021047e-01	1.668412569556063096e-01	-2.328327505822269661e-01
1.031031031031030970e-01	1.076312899667453415e-01	-2.049638083350475148e-01
1.041041041041041032e-01	-2.028022952445394655e-01	7.422499996267098443e-02
1.051051051051051094e-01	-1.949472524194174050e-01	3.525232463186789289e-02
1.061061061061061017e-01	-2.340339765712613207e-01	4.337933153819686916e-02
1.071071071071071079e-01	-3.660932921054010913e-01	1.446674597838422116e-01
1.081081081081081141e-01	-3.986767916373712417e-01	1.466987302522460568e-01
1.091091091091091064e-01	-4.535604817011404388e-02	-2.369250723038574813e-01
1.101101101101101126e-01	3.896569450409592683e-02	-3.512707387355854527e-01
1.111111111111111049e-01	7.241816993158373128e-02	-4.144383132572519446e-01
1.121121121121121111e-01	-1.742940123464014890e-01	-1.971030214611664000e-01
1.131131131131131173e-01	-2.515941188067046808e-01	-1.488125473610991678e-01
1.141141141141141097e-01	-1.998815216898344183e-01	-2.291388323724918852e-01
1.151151151151151159e-01	-3.291294826179159694e-01	-1.280803200611632109e-01
1.161161161161161082e-01	-1.731682048235537452e-01	-3.117789318939335752e-01
1.171171171171171144e-01	-8.315789351822050479e-02	-4.290470344348936149e-01
1.181181181181181206e-01	-9.856736703926329002e-02	-4.403888553209531764e-01
1.191191191191191129e-01	-1.364159023548415228e-01	-4.287586644105511602e-01
1.201201201201201191e-01	-6.924029826365490914e-02	-5.215937367423029158e-01
1.211211211211211253e-01	-6.351512568500157219e-01	1.924200328283620642e-02
1.221221221221221176e-01	-3.902415927103759508e-01	-2.501338339626498763e-01
1.231231231231231238e-01	-5.517669222623584613e-01	-1.124414385432555008e-01
1.241241241241241300e-01	-7.684081584669990583e-01	8.102366983788888977e-02
1.251251251251251362e-01	-5.743089987137790509e-01	-1.355718935806495828e-01
1.261261261261261146e-01	-7.432916982526907024e-01	1.161637215101274379e-02
1.271271271271271208e-01	-6.705494370345901345e-01	-8.219680146336449944e-02
1.281281281281281270e-01	-8.371303960382998621e-01	6.405760264958237915e-02
1.291291291291291332e-01	-1.064432577271348324e+00	2.717976865296636291e-01
1.301301301301301394e-01	-1.139349047661122105e+00	3.279358611982562399e-01
1.311311311311311179e-01	-1.020972777731114167e+00	1.915836662060317330e-01
1.321321321321321240e-01	-1.307743809920966616e+00	4.611989195909061978e-01
1.331331331331331302e-01	-1.333098209704050907e+00	4.702346514181198200e-01
1.341341341341341364e-01	-1.220997381420672268e+00	3.426684028379034519e-01
1.351351351351351426e-01	-1.001225973512887890e+00	1.083001153633195157e-01
1.361361361361361211e-01	-8.247763736147590841e-01	-8.186338916212987371e-02
1.371371371371371273e-01	-9.226756981619849141e-01	3.218566771779785007e-03
1.381381381381381335e-01	-8.839269930598057101e-01	-4.743829640004826320e-02
1.391391391391391397e-01	-1.007452449579891107e+00	6.509998804557248775e-02
1.401401401401401459e-01	-1.111129221080402241e+00	1.587214381959507481e-01
1.411411411411411521e-01	-1.038090249153513778e+00	7.656893890638816202e-02
1.421421421421421305e-01	-1.077923037593975675e+00	1.082390059362881019e-01
1.431431431431431367e-01	-1.001148763890722382e+00	2.426088852922980710e-02
1.441441441441441429e-01	-6.760378250037744063e-01	-3.070878927919297174e-01
1.451451451451451491e-01	-6.728430918452225074e-01	-3.155482987882501922e-01
1.461461461461461553e-01	-8.140879983407326437e-01	-1.785916885427876188e-01
1.471471471471471337e-01	-6.849240693187088613e-01	-3.110622967203954259e-01
1.481481481481481399e-01	-5.670193931215523619e-01	-4.312887651497158137e-01
1.491491491491491461e-01	-6.844305022928852678e-01	-3.152122653693446575e-01
1.501501501501501523e-01	-7.530023481402934316e-01	-2.469865263354206197e-01
1.511511511511511585e-01	-7.219300864546184249e-01	-2.774160500073624691e-01
1.521521521521521647e-01	-7.700169929342697284e-01	-2.276981962619917255e-01
1.531531531531531432e-01	-8.956824232246322071e-01	-9.941522222563392575e-02
1.541541541541541493e-01	-9.225150495793866812e-01	-6.898104401799820540e-02
1.551551551551551555e-01	-9.317046729451096132e-01	-5.520942210805046546e-02
1.561561561561561617e-01	-7.490313611259625803e-01	-2.323248196275968791e-01
1.571571571571571679e-01	-9.399470810373781182e-01	-3.488076563715603040e-02
1.581581581581581464e-01	-1.018254630560167184e+00	5.091908216287688305e-02
1.591591591591591526e-01	-1.095350005477013555e+00	1.364633107523637312e-01
1.601601601601601588e-01	-1.103694223333021585e+00	1.542045829782082711e-01
1.611611611611611650e-01	-9.796175575631567156e-01	4.046387994338873639e-02
1.621621621621621712e-01	-1.006662520217177725e+00	7.877349292066826436e-02
1.631631631631631496e-01	-1.025144573328965247e+00	1.094377448287957577e-01
1.641641641641641558e-01	-1.083122096731056416e+00	1.805029690620221228e-01
1.651651651651651620e-01	-1.006466578700751180e+00	1.178277120483951501e-01
1.661661661661661682e-01	-9.786718587776246370e-01	1.048919888648960352e-01
1.671671671671671744e-01	-1.067261511695131615e+00	2.092046808394442126e-01
1.681681681681681528e-01	-9.597221091810396176e-01	1.182368118809892232e-01
1.691691691691691590e-01	-8.446872661599815757e-01	2.060561005661709633e-02
1.701701701701701652e-01	-6.823605890665839224e-01	-1.235025278910856228e-01
1.711711711711711714e-01	-7.150515628355665898e-01	-7.179613253602368239e-02
1.721721721721721776e-01	-5.041878727515813896e-01	-2.628663221040175024e-01
1.731731731731731838e-01	-5.297106533967871345e-01	-2.167915349312647955e-01
1.741741741741741623e-01	-5.179873315009307921e-01	-2.072246672594669770e-01
1.751751751751751685e-01	-4.896973430926239157e-01	-2.135073359880601540e-01
1.761761761761761746e-01	-4.415906277624127019e-01	-2.389113635928397650e-01
1.771771771771771808e-01	-5.611479883317366246e-01	-9.597839693745180423e-02
1.781781781781781870e-01	-5.919148508081965021e-01	-4.118612511862440595e-02
1.791791791791791655e-01	-7.099357622134656598e-01	1.014862412192477636e-01
1.801801801801801717e-01	-7.662230882518847874e-01	1.830266910456108675e-01
1.811811811811811779e-01	-7.844621363739059383e-01	2.270955601122633949e-01
1.821821821821821841e-01	-8.046143505451032185e-01	2.736287504157827177e-01
1.831831831831831903e-01	-8.929124024364631929e-01	3.888328466451386189e-01
1.841841841841841965e-01	-8.436916481723938377e-01	3.670165987259667029e-01
1.851851851851851749e-01	-1.001766194634401863e+00	5.529670144339393634e-01
1.861861861861861811e-01	-8.630251990238467785e-01	4.425456857546324341e-01
1.871871871871871873e-01	-7.910594172797443813e-01	3.993153645593464640e-01
1.881881881881881935e-01	-7.655832405465387014e-01	4.029620267648714171e-01
1.891891891891891997e-01	-6.981861962204957139e-01	3.650464014784380318e-01
1.901901901901901781e-01	-6.526679451330629211e-01	3.493389966584355966e-01
1.911911911911911843e-01	-6.540482704809733594e-01	3.808301168725070629e-01
1.921921921921921905e-01	-5.550343830239755638e-01	3.121971976453882247e-01
1.931931931931931967e-01	-5.144969855411889448e-01	3.022808993586810766e-01
1.941941941941942029e-01	-4.134011363014093998e-01	2.320160004287586397e-01
1.951951951951951814e-01	-2.851823673170257312e-01	1.348075455030887382e-01
1.961961961961961876e-01	-2.011822044105114338e-01	8.196639567433718077e-02
1.971971971971971938e-01	1.012075674687455545e-01	-1.891464758798074297e-01
1.981981981981981999e-01	1.998935857307084230e-01	-2.564686349145011701e-01
1.991991991991992061e-01	3.081757784048207993e-01	-3.333310237941967680e-01
2.002002002002001846e-01	2.728093466429789560e-01	-2.665199133269119391e-01
2.012012012012011908e-01	2.487000750116336589e-01	-2.109721823329169244e-01
2.022022022022021970e-01	3.639887508099852731e-01	-2.948597062152009118e-01
2.032032032032032032e-01	2.962593376372787968e-01	-1.957974997851107679e-01
2.042042042042042094e-01	3.632416642797940409e-01	-2.315463754441700883e-01
2.052052052052052156e-01	5.709360446689495938e-02	1.057049076981990965e-01
2.062062062062061940e-01	-1.272130454881249817e-02	2.064620557857092531e-01
2.072072072072072002e-01	-5.337254644563711736e-02	2.778639550832091021e-01
2.082082082082082064e-01	-3.534288606151733680e-02	2.903629624618274674e-01
2.092092092092092126e-01	4.884964266255115151e-02	2.364469234114985330e-01
2.102102102102102188e-01	2.651016000926271765e-01	5.018933848287543409e-02
2.112112112112111972e-01	2.352667830886235323e-01	1.097067507059665270e-01
2.122122122122122034e-01	4.328474324770204551e-01	-5.853243255300172310e-02
2.132132132132132096e-01	3.493659263749192001e-01	5.392039610906129710e-02
2.142142142142142158e-01	3.928943145942059845e-01	3.896453841909092164e-02
2.152152152152152220e-01	4.267707948740226964e-01	3.323354252458809999e-02
2.162162162162162282e-01	3.953724380556015716e-01	9.232250575803296888e-02
2.172172172172172067e-01	3.684538728215757675e-01	1.464494174192363940e-01
2.182182182182182129e-01	4.545366210972500154e-01	8.706585045093973019e-02
2.192192192192192191e-01	5.009726341799506377e-01	6.679345191475716259e-02
2.202202202202202252e-01	2.456627156869176098e-01	3.477055461507028711e-01
2.212212212212212314e-01	2.469617054531824119e-01	3.714219764630333209e-01
2.222222222222222099e-01	1.365541004399846436e-01	5.062335092465538589e-01
2.232232232232232161e-01	3.941014379430310965e-01	2.724544752393402991e-01
2.242242242242242223e-01	3.266536687247033610e-01	3.630114202535581480e-01
2.252252252252252285e-01	3.270004908775480668e-01	3.850917945534772513e-01
2.262262262262262347e-01	3.646724033818090627e-01	3.691429218949187074e-01
2.272272272272272131e-01	4.552399425867607041e-01	2.995727849740377202e-01
2.282282282282282193e-01	5.308359241970235232e-01	2.442278046825778759e-01
2.292292292292292255e-01	6.027563371701499806e-01	1.917919667422935959e-01
2.302302302302302317e-01	4.883844962689651847e-01	3.248626889547678864e-01
2.312312312312312379e-01	4.739676877249253129e-01	3.571741945907679905e-01
2.322322322322322163e-01	4.960321987672918764e-01	3.521825011455098631e-01
2.332332332332332225e-01	5.520819253768591839e-01	3.123668300830053646e-01
2.342342342342342287e-01	5.275713476549753755e-01	3.522566481614537448e-01
2.352352352352352349e-01	6.878422901610454776e-01	2.064949229699816202e-01
2.362362362362362411e-01	9.594657469257382720e-01	-5.150368704619212590e-02
2.372372372372372473e-01	6.535680691492899985e-01	2.671209939035732450e-01
2.382382382382382258e-01	7.400054512990460465e-01	1.925001861806612258e-01
2.392392392392392320e-01	9.701927627582049851e-01	-2.679266448662409594e-02
2.402402402402402382e-01	1.060385233944838079e+00	-1.070235615674089980e-01
2.412412412412412444e-01	9.917247807887964450e-01	-2.934427155216301486e-02
2.422422422422422505e-01	8.612599961854934261e-01	1.091876943343035311e-01
2.432432432432432290e-01	9.095190677605027307e-01	6.803617118718330303e-02
2.442442442442442352e-01	9.406537920760849047e-01	4.304233410352509281e-02
2.452452452452452414e-01	8.896118133071244660e-01	9.925246645631125020e-02
2.462462462462462476e-01	8.514228833383777895e-01	1.416317058019899155e-01
2.472472472472472538e-01	1.049256081657327533e+00	-5.299317095877309480e-02
2.482482482482482600e-01	1.136808957647653218e+00	-1.383228857771308107e-01
2.492492492492492384e-01	1.014183872023534772e+00	-1.446199775314604974e-02
2.502502502502502724e-01	1.025552085854426920e+00	-2.558298998668007140e-02
2.512512512512512508e-01	1.031630461966917656e+00	-3.240296977083823027e-02
2.522522522522522292e-01	1.168710841630982156e+00	-1.712130450364823808e-01
2.532532532532532632e-01	1.079990539736233712e+00	-8.520882025364839851e-02
2.542542542542542416e-01	1.182859879586450891e+00	-1.917779329174311709e-01
2.552552552552552756e-01	1.195269958527452214e+00	-2.088678218317377988e-01
2.562562562562562540e-01	1.081315320188111162e+00	-1.005684029680713465e-01
2.572572572572572325e-01	1.030150062567349423e+00	-5.602818212861304659e-02
2.582582582582582664e-01	9.358976014446149794e-01	3.063597611342649962e-02
2.592592592592592449e-01	8.482665390865855581e-01	1.097229732289033421e-01
2.602602602602602788e-01	7.907210206669975650e-01	1.577771128927976108e-01
2.612612612612612573e-01	8.345335308683856645e-01	1.035352960277806655e-01
2.622622622622622357e-01	7.465196294977209934e-01	1.801922759075643699e-01
2.632632632632632697e-01	7.493679864676729974e-01	1.650706129774930364e-01
2.642642642642642481e-01	7.035777045208858604e-01	1.976833410250590228e-01
2.652652652652652820e-01	7.731794986087406896e-01	1.140127757998634639e-01
2.662662662662662605e-01	8.446463072445374864e-01	2.759989077494873211e-02
2.672672672672672389e-01	7.557615987732121399e-01	1.006759971201345305e-01
2.682682682682682729e-01	8.272406676219710153e-01	1.254143283656838914e-02
2.692692692692692513e-01	8.540285116490414774e-01	-3.173233005023157194e-02
2.702702702702702853e-01	8.492195698119040514e-01	-4.522243944496306955e-02
2.712712712712712637e-01	6.935574507422155310e-01	9.134559114418916437e-02
2.722722722722722422e-01	8.241110717844092326e-01	-5.907827432651802102e-02
2.732732732732732761e-01	8.391311615342713637e-01	-9.472511564585250898e-02
2.742742742742742545e-01	7.871176290474126702e-01	-6.407444498590242343e-02
2.752752752752752885e-01	7.712727644195376264e-01	-7.030742765194064603e-02
2.762762762762762669e-01	7.536623326464974015e-01	-7.546799683183047502e-02
2.772772772772773009e-01	8.246024689512911898e-01	-1.698497705115571410e-01
2.782782782782782793e-01	8.085222398037461566e-01	-1.778586347611886831e-01
2.792792792792792578e-01	8.495302258698714803e-01	-2.435793496063218821e-01
2.802802802802802917e-01	8.733506255364756887e-01	-2.927116761078703000e-01
2.812812812812812702e-01	9.412845793467375932e-01	-3.865317249626194496e-01
2.822822822822823041e-01	9.186783051120208654e-01	-3.903601163659701223e-01
2.832832832832832826e-01	8.740979621490623241e-01	-3.727368695614557970e-01
2.842842842842842610e-01	9.025471202622260547e-01	-4.286388976717824817e-01
2.852852852852852950e-01	9.099606755381284273e-01	-4.639739498530522366e-01
2.862862862862862734e-01	9.472787959579352934e-01	-5.296545837514683441e-01
2.872872872872873073e-01	8.838708791497591477e-01	-4.950221505583719539e-01
2.882882882882882858e-01	8.104311413691351884e-01	-4.507424117245983908e-01
2.892892892892892642e-01	8.931208365315198572e-01	-5.629477861306821929e-01
2.902902902902902982e-01	8.627750323411621514e-01	-5.624441547294110055e-01
2.912912912912912766e-01	8.007503067672602226e-01	-5.305585858834777069e-01
2.922922922922923106e-01	7.342300797462707473e-01	-4.944446962485346542e-01
2.932932932932932890e-01	6.782689638558020429e-01	-4.691270309182348219e-01
2.942942942942942675e-01	5.546583637114212983e-01	-3.763666925534440155e-01
2.952952952952953014e-01	5.164040260902307278e-01	-3.691389214700902532e-01
2.962962962962962798e-01	3.165694169913955136e-01	-2.004765028661644743e-01
2.972972972972973138e-01	2.775206207364009359e-01	-1.927146962608911884e-01
2.982982982982982922e-01	2.357883531569626157e-01	-1.823532791639048967e-01
2.992992992992992707e-01	1.039380027653940414e-02	1.161758364968995538e-02
3.003003003003003046e-01	-1.547660915474857735e-01	1.453320193215887624e-01
3.013013013013012831e-01	-1.866683721498694215e-01	1.457981727091590962e-01
3.023023023023023170e-01	-1.906442871037513642e-01	1.183783751831635894e-01
3.033033033033032955e-01	-2.502629499857679796e-01	1.466727861535294108e-01
3.043043043043043294e-01	-1.408491802262439030e-01	6.037200219660143752e-03
3.053053053053053079e-01	-3.060951093597844563e-01	1.401946227910712828e-01
3.063063063063062863e-01	-4.524231830054912806e-01	2.555982415377875405e-01
3.073073073073073203e-01	-5.672722586318150739e-01	3.397174937557323471e-01
3.083083083083082987e-01	-5.466724429669679308e-01	2.886128735381188193e-01
3.093093093093093326e-01	-5.539196765543147327e-01	2.656104862820920509e-01
3.103103103103103111e-01	-4.987972844804069439e-01	1.805235695880990088e-01
3.113113113113112895e-01	-2.877931892116412094e-01	-6.013032348264235605e-02
3.123123123123123235e-01	-4.140790409991637611e-01	3.684977669639394326e-02
3.133133133133133019e-01	-3.670842956281289426e-01	-3.907769492634199926e-02
3.143143143143143359e-01	-4.556491859838447955e-01	2.095610482944876285e-02
3.153153153153153143e-01	-4.020432340333079946e-01	-6.075108893399006060e-02
3.163163163163162928e-01	-3.707357755955409950e-01	-1.197021523208788296e-01
3.173173173173173267e-01	-5.293093522803551387e-01	1.171279181847717510e-02
3.183183183183183051e-01	-5.846673078220271380e-01	4.042394319044839701e-02
3.193193193193193391e-01	-5.306167036325237785e-01	-3.973528694537764583e-02
3.203203203203203175e-01	-5.452042609674777607e-01	-5.069235966642016145e-02
3.213213213213212960e-01	-5.886105379584521957e-01	-3.224145688479040928e-02
3.223223223223223299e-01	-5.566471677072281077e-01	-8.854626823146449777e-02
3.233233233233233084e-01	-6.880213483159863808e-01	1.912447457164745401e-02
3.243243243243243423e-01	-7.879430088236811791e-01	9.600413984613531682e-02
3.253253253253253208e-01	-8.068083658741939113e-01	9.251172944717300783e-02
3.263263263263262992e-01	-8.093213439735044146e-01	7.337327648940217273e-02
3.273273273273273332e-01	-6.445958335055683719e-01	-1.122759184994236437e-01
3.283283283283283116e-01	-6.967793013359616650e-01	-8.026769814632606082e-02
3.293293293293293456e-01	-6.389098545135389884e-01	-1.575440049913906515e-01
3.303303303303303240e-01	-5.806794242079974522e-01	-2.343937172782644129e-01
3.313313313313313024e-01	-5.703599096981799565e-01	-2.625265239425923491e-01
3.323323323323323364e-01	-5.172299826287086733e-01	-3.326461385619776667e-01
3.333333333333333148e-01	-6.066993567791058029e-01	-2.593260470053320166e-01
3.343343343343343488e-01	-7.851079706376202783e-01	-9.621034147218698873e-02
3.353353353353353272e-01	-7.684910882556248435e-01	-1.272486354296300526e-01
3.363363363363363057e-01	-8.240186256546575549e-01	-8.525675215923056438e-02
3.373373373373373396e-01	-7.945659228346231284e-01	-1.273459668506017328e-01
3.383383383383383181e-01	-8.821821067314183917e-01	-5.145465687942774036e-02
3.393393393393393520e-01	-7.683747610578847143e-01	-1.760636443229441905e-01
3.403403403403403304e-01	-8.463716345867757784e-01	-1.079344991419726174e-01
3.413413413413413644e-01	-9.271904147695158027e-01	-3.603977612439690503e-02
3.423423423423423428e-01	-1.002915516464713219e+00	3.171376419433713512e-02
3.433433433433433213e-01	-1.123526546426893979e+00	1.453136112936856961e-01
3.443443443443443552e-01	-1.077450745001739429e+00	9.319393856837088208e-02
3.453453453453453337e-01	-1.033231750412648253e+00	4.390436075915471470e-02
3.463463463463463676e-01	-1.000239107082162571e+00	6.819436364351894042e-03
3.473473473473473461e-01	-9.887169282129588677e-01	-7.812674737377900414e-03
3.483483483483483245e-01	-1.004832350539491381e+00	6.178239463034973511e-03
3.493493493493493585e-01	-1.057284490710570068e+00	5.749339644664397397e-02
3.503503503503503369e-01	-1.030547131179740505e+00	3.060770297944681584e-02
3.513513513513513709e-01	-1.084639669477280188e+00	8.554070327259866158e-02
3.523523523523523493e-01	-9.746590777564350105e-01	-2.261146161639771002e-02
3.533533533533533277e-01	-9.330743535333124727e-01	-6.138160222196520355e-02
3.543543543543543617e-01	-9.580508840195086639e-01	-3.260711454992304414e-02
3.553553553553553401e-01	-9.555010522619858948e-01	-3.037937118541012005e-02
3.563563563563563741e-01	-1.010933586449361155e+00	3.080563172718475684e-02
3.573573573573573525e-01	-1.065388528544408464e+00	9.198224778840569105e-02
3.583583583583583310e-01	-1.072132535349927807e+00	1.064104870345726761e-01
3.593593593593593649e-01	-1.042666596619590935e+00	8.558374062132012572e-02
3.603603603603603434e-01	-1.035341164465819475e+00	8.784391774538924391e-02
3.613613613613613773e-01	-1.091462568227836272e+00	1.544878689603984556e-01
3.623623623623623557e-01	-1.062765444370090018e+00	1.372398254484117341e-01
3.633633633633633342e-01	-9.552934813188115326e-01	4.213215414582793805e-02
3.643643643643643681e-01	-8.118662934731230019e-01	-8.802775705019538766e-02
3.653653653653653466e-01	-7.849126978760621043e-01	-1.008242105204681938e-01
3.663663663663663805e-01	-7.744897927772653734e-01	-9.621410738786206895e-02
3.673673673673673590e-01	-7.825389185817901438e-01	-7.227097272513660631e-02
3.683683683683683929e-01	-7.431334385683020516e-01	-9.493716013692410360e-02
3.693693693693693714e-01	-7.651607678348275599e-01	-5.534180727226045704e-02
3.703703703703703498e-01	-7.387346107392762651e-01	-6.338858201576791362e-02
3.713713713713713838e-01	-7.882941451249377840e-01	5.343518916474443436e-03
3.723723723723723622e-01	-7.220406913754792155e-01	-4.096314299604808529e-02
3.733733733733733962e-01	-6.605215897462064500e-01	-8.178095199940271787e-02
3.743743743743743746e-01	-6.488634199134789560e-01	-7.200379901110698366e-02
3.753753753753753530e-01	-6.828302117136885174e-01	-1.588885063867961911e-02
3.763763763763763870e-01	-6.464022840755000443e-01	-2.947768928717964254e-02
3.773773773773773654e-01	-6.870246635035743843e-01	3.465212698178310458e-02
3.783783783783783994e-01	-7.023902985856895764e-01	7.417030129004709149e-02
3.793793793793793778e-01	-6.232368056783678112e-01	1.979056661494160707e-02
3.803803803803803563e-01	-6.660110071450612290e-01	8.793524764468929611e-02
3.813813813813813902e-01	-6.729380179144689444e-01	1.208043715613992264e-01
3.823823823823823687e-01	-7.672012549384862323e-01	2.415557023071647214e-01
3.833833833833834026e-01	-8.154355691308613485e-01	3.167978978898692843e-01
3.843843843843843811e-01	-8.171288631982632777e-01	3.459921541152450875e-01
3.853853853853853595e-01	-7.889797469643488048e-01	3.458098863202209716e-01
3.863863863863863934e-01	-7.992623610580893434e-01	3.844975799526824667e-01
3.873873873873873719e-01	-7.965890512176798666e-01	4.106394922223498556e-01
3.883883883883884058e-01	-8.175711152655222858e-01	4.608184268512911519e-01
3.893893893893893843e-01	-7.921861483165931750e-01	4.649831074588207658e-01
3.903903903903903627e-01	-7.026615372950785199e-01	4.053317006279056334e-01
3.913913913913913967e-01	-6.479302917473115375e-01	3.807676756127899020e-01
3.923923923923923751e-01	-6.659799872616561922e-01	4.292487769699746547e-01
3.933933933933934091e-01	-7.369515806352006093e-01	5.308858692235083332e-01
3.943943943943943875e-01	-7.026691670050402294e-01	5.274727237531700030e-01
3.953953953953953659e-01	-5.411565560780672302e-01	3.970026250101079679e-01
3.963963963963963999e-01	-3.361310126986558067e-01	2.231621412695822260e-01
3.973973973973973783e-01	-1.483213350346785919e-01	6.664923317147147808e-02
3.983983983983984123e-01	1.251244507363906688e-01	-1.754190210997570720e-01
3.993993993993993907e-01	1.682979547065502346e-01	-1.871652594910172551e-01
4.004004004004003692e-01	1.886632747196802795e-01	-1.760846568809406598e-01
4.014014014014014031e-01	1.154021384029031844e-01	-7.139003638052270062e-02
4.024024024024023816e-01	3.081025939487392895e-01	-2.327005293663386154e-01
4.034034034034034155e-01	2.763944462339121833e-01	-1.696769808625539222e-01
4.044044044044043940e-01	8.095807582830336080e-02	5.696926214434985813e-02
4.054054054054054279e-01	1.079704107350101944e-01	6.103040958683876582e-02
4.064064064064064064e-01	2.287240982024106029e-01	-2.881691297760585746e-02
4.074074074074073848e-01	1.705208197724973895e-01	6.009505096994147144e-02
4.084084084084084187e-01	1.481594561315671965e-01	1.129370542805217259e-01
4.094094094094093972e-01	2.551297564930240513e-01	3.618920678252235401e-02
4.104104104104104311e-01	8.962100025611158260e-02	2.316323434280316285e-01
4.114114114114114096e-01	2.351156791914091049e-01	1.157543716599211125e-01
4.124124124124123880e-01	4.353731142095288581e-02	3.366024867026421452e-01
4.134134134134134220e-01	1.978876768925809937e-01	2.111459650481651573e-01
4.144144144144144004e-01	2.154896492109093231e-01	2.220333612459938488e-01
4.154154154154154344e-01	2.980033751218703064e-01	1.675763566720875342e-01
4.164164164164164128e-01	4.225266636037141033e-01	7.064939829575966890e-02
4.174174174174173912e-01	4.676138574721944163e-01	5.267085450938413516e-02
4.184184184184184252e-01	6.817483888364431754e-01	-1.348695133428159387e-01
4.194194194194194036e-01	8.238756849332871113e-01	-2.509434302912685322e-01
4.204204204204204376e-01	6.644484981812485147e-01	-6.602941179032140173e-02
4.214214214214214160e-01	6.447524817762902982e-01	-2.143831383807448532e-02
4.224224224224223945e-01	4.481540863431751065e-01	1.994387952942182629e-01
4.234234234234234284e-01	6.239463698865783670e-01	4.728484945432387399e-02
4.244244244244244069e-01	6.416602774563505696e-01	5.254552868437178947e-02
4.254254254254254408e-01	6.967286384791678833e-01	1.976528500361529606e-02
4.264264264264264193e-01	7.356084920659259341e-01	2.465039566411975080e-03
4.274274274274273977e-01	6.366349082006665938e-01	1.222883832674214188e-01
4.284284284284284317e-01	6.631959764102570709e-01	1.158266091732333969e-01
4.294294294294294101e-01	6.363301078287891821e-01	1.620214308456162655e-01
4.304304304304304440e-01	6.413153380988115826e-01	1.755756990940935403e-01
4.314314314314314225e-01	5.503482990662375007e-01	2.842744491815797359e-01
4.324324324324324564e-01	6.502975889842079749e-01	2.012315487491033172e-01
4.334334334334334349e-01	6.814849708256723870e-01	1.861085168419290836e-01
4.344344344344344133e-01	6.806662221607089336e-01	2.021336905639100623e-01
4.354354354354354473e-01	5.926708965568574516e-01	3.044624793854562306e-01
4.364364364364364257e-01	6.158269225917424317e-01	2.947527810002928961e-01
4.374374374374374597e-01	4.330606086843537539e-01	4.900649905099583870e-01
4.384384384384384381e-01	4.098266047600620521e-01	5.249320519070889146e-01
4.394394394394394165e-01	6.310995262113742177e-01	3.143678463824887137e-01
4.404404404404404505e-01	7.454035981493295493e-01	2.098375594489574336e-01
4.414414414414414289e-01	6.644006126848969185e-01	2.996697341312534180e-01
4.424424424424424629e-01	6.210180479612465998e-01	3.509281614909872671e-01
4.434434434434434413e-01	6.717125762851426929e-01	3.071483811287186727e-01
4.444444444444444198e-01	8.701226763101767014e-01	1.146850767020309858e-01
4.454454454454454537e-01	1.059371726399090052e+00	-6.959101067530659712e-02
4.464464464464464322e-01	1.183170721729226438e+00	-1.893957937238024414e-01
4.474474474474474661e-01	1.040569106431893820e+00	-4.378266627485949414e-02
4.484484484484484446e-01	1.075515091895786091e+00	-7.670281766851694272e-02
4.494494494494494230e-01	1.072713955180301548e+00	-7.286352822200115043e-02
4.504504504504504570e-01	9.654015774832885866e-01	3.449829428346029569e-02
4.514514514514514354e-01	1.099407451516365875e+00	-1.004468917575384035e-01
4.524524524524524693e-01	1.032572668865958887e+00	-3.553924908726868725e-02
4.534534534534534478e-01	1.047422589178238717e+00	-5.330223168829928415e-02
4.544544544544544262e-01	1.108005675092221809e+00	-1.177814216010231174e-01
4.554554554554554602e-01	1.213781391379186614e+00	-2.284324309115699503e-01
4.564564564564564386e-01	1.143034389048407595e+00	-1.635350896672910226e-01
4.574574574574574726e-01	1.033144692034942747e+00	-6.046363733178261590e-02
4.584584584584584510e-01	9.998571626572402282e-01	-3.495619396250115862e-02
4.594594594594594295e-01	1.006902107578814931e+00	-5.073537283956353061e-02
4.604604604604604634e-01	1.013090253253087214e+00	-6.660326351823486757e-02
4.614614614614614418e-01	8.605013885818482144e-01	7.536991697196426809e-02
4.624624624624624758e-01	7.716789889317631213e-01	1.526511906455455536e-01
4.634634634634634542e-01	8.015217892245085629e-01	1.103532350905254145e-01
4.644644644644644327e-01	7.759467669153216063e-01	1.225713892045465769e-01
4.654654654654654666e-01	9.080951224825219992e-01	-2.382233947374423622e-02
4.664664664664664451e-01	8.384213144347476554e-01	3.073167716725200282e-02
4.674674674674674790e-01	8.408301795471572193e-01	1.234355364623529461e-02
4.684684684684684575e-01	7.935698244702440451e-01	4.278098449553269234e-02
4.694694694694694914e-01	8.055430229877207360e-01	1.315783137810777603e-02
4.704704704704704699e-01	6.932246784044616694e-01	1.070166442495706915e-01
4.714714714714714483e-01	6.633480393054203006e-01	1.176424283404984283e-01
4.724724724724724823e-01	5.793852148050383510e-01	1.815821108566292308e-01
4.734734734734734607e-01	5.194469409696426121e-01	2.207447557323019005e-01
4.744744744744744946e-01	5.437342617941053335e-01	1.749498630744326100e-01
4.754754754754754731e-01	5.554597451895844085e-01	1.410061328596380337e-01
4.764764764764764515e-01	6.377914841255871714e-01	3.576744276127918898e-02
4.774774774774774855e-01	6.626361562860502152e-01	-1.265023323240321851e-02
4.784784784784784639e-01	7.109451601693731471e-01	-8.517498331756578889e-02
4.794794794794794979e-01	7.901107479570489422e-01	-1.891751137939261529e-01
4.804804804804804763e-01	8.931544663733159695e-01	-3.176476136034248610e-01
4.814814814814814548e-01	9.139283467039017728e-01	-3.644193686330947646e-01
4.824824824824824887e-01	8.150194481943541236e-01	-2.920517299785508891e-01
4.834834834834834671e-01	7.739747965960932508e-01	-2.780654779117032738e-01
4.844844844844845011e-01	8.055863091543752352e-01	-3.372257728217143979e-01
4.854854854854854795e-01	6.311680095577633098e-01	-1.908193966231439553e-01
4.864864864864864580e-01	6.446360390792417183e-01	-2.327347908352476180e-01
4.874874874874874919e-01	8.662603910759164583e-01	-4.832138184727475805e-01
4.884884884884884704e-01	8.366003333958517141e-01	-4.827872142695120439e-01
4.894894894894895043e-01	8.527329851876707112e-01	-5.285031897032990145e-01
4.904904904904904828e-01	8.121097941498137684e-01	-5.177839388305315316e-01
4.914914914914914612e-01	8.296621811257054446e-01	-5.655313118090972146e-01
4.924924924924924952e-01	8.796120853814012319e-01	-6.459373894171488439e-01
4.934934934934934736e-01	7.346721046921291798e-01	-5.316846526653664640e-01
4.944944944944945076e-01	8.244649613560746104e-01	-6.523654785919061894e-01
4.954954954954954860e-01	7.165242344061750757e-01	-5.754829024812548877e-01
4.964964964964965199e-01	5.947930899780102809e-01	-4.849493784355096149e-01
4.974974974974974984e-01	3.998769058140340671e-01	-3.213394342483640864e-01
4.984984984984984768e-01	3.502170979818890473e-01	-3.030635286295814690e-01
4.994994994994995108e-01	9.553642292363935529e-02	-7.981338386659850292e-02
5.005005005005005447e-01	1.085947783349532625e-01	-1.243178173919946700e-01
5.015015015015015232e-01	-3.419326503060634431e-02	-1.296030432169999885e-02
5.025025025025025016e-01	3.371608623020279361e-02	-1.122535577958715808e-01
5.035035035035034801e-01	4.560477470560113378e-02	-1.554484862481005925e-01
5.045045045045044585e-01	1.511789140178126586e-02	-1.561592233266985430e-01
5.055055055055055480e-01	-7.107655139453297743e-02	-1.010229313696360265e-01
5.065065065065065264e-01	-1.999282835631915889e-01	-3.059168463569961194e-03
5.075075075075075048e-01	-4.317285144819605902e-01	1.980538185177093957e-01
5.085085085085084833e-01	-5.134215798642364215e-01	2.492907105476310781e-01
5.095095095095094617e-01	-4.355689786814520570e-01	1.412431233621709858e-01
5.105105105105105512e-01	-5.126007674645438605e-01	1.883709719801716642e-01
5.115115115115115296e-01	-4.429911173731145291e-01	8.917799824677602460e-02
5.125125125125125081e-01	-5.847574759834248681e-01	2.017109033802587659e-01
5.135135135135134865e-01	-5.861581591220765830e-01	1.742569108780868126e-01
5.145145145145144649e-01	-4.853003331233948781e-01	4.495172018877663378e-02
5.155155155155155544e-01	-5.261307369967447300e-01	5.777020066408344867e-02
5.165165165165165329e-01	-6.122658339458585397e-01	1.163565152614696174e-01
5.175175175175175113e-01	-5.687609495766930978e-01	4.579323136089252788e-02
5.185185185185184897e-01	-4.789142689130064801e-01	-7.059470915779941791e-02
5.195195195195194682e-01	-3.626092326802106691e-01	-2.128976200896779969e-01
5.205205205205205576e-01	-3.897526385187791154e-01	-2.111829956443441181e-01
5.215215215215215361e-01	-4.341003634364935526e-01	-1.916698134153114741e-01
5.225225225225225145e-01	-4.738861638944962817e-01	-1.760997591591483835e-01
5.235235235235234930e-01	-4.987369176428776418e-01	-1.748220092439878304e-01
5.245245245245244714e-01	-5.394903613065258341e-01	-1.569755167426943876e-01
5.255255255255255609e-01	-6.971083578583900930e-01	-2.157576701014818354e-02
5.265265265265265393e-01	-6.754028379295773377e-01	-6.478885877236517654e-02
5.275275275275275177e-01	-6.199273049375457756e-01	-1.410400207241221393e-01
5.285285285285284962e-01	-8.496783140021572089e-01	6.868784635624036738e-02
5.295295295295294746e-01	-7.309669251074685237e-01	-6.927439754656206095e-02
5.305305305305305641e-01	-7.353951950391826031e-01	-8.330565932664524276e-02
5.315315315315315425e-01	-6.837920570242094209e-01	-1.525587519415656512e-01
5.325325325325325210e-01	-7.235877735758780016e-01	-1.295859596175148454e-01
5.335335335335334994e-01	-7.777945984660501466e-01	-9.135839313594795730e-02
5.345345345345344779e-01	-9.340287085994672944e-01	4.975592559069086374e-02
5.355355355355355673e-01	-9.888330194182818333e-01	9.031486329841498240e-02
5.365365365365365458e-01	-9.595274047567999842e-01	4.765238044176578480e-02
5.375375375375375242e-01	-1.027043496240869214e+00	1.027133166635609829e-01
5.385385385385385026e-01	-1.005238406604278101e+00	6.936710105046672847e-02
5.395395395395394811e-01	-1.072266411053543589e+00	1.257794213186922416e-01
5.405405405405405705e-01	-9.989952491910998322e-01	4.282851445184931993e-02
5.415415415415415490e-01	-1.108916123570623080e+00	1.440151548758838995e-01
5.425425425425425274e-01	-1.134615101405421100e+00	1.619340467022611918e-01
5.435435435435435059e-01	-9.831201834737630652e-01	3.620884092647047581e-03
5.445445445445444843e-01	-8.681214934775903780e-01	-1.172274669900255084e-01
5.455455455455455738e-01	-8.750713882230867213e-01	-1.151528652681120812e-01
5.465465465465465522e-01	-8.051901991502675715e-01	-1.889301583396717499e-01
5.475475475475475307e-01	-8.984219864438399705e-01	-9.861143333485011819e-02
5.485485485485485091e-01	-9.217678599267182804e-01	-7.719269983210896857e-02
5.495495495495495986e-01	-1.015424515217346890e+00	1.552464345059800799e-02
5.505505505505505770e-01	-1.013001349646522442e+00	1.315092268822204424e-02
5.515515515515515554e-01	-9.896551126289065969e-01	-9.157161598362550947e-03
5.525525525525525339e-01	-8.880927019584372584e-01	-1.086937381985971784e-01
5.535535535535535123e-01	-9.052958088060361064e-01	-8.847911919938844516e-02
5.545545545545546018e-01	-9.123659615241778154e-01	-7.741475419960530679e-02
5.555555555555555802e-01	-8.736549013813637021e-01	-1.111528516308442072e-01
5.565565565565565587e-01	-9.623000977788589427e-01	-1.656085963500264491e-02
5.575575575575575371e-01	-9.769955809097782273e-01	5.049371457544138408e-03
5.585585585585585155e-01	-1.015435513956234104e+00	5.136516714008243500e-02
5.595595595595596050e-01	-1.070913360376638757e+00	1.156722027783524398e-01
5.605605605605605835e-01	-1.054365374081562168e+00	1.088980014876989033e-01
5.615615615615615619e-01	-1.012747101551482620e+00	7.798844488433120947e-02
5.625625625625625403e-01	-1.005001699361026901e+00	8.187610016671353907e-02
5.635635635635635188e-01	-1.101753342296585503e+00	1.911736387045497310e-01
5.645645645645646082e-01	-1.066330942170472973e+00	1.691975662281595127e-01
5.655655655655655867e-01	-1.009420358634848913e+00	1.266204459102292512e-01
5.665665665665665651e-01	-9.595879096429000832e-01	9.199442197529805743e-02
5.675675675675675436e-01	-9.429156976794410561e-01	9.138655994612820965e-02
5.685685685685685220e-01	-8.653654599819341486e-01	3.074271173411624591e-02
5.695695695695696115e-01	-8.530130897011019009e-01	3.612205250819711111e-02
5.705705705705705899e-01	-7.718832676889449962e-01	-2.646827098546111756e-02
5.715715715715715683e-01	-7.961406848800715030e-01	1.711809929657914786e-02
5.725725725725725468e-01	-8.390595381189772661e-01	8.013624665088847632e-02
5.735735735735735252e-01	-6.993385443013983016e-01	-3.873498733094160595e-02
5.745745745745746147e-01	-6.891630823139905937e-01	-2.733084116879214154e-02
5.755755755755755931e-01	-6.594984890148269940e-01	-3.470731712589614215e-02
5.765765765765765716e-01	-6.458808191487724892e-01	-2.535040019213197215e-02
5.775775775775775500e-01	-6.685194997900728575e-01	2.092661815267859993e-02
5.785785785785785285e-01	-6.969933175107051460e-01	7.367914957248700158e-02
5.795795795795796179e-01	-6.474093586989109195e-01	4.899027230798425059e-02
5.805805805805805964e-01	-6.161059043328093177e-01	4.317364969078829606e-02
5.815815815815815748e-01	-6.606366982558824485e-01	1.137578227622556559e-01
5.825825825825825532e-01	-6.942804501461620204e-01	1.739957381645824697e-01
5.835835835835835317e-01	-6.834605760489652626e-01	1.902845141494888814e-01
5.845845845845846211e-01	-7.305986819419205691e-01	2.650189501479632281e-01
5.855855855855855996e-01	-6.167396678728358506e-01	1.792166574159299586e-01
5.865865865865865780e-01	-5.840945712665880363e-01	1.750609293258423849e-01
5.875875875875875565e-01	-5.038253119887572407e-01	1.236855138651594133e-01
5.885885885885885349e-01	-5.465821253141096570e-01	1.957120744627766085e-01
5.895895895895896244e-01	-6.678712253857426173e-01	3.466178817015982405e-01
5.905905905905906028e-01	-5.871556657116134836e-01	2.958367024360675779e-01
5.915915915915915813e-01	-5.714194992837686726e-01	3.103229888716803053e-01
5.925925925925925597e-01	-6.030768935376966677e-01	3.724610227952548924e-01
5.935935935935935381e-01	-5.746560268298660512e-01	3.747488416050583915e-01
5.945945945945946276e-01	-4.492987259761682672e-01	2.802979056543181136e-01
5.955955955955956060e-01	-2.411087539332182061e-01	1.031814159605655423e-01
5.965965965965965845e-01	-2.173969708596981965e-01	1.106795054883387142e-01
5.975975975975975629e-01	-1.013352027926760074e-01	2.593313821027233568e-02
5.985985985985985414e-01	-5.173739957736991912e-02	7.725297554984661419e-03
5.995995995995996308e-01	4.135370294951469516e-02	-5.393232078825375281e-02
6.006006006006006093e-01	3.388029477432134839e-02	-1.501298998985376582e-02
6.016016016016015877e-01	4.590177907717217509e-02	4.392791286192999911e-03
6.026026026026025662e-01	-8.135009573771181945e-02	1.630221976009159635e-01
6.036036036036035446e-01	-4.483839558753052734e-02	1.578072670165993618e-01
6.046046046046046341e-01	-6.687688074848568975e-03	1.508416191428084141e-01
6.056056056056056125e-01	-8.464475768003164313e-02	2.598412009319006621e-01
6.066066066066065909e-01	-3.388862356875488313e-02	2.399543349804460213e-01
6.076076076076075694e-01	-3.415480581895713463e-02	2.708860161106340092e-01
6.086086086086086588e-01	1.303062437354958747e-01	1.368563723990245395e-01
6.096096096096096373e-01	1.658291121970875137e-01	1.315007244700858724e-01
6.106106106106106157e-01	1.090785585749279307e-03	3.261122552720220336e-01
6.116116116116115942e-01	4.761071763398536105e-02	3.091419707802446348e-01
6.126126126126125726e-01	1.540456507564716138e-01	2.319039082388539563e-01
6.136136136136136621e-01	3.089271231176435872e-01	1.058376579877653989e-01
6.146146146146146405e-01	2.485237285046111855e-01	1.946461321395155375e-01
6.156156156156156189e-01	4.629768429492724380e-01	8.159866133744697603e-03
6.166166166166165974e-01	6.419104584371462252e-01	-1.432727871961567701e-01
6.176176176176175758e-01	7.190036465427360746e-01	-1.933580939114156738e-01
6.186186186186186653e-01	9.506833118360106250e-01	-3.985496654829389085e-01
6.196196196196196437e-01	7.217238818411758627e-01	-1.436481223408049290e-01
6.206206206206206222e-01	7.525187556816765877e-01	-1.490725166182513828e-01
6.216216216216216006e-01	6.351236415286641845e-01	-6.903644233024031074e-03
6.226226226226225791e-01	7.114069436377096212e-01	-5.903440711591922962e-02
6.236236236236236685e-01	7.493115922784497895e-01	-7.343161891576976963e-02
6.246246246246246470e-01	7.443036030693617189e-01	-4.558454071699447052e-02
6.256256256256256254e-01	5.853738816200863004e-01	1.354933373044976408e-01
6.266266266266266038e-01	8.951067095034275223e-01	-1.528041677578203528e-01
6.276276276276275823e-01	1.084670173471191434e+00	-3.216663390996649108e-01
6.286286286286286717e-01	1.285430737140835555e+00	-5.024801109323718817e-01
6.296296296296296502e-01	1.117057598154593823e+00	-3.149344053995504211e-01
6.306306306306306286e-01	9.138822221220148645e-01	-9.337964701492862396e-02
6.316316316316316071e-01	9.048702925885554471e-01	-6.679969388332895885e-02
6.326326326326325855e-01	8.647809895766817023e-01	-9.971098269756617505e-03
6.336336336336336750e-01	8.029303528280675728e-01	6.777354733706020262e-02
6.346346346346346534e-01	7.524942579006480559e-01	1.332426504958807989e-01
6.356356356356356319e-01	6.995980647294749444e-01	2.002959857938421129e-01
6.366366366366366103e-01	5.203830245999925275e-01	3.927783025729905120e-01
6.376376376376375887e-01	6.696881695648571053e-01	2.558374493568200680e-01
6.386386386386386782e-01	7.777890701452543354e-01	1.591856291221837028e-01
6.396396396396396566e-01	8.729577637816844371e-01	7.453948293874479436e-02
6.406406406406406351e-01	9.508233347918342293e-01	6.259521206436691187e-03
6.416416416416416135e-01	1.051641725231691415e+00	-8.591967691633706217e-02
6.426426426426425920e-01	1.129202156200482587e+00	-1.557958754444804805e-01
6.436436436436436814e-01	1.090078941478140662e+00	-1.099509867559641529e-01
6.446446446446446599e-01	8.989229824502803501e-01	8.695744099711510966e-02
6.456456456456456383e-01	9.675581556593514376e-01	2.309984291008027046e-02
6.466466466466466168e-01	1.012659055958969878e+00	-1.820310020369242388e-02
6.476476476476475952e-01	1.054218118214213629e+00	-5.694757884138113013e-02
6.486486486486486847e-01	1.008871440115678420e+00	-9.772473910997003799e-03
6.496496496496496631e-01	1.119317699880778338e+00	-1.193782716804846489e-01
6.506506506506506415e-01	9.664493947487499126e-01	3.334169951517629293e-02
6.516516516516516200e-01	8.043586512197442584e-01	1.942954598567122604e-01
6.526526526526525984e-01	8.425005293978927723e-01	1.540290735524442178e-01
6.536536536536536879e-01	6.464788292189220797e-01	3.469408414988887079e-01
6.546546546546546663e-01	7.319925698138598502e-01	2.573348198396335773e-01
6.556556556556556448e-01	8.369173414534480937e-01	1.473394649799206757e-01
6.566566566566566232e-01	7.873622036518517220e-01	1.908507314813572275e-01
6.576576576576576016e-01	7.787208959317057921e-01	1.924808563386714022e-01
6.586586586586586911e-01	8.625929441346571469e-01	1.006372467592550057e-01
6.596596596596596696e-01	7.742744859396774038e-01	1.800316477890713251e-01
6.606606606606606480e-01	5.971547765873747027e-01	3.472836287934545352e-01
6.616616616616616264e-01	4.061334066985414215e-01	5.275033569123057653e-01
6.626626626626626049e-01	3.288384038155239830e-01	5.930734858697027656e-01
6.636636636636636943e-01	3.751376759339317690e-01	5.341377018799561283e-01
6.646646646646646728e-01	5.364762569177512486e-01	3.592634667675042026e-01
6.656656656656656512e-01	5.651537115474587480e-01	3.161646005623490741e-01
6.666666666666666297e-01	6.308938214695556379e-01	2.351315823148846240e-01
6.676676676676676081e-01	7.205311587421279196e-01	1.293449624485590865e-01
6.686686686686686976e-01	6.674370252321566443e-01	1.654494084086163275e-01
6.696696696696696760e-01	7.201490588032094520e-01	9.492408268305307928e-02
6.706706706706706544e-01	6.237387456822439669e-01	1.727151138226863392e-01
6.716716716716716329e-01	6.059360170923574485e-01	1.711109823899332749e-01
6.726726726726726113e-01	5.248356255921335922e-01	2.320361264128592005e-01
6.736736736736737008e-01	4.965406134771928048e-01	2.394074540069103252e-01
6.746746746746746792e-01	5.408425428153879055e-01	1.734540936116337750e-01
6.756756756756756577e-01	5.435329546303572235e-01	1.484059143471908593e-01
6.766766766766766361e-01	5.083012011186550660e-01	1.605956726256848599e-01
6.776776776776777256e-01	5.659923664091639495e-01	7.920106952952832291e-02
6.786786786786787040e-01	6.161818535637008099e-01	4.670141279542794344e-03
6.796796796796796825e-01	6.357720845965143530e-01	-3.987546396261543169e-02
6.806806806806806609e-01	6.380499526048029058e-01	-6.769796202689903897e-02
6.816816816816816393e-01	6.891748274855038492e-01	-1.449314628539239980e-01
6.826826826826827288e-01	6.947833457228363985e-01	-1.771867852609588789e-01
6.836836836836837072e-01	7.720754252198546164e-01	-2.816374973034337370e-01
6.846846846846846857e-01	7.236574746398297675e-01	-2.608631516725290478e-01
6.856856856856856641e-01	6.656895725473171987e-01	-2.309964913929216657e-01
6.866866866866866426e-01	7.330542482692548045e-01	-3.268922577147810871e-01
6.876876876876877320e-01	6.684332540880173479e-01	-2.912039897852480297e-01
6.886886886886887105e-01	6.920871420491507831e-01	-3.441636293548661074e-01
6.896896896896896889e-01	7.797040725420012475e-01	-4.614303576496904258e-01
6.906906906906906674e-01	8.086797176350680738e-01	-5.203705273628459471e-01
6.916916916916916458e-01	7.663019817192427974e-01	-5.082424122903907993e-01
6.926926926926927353e-01	7.254212243109755542e-01	-4.978664594348933825e-01
6.936936936936937137e-01	5.568580429036216195e-01	-3.600331014359149373e-01
6.946946946946946921e-01	2.815610787148111194e-01	-1.156605921460985009e-01
6.956956956956956706e-01	5.042487468813769969e-01	-3.694367668747919886e-01
6.966966966966966490e-01	5.346354104385401262e-01	-4.310452466062985599e-01
6.976976976976977385e-01	3.467065621445556967e-01	-2.744406502239684631e-01
6.986986986986987169e-01	1.932195583686723006e-01	-1.523493589279589777e-01
6.996996996996996954e-01	5.123671153939225453e-01	-5.029330431680261171e-01
7.007007007007006738e-01	3.303734927571579938e-01	-3.523848766833843627e-01
7.017017017017016522e-01	2.945025287901844591e-01	-3.479376027832391527e-01
7.027027027027027417e-01	1.294842808285124984e-02	-9.775435255835977777e-02
7.037037037037037202e-01	-2.555723290821140803e-01	1.394794149568824859e-01
7.047047047047046986e-01	-1.896672923385126497e-01	4.240218771837162004e-02
7.057057057057056770e-01	3.952875613916494169e-02	-2.178204272971392963e-01
7.067067067067066555e-01	5.355258642377298123e-02	-2.626945193613372531e-01
7.077077077077077449e-01	9.746667372507192284e-02	-3.372520572228068225e-01
7.087087087087087234e-01	1.423419467862510057e-01	-4.125336676700340210e-01
7.097097097097097018e-01	3.738494829093497174e-01	-6.741803605210996420e-01
7.107107107107106803e-01	2.340855412713316319e-01	-5.642585916721664097e-01
7.117117117117116587e-01	2.297273161857638080e-01	-5.894160458302961647e-01
7.127127127127127482e-01	4.210924203460987558e-02	-4.309579706259992204e-01
7.137137137137137266e-01	-1.015310282569511710e-02	-4.074711093807723006e-01
7.147147147147147050e-01	-4.294802498836319815e-03	-4.416919231862387329e-01
7.157157157157156835e-01	-5.616647526750308955e-02	-4.177417473229378952e-01
7.167167167167166619e-01	-3.007851183285396857e-02	-4.712825807547484369e-01
7.177177177177177514e-01	-2.326189724504649503e-01	-2.956992162955878189e-01
7.187187187187187298e-01	-2.887029896693434905e-01	-2.660498647147736540e-01
7.197197197197197083e-01	-4.649721136283679335e-01	-1.156668358002364561e-01
7.207207207207206867e-01	-5.140990922339251368e-01	-9.185178402962068667e-02
7.217217217217216652e-01	-6.149237880489638597e-01	-1.573981699359261466e-02
7.227227227227227546e-01	-6.970243947411505214e-01	4.227169630141469625e-02
7.237237237237237331e-01	-7.827450194593897903e-01	1.045506836447237520e-01
7.247247247247247115e-01	-9.404225316779106780e-01	2.394571949103145858e-01
7.257257257257256899e-01	-9.785103652734582491e-01	2.554671812119513330e-01
7.267267267267266684e-01	-1.043835298222407504e+00	2.994292523339894263e-01
7.277277277277277578e-01	-9.661703791144347075e-01	2.011375816565443841e-01
7.287287287287287363e-01	-8.860437161753444979e-01	1.011406742889405797e-01
7.297297297297297147e-01	-7.408160493298081573e-01	-6.318108103713104828e-02
7.307307307307306932e-01	-8.663294613219995055e-01	4.403327972319226458e-02
7.317317317317316716e-01	-1.021574998056039130e+00	1.817928975975003913e-01
7.327327327327327611e-01	-9.177618035930988905e-01	6.132420769975288621e-02
7.337337337337337395e-01	-9.576213710998262574e-01	8.537517308034059393e-02
7.347347347347347180e-01	-6.440922751039193095e-01	-2.430999993046834007e-01
7.357357357357356964e-01	-9.146475813250544151e-01	1.338653577910997594e-02
7.367367367367367859e-01	-8.717568605516954339e-01	-4.268173889347082195e-02
7.377377377377377643e-01	-9.726771225303129098e-01	4.596521712502799062e-02
7.387387387387387427e-01	-1.042911775607153757e+00	1.048429487109885372e-01
7.397397397397397212e-01	-1.070723392635921201e+00	1.222252590761270241e-01
7.407407407407406996e-01	-1.094196239177771313e+00	1.362067268622827454e-01
7.417417417417417891e-01	-1.207115646313667634e+00	2.405820687556260440e-01
7.427427427427427675e-01	-1.043726519933152685e+00	6.960463949441653142e-02
7.437437437437437460e-01	-9.897148390256709227e-01	8.967921805631662302e-03
7.447447447447447244e-01	-1.075250478807910914e+00	8.884834211219638789e-02
7.457457457457457028e-01	-9.989257614085290671e-01	7.843814739509680223e-03
7.467467467467467923e-01	-8.642343323920663734e-01	-1.305473870905189404e-01
7.477477477477477708e-01	-8.682545357556096244e-01	-1.292432608388900395e-01
7.487487487487487492e-01	-9.751674943958084096e-01	-2.405999780027090473e-02
7.497497497497497276e-01	-9.113059795434799160e-01	-8.866311632426693290e-02
7.507507507507507061e-01	-8.797395736006992095e-01	-1.199823006696895122e-01
7.517517517517517955e-01	-1.075727619833300119e+00	7.724154796277771240e-02
7.527527527527527740e-01	-1.047531680209721872e+00	5.126876951116732251e-02
7.537537537537537524e-01	-8.118047731443124304e-01	-1.812498159960551636e-01
7.547547547547547309e-01	-7.820927853647253736e-01	-2.067714943987104537e-01
7.557557557557557093e-01	-7.281659184870357127e-01	-2.555302076925748400e-01
7.567567567567567988e-01	-6.940735468364320759e-01	-2.834816921112541799e-01
7.577577577577577772e-01	-6.878351299123317553e-01	-2.826125606074656460e-01
7.587587587587587556e-01	-8.346090921584371491e-01	-1.277714170781962810e-01
7.597597597597597341e-01	-8.310637125218465204e-01	-1.222979598555832270e-01
7.607607607607607125e-01	-8.659670450842628098e-01	-7.743305318731941167e-02
7.617617617617618020e-01	-8.746469522533664165e-01	-5.785868522634129985e-02
7.627627627627627804e-01	-8.837935926223653427e-01	-3.689547043049734576e-02
7.637637637637637589e-01	-9.071300028575570717e-01	-8.320570219892964303e-04
7.647647647647647373e-01	-8.615091182593866970e-01	-3.282809487164140005e-02
7.657657657657657158e-01	-9.552913269215034253e-01	7.546333110507241759e-02
7.667667667667668052e-01	-1.005254880672687978e+00	1.408061252128223195e-01
7.677677677677677837e-01	-9.243233763886029575e-01	7.610867647580099593e-02
7.687687687687687621e-01	-7.818489589900475822e-01	-4.929292332564649826e-02
7.697697697697697405e-01	-8.181841391874244973e-01	4.936953963690204894e-03
7.707707707707707190e-01	-8.027365856840792402e-01	8.188281771633221240e-03
7.717717717717718084e-01	-8.121030193778964179e-01	3.703929049829590703e-02
7.727727727727727869e-01	-8.188989607242634916e-01	6.408623316346484522e-02
7.737737737737737653e-01	-7.810655423429733180e-01	4.725021706624477069e-02
7.747747747747747438e-01	-8.139075351317308638e-01	1.018152497007034363e-01
7.757757757757757222e-01	-8.599831104791084702e-01	1.703180215008435194e-01
7.767767767767768117e-01	-8.645839778025055100e-01	1.980280646201344474e-01
7.777777777777777901e-01	-8.791806066457950042e-01	2.363929969592555302e-01
7.787787787787787686e-01	-8.747860227034717218e-01	2.564023407872549898e-01
7.797797797797797470e-01	-8.709383318297582166e-01	2.775700699921352932e-01
7.807807807807807254e-01	-8.217282705906003848e-01	2.539621844958915853e-01
7.817817817817818149e-01	-7.691907100528100338e-01	2.275882385046207323e-01
7.827827827827827933e-01	-7.522477257848551035e-01	2.373444355440419429e-01
7.837837837837837718e-01	-7.590329610013676342e-01	2.713380171877312619e-01
7.847847847847847502e-01	-6.801997222455693493e-01	2.201953848469551112e-01
7.857857857857857287e-01	-6.374780748536642561e-01	2.056192218403654626e-01
7.867867867867868181e-01	-5.637346717487492498e-01	1.604483492647684195e-01
7.877877877877877966e-01	-4.562217120757577904e-01	8.190671215173794817e-02
7.887887887887887750e-01	-5.008678940728681361e-01	1.558943602782752458e-01
7.897897897897897534e-01	-3.736629981179179216e-01	5.837205954241497796e-02
7.907907907907907319e-01	-3.492174158097117731e-01	6.392084973566003470e-02
7.917917917917918214e-01	-2.691395524725924138e-01	1.411947607228197787e-02
7.927927927927927998e-01	-3.038692756163747233e-01	7.937786697880067077e-02
7.937937937937937782e-01	-1.812475977279232042e-01	-1.249315350897736709e-02
7.947947947947947567e-01	-1.701013885860230279e-01	7.302876420927750800e-03
7.957957957957957351e-01	-2.358394847714206100e-01	1.041441959357945479e-01
7.967967967967968246e-01	-1.593832209037937542e-01	5.892138305162539225e-02
7.977977977977978030e-01	-1.869120495098491042e-01	1.177830049150626474e-01
7.987987987987987815e-01	-2.402964060568843485e-01	2.025685133781672809e-01
7.997997997997997599e-01	-2.523452219223017989e-01	2.460557886062326727e-01
8.008008008008007383e-01	-2.452240332660105826e-01	2.703792786553835259e-01
8.018018018018018278e-01	-8.371578440428882606e-02	1.402908335880803103e-01
8.028028028028028062e-01	-5.958907089530031398e-02	1.475279793063592193e-01
8.038038038038037847e-01	-1.302760886951958019e-01	2.494918974313688476e-01
8.048048048048047631e-01	8.222573558817707073e-02	6.814908622575784058e-02
8.058058058058058526e-01	1.792915572951310488e-01	2.093578577520238682e-03
8.068068068068068310e-01	2.880763450788778601e-01	-7.586025889637121322e-02
8.078078078078078095e-01	3.514461435797717193e-01	-1.086089582011838250e-01
8.088088088088087879e-01	2.427442816775459977e-01	3.047387193091913304e-02
8.098098098098097664e-01	2.851446392907843186e-01	1.818430918384017492e-02
8.108108108108108558e-01	3.252974171844842943e-01	7.842377557573054769e-03
8.118118118118118343e-01	4.587381861825137186e-01	-9.611697240084843274e-02
8.128128128128128127e-01	5.492991562884446122e-01	-1.575551035680469725e-01
8.138138138138137911e-01	4.252044436337537592e-01	-4.724930364540524952e-03
8.148148148148147696e-01	5.266503732864795673e-01	-7.785119308601984311e-02
8.158158158158158590e-01	6.398372374784788708e-01	-1.631621880320520135e-01
8.168168168168168375e-01	5.941072864611207649e-01	-9.002773066979496974e-02
8.178178178178178159e-01	7.000084172676732663e-01	-1.690228171383530986e-01
8.188188188188187944e-01	7.022196716202083744e-01	-1.448530953585676073e-01
8.198198198198197728e-01	7.286315740678116493e-01	-1.454351768615408380e-01
8.208208208208208623e-01	6.343356364924471746e-01	-2.588611549823094382e-02
8.218218218218218407e-01	6.534076737927682066e-01	-2.030669786594618831e-02
8.228228228228228192e-01	6.179635955353350862e-01	3.916278973385300954e-02
8.238238238238237976e-01	5.529562174498197091e-01	1.275457739054312034e-01
8.248248248248247760e-01	5.030298029179621766e-01	2.001748761627192286e-01
8.258258258258258655e-01	5.480644134228461750e-01	1.771475853375524823e-01
8.268268268268268439e-01	5.390118842842431812e-01	2.074903040438091928e-01
8.278278278278278224e-01	6.965283675515698825e-01	7.052582730402823241e-02
8.288288288288288008e-01	7.760722463952615113e-01	1.077544897632698451e-02
8.298298298298297793e-01	7.908735329814641224e-01	1.498958397620264726e-02
8.308308308308308687e-01	8.189170141941422010e-01	5.164641909223055549e-03
8.318318318318318472e-01	8.491094404239303284e-01	-7.624143123880156026e-03
8.328328328328328256e-01	9.072512833149678491e-01	-4.919445245928111277e-02
8.338338338338338041e-01	8.230565908778998407e-01	5.072327903482720668e-02
8.348348348348347825e-01	9.028782201748937197e-01	-1.423935352253824504e-02
8.358358358358358720e-01	9.967178746966876002e-01	-9.409874702765308463e-02
8.368368368368368504e-01	1.007469096644026507e+00	-9.176226814385757269e-02
8.378378378378378288e-01	1.033116845086647695e+00	-1.052278177901391221e-01
8.388388388388388073e-01	9.917448216167443764e-01	-5.259114399697772946e-02
8.398398398398397857e-01	9.898313311608555320e-01	-4.034169080604255164e-02
8.408408408408408752e-01	1.021653831745801266e+00	-6.276713702115133131e-02
8.418418418418418536e-01	9.008092234950416666e-01	6.652632490224830164e-02
8.428428428428428321e-01	9.767387626168658743e-01	-1.910915942332169770e-03
8.438438438438438105e-01	1.012618189259544499e+00	-3.126200850598570558e-02
8.448448448448447889e-01	1.024955671733886353e+00	-3.804157668072660758e-02
8.458458458458458784e-01	1.033346545889379131e+00	-4.185045229199435557e-02
8.468468468468468568e-01	1.030508108416429813e+00	-3.541046296616390254e-02
8.478478478478478353e-01	9.416140773333869785e-01	5.610111186287436436e-02
8.488488488488488137e-01	9.179419182811600075e-01	8.140421818082088645e-02
8.498498498498497922e-01	9.234075579158966818e-01	7.658131655981736952e-02
8.508508508508508816e-01	7.794567388181404821e-01	2.201860288440894431e-01
8.518518518518518601e-01	7.483513359465107095e-01	2.499568223247575771e-01
8.528528528528528385e-01	7.805349104870564769e-01	2.154514555520481434e-01
8.538538538538538170e-01	7.565819071183381705e-01	2.360977797651822030e-01
8.548548548548547954e-01	7.154965197794751486e-01	2.728948708539981061e-01
8.558558558558558849e-01	6.695719557089591101e-01	3.135537620867452357e-01
8.568568568568568633e-01	6.422081769680643148e-01	3.346796983934287040e-01
8.578578578578578417e-01	5.673807896457266908e-01	4.023032420119609931e-01
8.588588588588588202e-01	4.945826534120276730e-01	4.669386568350982758e-01
8.598598598598597986e-01	5.263023644636718457e-01	4.261054184207805351e-01
8.608608608608608881e-01	6.252465521182293262e-01	3.171059094160896263e-01
8.618618618618618665e-01	6.481808773701345228e-01	2.831844120897205608e-01
8.628628628628628450e-01	7.363944083526157147e-01	1.830627230375898584e-01
8.638638638638638234e-01	7.090399524697723610e-01	1.975998103071178180e-01
8.648648648648649129e-01	7.502660314008390285e-01	1.426598267487294569e-01
8.658658658658658913e-01	7.255650657790642111e-01	1.527639128037051597e-01
8.668668668668668698e-01	8.088598704202258904e-01	5.400368786570497459e-02
8.678678678678678482e-01	8.434007641882629303e-01	3.144126141798153640e-03
8.688688688688688266e-01	7.701456237992226894e-01	5.924348772586141010e-02
8.698698698698699161e-01	8.488876580121929027e-01	-3.747447154932692648e-02
8.708708708708708945e-01	8.958058507363227951e-01	-1.031709599946368794e-01
8.718718718718718730e-01	8.918317852699622073e-01	-1.187589918812445022e-01
8.728728728728728514e-01	8.391540298675089771e-01	-8.640779136955323292e-02
8.738738738738738299e-01	7.638198881544203678e-01	-3.214456205273996670e-02
8.748748748748749193e-01	9.027147355024343067e-01	-1.928338432080051179e-01
8.758758758758758978e-01	7.951512379168979017e-01	-1.077667492877885103e-01
8.768768768768768762e-01	7.837199608525896588e-01	-1.195116000469753637e-01
8.778778778778778547e-01	6.903044983291138914e-01	-4.992907165608650999e-02
8.788788788788788331e-01	6.927572668623788177e-01	-7.684801329519652668e-02
8.798798798798799226e-01	6.085334293317937737e-01	-1.769939432583467198e-02
8.808808808808809010e-01	7.651376447039912598e-01	-1.999630779385990209e-01
8.818818818818818794e-01	7.322372935597608601e-01	-1.932810711995437414e-01
8.828828828828828579e-01	7.252065062356335412e-01	-2.130015782825173121e-01
8.838838838838838363e-01	7.565204146840092125e-01	-2.715732779665181451e-01
8.848848848848849258e-01	6.738154204276612935e-01	-2.166056177485837786e-01
8.858858858858859042e-01	5.009309335108288463e-01	-7.191057944850265393e-02
8.868868868868868827e-01	5.030438028437332898e-01	-1.026371366759282755e-01
8.878878878878878611e-01	5.001529994974700521e-01	-1.287559656898993876e-01
8.888888888888888395e-01	4.804993634750115983e-01	-1.384792201493388886e-01
8.898898898898899290e-01	4.620383419251661850e-01	-1.497332976936779914e-01
8.908908908908909074e-01	3.617200411548237571e-01	-7.943892068085189884e-02
8.918918918918918859e-01	3.752928447995064754e-01	-1.233147834143796806e-01
8.928928928928928643e-01	3.879118175944873959e-01	-1.664859852729251577e-01
8.938938938938938428e-01	4.076949711994456993e-01	-2.170403261663800265e-01
8.948948948948949322e-01	3.105430725679834136e-01	-1.508481447804348730e-01
8.958958958958959107e-01	3.649029020099688880e-01	-2.363256067280996298e-01
8.968968968968968891e-01	3.724124214344967099e-01	-2.750799030661920108e-01
8.978978978978978676e-01	2.282236720196862967e-01	-1.622321783930621986e-01
8.988988988988988460e-01	2.988639649509517993e-01	-2.642787521391329331e-01
8.998998998998999355e-01	2.684508827681946763e-01	-2.653061505604588088e-01
9.009009009009009139e-01	3.017002047176047252e-01	-3.299990628007217763e-01
9.019019019019018923e-01	1.743409722379148374e-01	-2.340554371211221729e-01
9.029029029029028708e-01	2.928633083903072615e-02	-1.203573535256710347e-01
9.039039039039038492e-01	-8.784459510771495949e-05	-1.222496797833474980e-01
9.049049049049049387e-01	-8.323454411696365463e-02	-7.024850777925265022e-02
9.059059059059059171e-01	5.072094074778975628e-03	-1.895489008782698936e-01
9.069069069069068956e-01	1.850801771604540166e-02	-2.337961584611328025e-01
9.079079079079078740e-01	1.955889098847485644e-02	-2.654454767423242156e-01
9.089089089089088525e-01	-6.138723399775947165e-02	-2.148546503813125730e-01
9.099099099099099419e-01	-6.787896897419457010e-02	-2.384450506325885011e-01
9.109109109109109204e-01	-1.905512246851842340e-01	-1.455520198570300072e-01
9.119119119119118988e-01	-2.771857484663367566e-01	-8.836436335888236959e-02
9.129129129129128772e-01	-3.278739980419423383e-01	-6.676150470749719901e-02
9.139139139139138557e-01	-5.099688608531590672e-01	8.663820479662726060e-02
9.149149149149149451e-01	-5.970548579121779387e-01	1.454476615352836566e-01
9.159159159159159236e-01	-6.770547988733008893e-01	1.976176365844932170e-01
9.169169169169169020e-01	-6.698174882325306223e-01	1.630244542642583783e-01
9.179179179179178805e-01	-6.070725785374394556e-01	7.342481813531864798e-02
9.189189189189188589e-01	-4.988061224202344213e-01	-6.116866371735824037e-02
9.199199199199199484e-01	-5.671815306964202996e-01	-1.856654684541803046e-02
9.209209209209209268e-01	-7.451742356089996466e-01	1.342320870635761443e-01
9.219219219219219053e-01	-8.155084398779063326e-01	1.799763540335228562e-01
9.229229229229228837e-01	-7.316993810996458292e-01	7.220580756375161169e-02
9.239239239239238621e-01	-5.400468839756923378e-01	-1.427560331874939692e-01
9.249249249249249516e-01	-5.669448148039786251e-01	-1.384922523419732654e-01
9.259259259259259300e-01	-4.676308185917744664e-01	-2.597428229812744904e-01
9.269269269269269085e-01	-5.157236140317571493e-01	-2.328673343032326981e-01
9.279279279279278869e-01	-5.343616319619352018e-01	-2.347063746123798644e-01
9.289289289289288654e-01	-5.939784552062153944e-01	-1.948061122264134193e-01
9.299299299299299548e-01	-5.567852584965937712e-01	-2.509358755772138627e-01
9.309309309309309333e-01	-4.419690488733333256e-01	-3.838899320902097179e-01
9.319319319319319117e-01	-5.057867915484763888e-01	-3.373933808377450605e-01
9.329329329329328901e-01	-5.440829592033898932e-01	-3.155846209773537359e-01
9.339339339339339796e-01	-5.539069290505548304e-01	-3.213979716272575837e-01
9.349349349349349581e-01	-5.536820478597462847e-01	-3.363946229621600503e-01
9.359359359359359365e-01	-6.977488845624572056e-01	-2.062193988995586480e-01
9.369369369369369149e-01	-8.769102336584059243e-01	-4.005576813760658439e-02
9.379379379379378934e-01	-8.107916190991824035e-01	-1.182653538551790007e-01
9.389389389389389828e-01	-1.060572087407198438e+00	1.203428466974399980e-01
9.399399399399399613e-01	-1.106282338921400266e+00	1.558105816212885797e-01
9.409409409409409397e-01	-8.977929894283066536e-01	-6.198140492488213305e-02
9.419419419419419182e-01	-7.449479883647127654e-01	-2.231799645374054064e-01
9.429429429429428966e-01	-7.895806844482048392e-01	-1.859434880336329199e-01
9.439439439439439861e-01	-8.085652704184342898e-01	-1.733904688790726123e-01
9.449449449449449645e-01	-1.075058069835070684e+00	8.764177637828174383e-02
9.459459459459459429e-01	-1.125179956720443242e+00	1.332795214615665191e-01
9.469469469469469214e-01	-1.104421630943536847e+00	1.090179004095245263e-01
9.479479479479478998e-01	-1.050403187046780262e+00	5.248047201853711652e-02
9.489489489489489893e-01	-1.019914637804216540e+00	2.045973997514716203e-02
9.499499499499499677e-01	-1.042922225952812143e+00	4.292346212421471741e-02
9.509509509509509462e-01	-1.216882525179235675e+00	2.173287499574717563e-01
9.519519519519519246e-01	-1.219064420266282367e+00	2.209440482281358475e-01
9.529529529529529031e-01	-1.125013322425840956e+00	1.293133507190031839e-01
9.539539539539539925e-01	-1.042741891139901789e+00	5.044692348508816870e-02
9.549549549549549710e-01	-9.981540230122207813e-01	1.024529607204260895e-02
9.559559559559559494e-01	-9.709481820664438434e-01	-1.159740485618432349e-02
9.569569569569569278e-01	-8.335196042006779438e-01	-1.426912467737524448e-01
9.579579579579579063e-01	-8.336207692070891628e-01	-1.352900140290608233e-01
9.589589589589589957e-01	-7.541624511741521486e-01	-2.064901512481688295e-01
9.599599599599599742e-01	-9.820498895020600694e-01	3.060541481888301441e-02
9.609609609609609526e-01	-1.078131089094068296e+00	1.368355835645641561e-01
9.619619619619619311e-01	-1.098811734717030753e+00	1.685960038884262158e-01
9.629629629629629095e-01	-9.955473689357253742e-01	7.733126205545048926e-02
9.639639639639639990e-01	-9.403488207932622078e-01	3.504032121066547045e-02
9.649649649649649774e-01	-1.018608448144268763e+00	1.271027754459841397e-01
9.659659659659659559e-01	-1.113224137502025313e+00	2.364028622688701953e-01
9.669669669669669343e-01	-1.099993337289326911e+00	2.387235093500955641e-01
9.679679679679679127e-01	-1.082507622756069932e+00	2.376409138002506527e-01
9.689689689689690022e-01	-9.194545145802576203e-01	9.182637597752607572e-02
9.699699699699699806e-01	-8.667638477956397525e-01	5.719268445489456010e-02
9.709709709709709591e-01	-8.602229396546052786e-01	6.950930073951144816e-02
9.719719719719719375e-01	-8.044625882067623079e-01	3.338837550803663845e-02
9.729729729729729160e-01	-7.395741250068437189e-01	-1.109818024588271612e-02
9.739739739739740054e-01	-7.184738709464674189e-01	-1.105422017572177396e-02
9.749749749749749839e-01	-5.721629349250617613e-01	-1.354995439614444797e-01
9.759759759759759623e-01	-5.431744289168881634e-01	-1.419226615668930380e-01
9.769769769769769407e-01	-5.846884946050198151e-01	-7.716574522484975773e-02
9.779779779779779192e-01	-6.436793529327882180e-01	5.722442179673548068e-03
9.789789789789790087e-01	-7.330357796241525614e-01	1.196070453574895609e-01
9.799799799799799871e-01	-7.698144106354570804e-01	1.815204454346523999e-01
9.809809809809809655e-01	-7.669611460526470914e-01	2.043836878342092378e-01
9.819819819819819440e-01	-7.088383753519388319e-01	1.725337321145542502e-01
9.829829829829829224e-01	-6.988313813839863720e-01	1.893298811001097315e-01
9.839839839839840119e-01	-5.465256112331621230e-01	6.433107743111265986e-02
9.849849849849849903e-01	-6.333178958581682227e-01	1.789071494132908891e-01
9.859859859859859688e-01	-6.152508927375931469e-01	1.890732803651565819e-01
9.869869869869869472e-01	-6.117561339681560906e-01	2.142330838842404495e-01
9.879879879879879256e-01	-6.076052630254212827e-01	2.391298682151672406e-01
9.889889889889890151e-01	-5.378383077667018286e-01	1.987749372720276630e-01
9.899899899899899935e-01	-5.841349440739420640e-01	2.748188826850728184e-01
9.909909909909909720e-01	-5.310317429437341197e-01	2.517688596509022880e-01
9.919919919919919504e-01	-3.907707925249331304e-01	1.418372380580382175e-01
9.929929929929930399e-01	-3.669036883278068983e-01	1.485456220831601615e-01
9.939939939939940183e-01	-3.821916180647786376e-01	1.946249646889422202e-01
9.949949949949949968e-01	-3.536518058534099951e-01	1.970620417248515333e-01
9.959959959959959752e-01	-3.231447055928957646e-01	1.976866754125974346e-01
9.969969969969969537e-01	-2.364169434454209684e-01	1.422147071177909394e-01
9.979979979979980431e-01	-1.446157757217621243e-01	8.176248567728196248e-02
9.989989989989990216e-01	-1.099523716841224186e-01	7.851018076500210219e-02
1.000000000000000000e+00	-3.226170865893949330e-02	3.226170865893827205e-02
