# Time	FTRLS_Output	FTRLS_Error
0.000000000000000000e+00	0.000000000000000000e+00	0.000000000000000000e+00
1.001001001001000992e-03	0.000000000000000000e+00	0.000000000000000000e+00
2.002002002002001985e-03	0.000000000000000000e+00	0.000000000000000000e+00
3.003003003003002977e-03	0.000000000000000000e+00	0.000000000000000000e+00
4.004004004004003969e-03	0.000000000000000000e+00	0.000000000000000000e+00
5.005005005005004962e-03	0.000000000000000000e+00	0.000000000000000000e+00
6.006006006006005954e-03	0.000000000000000000e+00	0.000000000000000000e+00
7.007007007007006946e-03	0.000000000000000000e+00	0.000000000000000000e+00
8.008008008008007939e-03	0.000000000000000000e+00	0.000000000000000000e+00
9.009009009009008931e-03	0.000000000000000000e+00	0.000000000000000000e+00
1.001001001001000992e-02	0.000000000000000000e+00	0.000000000000000000e+00
1.101101101101101092e-02	0.000000000000000000e+00	0.000000000000000000e+00
1.201201201201201191e-02	0.000000000000000000e+00	0.000000000000000000e+00
1.301301301301301290e-02	0.000000000000000000e+00	0.000000000000000000e+00
1.401401401401401389e-02	0.000000000000000000e+00	0.000000000000000000e+00
1.501501501501501488e-02	0.000000000000000000e+00	0.000000000000000000e+00
1.601601601601601588e-02	0.000000000000000000e+00	0.000000000000000000e+00
1.701701701701701513e-02	0.000000000000000000e+00	0.000000000000000000e+00
1.801801801801801786e-02	0.000000000000000000e+00	0.000000000000000000e+00
1.901901901901902059e-02	0.000000000000000000e+00	0.000000000000000000e+00
2.002002002002001985e-02	0.000000000000000000e+00	0.000000000000000000e+00
2.102102102102101910e-02	0.000000000000000000e+00	0.000000000000000000e+00
2.202202202202202183e-02	0.000000000000000000e+00	0.000000000000000000e+00
2.302302302302302456e-02	0.000000000000000000e+00	0.000000000000000000e+00
2.402402402402402382e-02	0.000000000000000000e+00	0.000000000000000000e+00
2.502502502502502307e-02	0.000000000000000000e+00	7.076624788865043536e-01
2.602602602602602580e-02	9.176818120912869636e-01	-1.881537209690985479e-01
2.702702702702702853e-02	9.339724822423624007e-01	-1.833001769896380750e-01
2.802802802802802778e-02	1.184278354747711592e+00	-4.132041420489869221e-01
2.902902902902902704e-02	1.216478788276407874e+00	-4.257651493613141547e-01
3.003003003003002977e-02	1.090363151640500128e+00	-2.807919882997561567e-01
3.103103103103103250e-02	1.149284922164058642e+00	-3.216567835613274307e-01
3.203203203203203175e-02	1.021767774512500671e+00	-1.769010655566829460e-01
3.303303303303303101e-02	9.112531857018544290e-01	-4.998335776262363694e-02
3.403403403403403027e-02	1.137265319529947361e+00	-2.604440442967939084e-01
3.503503503503503647e-02	1.224619578177106538e+00	-3.331139054788225806e-01
3.603603603603603572e-02	1.382014944836327475e+00	-4.767064452537308483e-01
3.703703703703703498e-02	1.402826674112582550e+00	-4.846105672323085534e-01
3.803803803803804118e-02	1.227639093977715756e+00	-2.974233631491115526e-01
3.903903903903904044e-02	1.257345223766264342e+00	-3.160497182367610902e-01
4.004004004004003969e-02	1.182115755825029924e+00	-2.306712811418532016e-01
4.104104104104103895e-02	1.150335946169235068e+00	-1.896833437469140904e-01
4.204204204204203821e-02	1.128458142628695260e+00	-1.595473593925457179e-01
4.304304304304304440e-02	1.596801003732267077e+00	-6.205901527578374655e-01
4.404404404404404366e-02	1.306063337700255511e+00	-3.235177507776277883e-01
4.504504504504504292e-02	1.327879999848011972e+00	-3.399712729078339102e-01
4.604604604604604912e-02	1.235386281262893515e+00	-2.430913136080797843e-01
4.704704704704704837e-02	1.495354246883034977e+00	-4.996542751761973156e-01
4.804804804804804763e-02	1.205864423063617741e+00	-2.077440510254714434e-01
4.904904904904904689e-02	1.382887371980411562e+00	-3.833335967586477544e-01
5.005005005005004615e-02	1.303044462496630418e+00	-3.030456986680329923e-01
5.105105105105105234e-02	1.465016384129249394e+00	-4.655614863001801274e-01
5.205205205205205160e-02	1.355239266904478157e+00	-3.573165518762349002e-01
5.305305305305305086e-02	1.269965561301080070e+00	-2.745618307670675273e-01
5.405405405405405705e-02	1.409887692861312436e+00	-4.179872576024356023e-01
5.505505505505505631e-02	1.463961027778610369e+00	-4.765447343218214282e-01
5.605605605605605557e-02	1.414834743731152367e+00	-4.328790044336456866e-01
5.705705705705705483e-02	1.439481412355571477e+00	-4.639572398737327186e-01
5.805805805805805409e-02	1.317552898541860751e+00	-3.494249456397419129e-01
5.905905905905906028e-02	1.342538778380721665e+00	-3.827643840275326559e-01
6.006006006006005954e-02	1.293469070255258480e+00	-3.429973129551469047e-01
6.106106106106105880e-02	1.319412175571315737e+00	-3.791829348615567419e-01
6.206206206206206499e-02	1.248689795049342077e+00	-3.196328220949793408e-01
6.306306306306305731e-02	1.120067337621237336e+00	-2.031013358252238277e-01
6.406406406406406351e-02	1.340433831092468830e+00	-4.364655476304526438e-01
6.506506506506506970e-02	1.252455901159716500e+00	-3.623792303378106094e-01
6.606606606606606202e-02	1.081818272899962574e+00	-2.065133722221494939e-01
6.706706706706706822e-02	1.323137848595288046e+00	-4.634702684145428631e-01
6.806806806806806054e-02	1.130271198826175327e+00	-2.870910264399526568e-01
6.906906906906906674e-02	1.227341624195967595e+00	-4.014826432324243299e-01
7.007007007007007293e-02	1.288965503112954547e+00	-4.812443690391478013e-01
7.107107107107106525e-02	1.191479292794116462e+00	-4.026947253614849842e-01
7.207207207207207145e-02	1.291258041923530886e+00	-5.221900353492139324e-01
7.307307307307307764e-02	9.708439685401435426e-01	-2.222530202051529180e-01
7.407407407407406996e-02	1.145846434016296156e+00	-4.184727924432473101e-01
7.507507507507507616e-02	9.822729748658372007e-01	-2.768359077198840890e-01
7.607607607607608236e-02	9.276879388379460911e-01	-2.448850216747570085e-01
7.707707707707707467e-02	9.322557450769433096e-01	-2.727621715410472047e-01
7.807807807807808087e-02	9.336333990359724222e-01	-2.981013131915882797e-01
7.907907907907907319e-02	9.457884774586570176e-01	-3.348463289132339593e-01
8.008008008008007939e-02	7.587427063194120969e-01	-1.729946287775727676e-01
8.108108108108108558e-02	9.798256403454490560e-01	-4.198508542078536188e-01
8.208208208208207790e-02	8.900110589057280697e-01	-3.563632985036054857e-01
8.308308308308308410e-02	6.042993497309379070e-01	-9.750631576266532985e-02
8.408408408408407642e-02	9.423462083913559661e-01	-4.629090461025460179e-01
8.508508508508508261e-02	9.566729289397016833e-01	-5.050657325628062910e-01
8.608608608608608881e-02	8.301071443632959124e-01	-4.067764883067613857e-01
8.708708708708708113e-02	6.224744874977006237e-01	-2.278389847482595321e-01
8.808808808808808732e-02	4.719447618195298788e-01	-1.063946499943108637e-01
8.908908908908909352e-02	6.942672524877256945e-01	-3.581640079455098435e-01
9.009009009009008584e-02	4.719026462722788473e-01	-1.655786266654950545e-01
9.109109109109109204e-02	6.331534754602623494e-01	-3.569115910811878623e-01
9.209209209209209823e-02	4.644230962825967590e-01	-2.185365105287466470e-01
9.309309309309309055e-02	5.177637007768515209e-01	-3.024755600317611814e-01
9.409409409409409675e-02	3.974069466783909377e-01	-2.129301398748983942e-01
9.509509509509508907e-02	3.964386784608598391e-01	-2.429556265646432012e-01
9.609609609609609526e-02	2.655765830479215883e-01	-1.432390586694642920e-01
9.709709709709710146e-02	4.409918803173313306e-01	-3.499208576306906959e-01
9.809809809809809378e-02	1.919014800736066617e-01	-1.321870151903963286e-01
9.909909909909909997e-02	1.805939511996657032e-01	-1.522950931165474309e-01
1.001001001001000923e-01	3.208480711563888033e-01	-3.239928033641247818e-01
1.011011011011010985e-01	-1.249516038948941532e-01	9.036639108307692458e-02
1.021021021021021047e-01	-1.617775049367244644e-01	9.578601131010379410e-02
1.031031031031030970e-01	7.092545638195120461e-02	-1.682579747502533918e-01
1.041041041041041032e-01	-2.409489225147385949e-01	1.123716272328701138e-01
1.051051051051051094e-01	1.021536082938472728e-01	-2.618485360813967988e-01
1.061061061061061017e-01	-2.361102205358921458e-01	4.545557550282769421e-02
1.071071071071071079e-01	-3.237732942888219556e-01	1.023474619672630759e-01
1.081081081081081141e-01	-3.499841901512584785e-02	-2.169796423699993371e-01
1.091091091091091064e-01	-1.343850287574381297e-01	-1.478960917165333955e-01
1.101101101101101126e-01	-1.308380626829324933e-01	-1.814669815485570326e-01
1.111111111111111049e-01	-2.940583605936966660e-01	-4.796178273197154729e-02
1.121121121121121111e-01	-5.569961580945244073e-01	1.855991242869565183e-01
1.131131131131131173e-01	-2.543542743918307258e-01	-1.460523917759731227e-01
1.141141141141141097e-01	-5.677814550403811333e-01	1.387611009780548299e-01
1.151151151151151159e-01	-4.762548405702241028e-01	1.904503789114492251e-02
1.161161161161161082e-01	-5.000980710960595266e-01	1.515093437857223391e-02
1.171171171171171144e-01	-6.777368554464864303e-01	1.655319274933723106e-01
1.181181181181181206e-01	-6.230894782011419109e-01	8.413325584092545828e-02
1.191191191191191129e-01	-6.239145497309137589e-01	5.873998296552107590e-02
1.201201201201201191e-01	-7.305227057867558216e-01	1.396886707807980521e-01
1.211211211211211253e-01	-9.521660796169638674e-01	3.362568260497843520e-01
1.221221221221221176e-01	-8.176360410282841329e-01	1.772606143552583058e-01
1.231231231231231238e-01	-7.254833873367302344e-01	6.127502653111627229e-02
1.241241241241241300e-01	-1.012015376453327509e+00	3.246308878242173401e-01
1.251251251251251362e-01	-9.807947431922667825e-01	2.709138508978381488e-01
1.261261261261261146e-01	-1.048648413108439703e+00	3.169730870067617445e-01
1.271271271271271208e-01	-7.953042845798301563e-01	4.255804608187552240e-02
1.281281281281281270e-01	-9.727005612428990533e-01	1.996277678541815703e-01
1.291291291291291332e-01	-1.034297090869207958e+00	2.416622001275232634e-01
1.301301301301301394e-01	-1.211724126592626627e+00	4.003109401297607617e-01
1.311311311311311179e-01	-1.076709792523542708e+00	2.473206809984602739e-01
1.321321321321321240e-01	-1.253739110930727652e+00	4.071942206006672338e-01
1.331331331331331302e-01	-1.193633989869731682e+00	3.307704315838005948e-01
1.341341341341341364e-01	-1.302644306870446300e+00	4.243153282876774846e-01
1.351351351351351426e-01	-1.164360279231957174e+00	2.714344210823887993e-01
1.361361361361361211e-01	-1.198965953576464960e+00	2.923261907995760023e-01
1.371371371371371273e-01	-1.316194820409473776e+00	3.967376890192686467e-01
1.381381381381381335e-01	-1.262017565734787183e+00	3.306522762749332101e-01
1.391391391391391397e-01	-1.465141043689080824e+00	5.227885821547622047e-01
1.401401401401401459e-01	-1.533021183136985099e+00	5.806134002525336069e-01
1.411411411411411521e-01	-1.309478257954293401e+00	3.479569477071677852e-01
1.421421421421421305e-01	-1.356870234915227069e+00	3.871862032575394963e-01
1.431431431431431367e-01	-1.311346099258164699e+00	3.344582238966721244e-01
1.441441441441441429e-01	-1.104698211203946068e+00	1.215724934082419439e-01
1.451451451451451491e-01	-1.292328789293538227e+00	3.039373986600655275e-01
1.461461461461461553e-01	-1.530568697876167672e+00	5.378890109926474095e-01
1.471471471471471337e-01	-1.285180817451238688e+00	2.891944514121344012e-01
1.481481481481481399e-01	-1.594432510605565456e+00	5.961243523342972805e-01
1.491491491491491461e-01	-1.492236089002757726e+00	4.925933213405278011e-01
1.501501501501501523e-01	-1.445939601126686513e+00	4.459507266509724621e-01
1.511511511511511585e-01	-1.224467371949389038e+00	2.251212354874081445e-01
1.521521521521521647e-01	-1.531156113126382667e+00	5.334409239301212136e-01
1.531531531531531432e-01	-1.540757005053654760e+00	5.456593596033886273e-01
1.541541541541541493e-01	-1.447734943666615148e+00	4.562388500692302618e-01
1.551551551551551555e-01	-1.513021774738126268e+00	5.261076796849661896e-01
1.561561561561561617e-01	-1.284627144455457559e+00	3.032709637018980997e-01
1.571571571571571679e-01	-1.551067775561812967e+00	5.762399288872788183e-01
1.581581581581581464e-01	-1.551493250610316732e+00	5.841577022130264307e-01
1.591591591591591526e-01	-1.453024075553746464e+00	4.941373808290966396e-01
1.601601601601601588e-01	-1.449838190595991838e+00	5.003485502411785246e-01
1.611611611611611650e-01	-1.134834209316772480e+00	1.956805316970045006e-01
1.621621621621621712e-01	-1.241196202777777424e+00	3.133071754812679632e-01
1.631631631631631496e-01	-1.332713333819368628e+00	4.170065053191991389e-01
1.641641641641641558e-01	-1.478555845376968048e+00	5.759367177079337541e-01
1.651651651651651620e-01	-1.201636474986379044e+00	3.129976083340230142e-01
1.661661661661661682e-01	-1.411987767555661799e+00	5.382078976429331973e-01
1.671671671671671744e-01	-1.459987315991544632e+00	6.019304851358572295e-01
1.681681681681681528e-01	-1.098585997180450580e+00	2.571006998804001853e-01
1.691691691691691590e-01	-1.185136774985735109e+00	3.610551188823706292e-01
1.701701701701701652e-01	-1.085849613095227095e+00	2.799864961375575501e-01
1.711711711711711714e-01	-1.133869694875621947e+00	3.470219995040316752e-01
1.721721721721721776e-01	-1.040621733515986413e+00	2.735675386603875214e-01
1.731731731731731838e-01	-1.199111335487428542e+00	4.526091471593766125e-01
1.741741741741741623e-01	-1.218008730118935290e+00	4.927967313585375209e-01
1.751751751751751685e-01	-9.745213402762792354e-01	2.713166611955951657e-01
1.761761761761761746e-01	-1.129662077977534596e+00	4.491600866222821287e-01
1.771771771771771808e-01	-1.083314166605105378e+00	4.261877813359169487e-01
1.781781781781781870e-01	-1.020854308564262514e+00	3.877533326374416056e-01
1.791791791791791655e-01	-9.280717866168900487e-01	3.196222656226721526e-01
1.801801801801801717e-01	-9.389546457824834436e-01	3.557582485762095237e-01
1.811811811811811779e-01	-1.031790780539812769e+00	4.744242042781702251e-01
1.821821821821821841e-01	-9.040411107938340907e-01	3.730555106645135899e-01
1.831831831831831903e-01	-1.063323424211972457e+00	5.592438684206478827e-01
1.841841841841841965e-01	-6.709549464442529088e-01	1.942798969978257739e-01
1.851851851851851749e-01	-9.091703490344292815e-01	4.603711688339668373e-01
1.861861861861861811e-01	-8.102920650027527483e-01	3.898125517335384038e-01
1.871871871871871873e-01	-6.273589220520621179e-01	2.356148693316642007e-01
1.881881881881881935e-01	-6.853997583153464968e-01	3.227785445336792125e-01
1.891891891891891997e-01	-3.587090904370323630e-01	2.556929569497468080e-02
1.901901901901901781e-01	-6.702855647711970510e-01	3.669566162965697265e-01
1.911911911911911843e-01	-4.333868251865515275e-01	1.601686715780852310e-01
1.921921921921921905e-01	-4.273457782837258301e-01	1.845085929051384910e-01
1.931931931931931967e-01	-5.260246184037816741e-01	3.138085322212738060e-01
1.941941941941942029e-01	-2.725147606554501611e-01	9.112962478279940104e-02
1.951951951951951814e-01	-3.157129487793546851e-01	1.653381269654176922e-01
1.961961961961961876e-01	-1.542218445683821160e-01	3.500603583220786297e-02
1.971971971971971938e-01	-1.035011513355713619e-01	1.556224292450947289e-02
1.981981981981981999e-01	1.094322912511078438e-01	-1.660073404349005632e-01
1.991991991991992061e-01	5.347181194902023149e-02	-7.862705733839618627e-02
2.002002002002001846e-01	-1.141225983454164233e-01	1.204120316614834540e-01
2.012012012012011908e-01	-5.268674571793864614e-02	9.041463839665536684e-02
2.022022022022021970e-01	1.596883078867483985e-01	-9.055926329196405111e-02
2.032032032032032032e-01	1.503059157268232249e-01	-4.984407787465519601e-02
2.042042042042042094e-01	1.936942446600238565e-01	-6.199895582439990394e-02
2.052052052052052156e-01	-4.255025723160997531e-02	2.053487693967040451e-01
2.062062062062061940e-01	2.005550063777460368e-01	-6.814255140849267978e-03
2.072072072072072002e-01	1.562755707074149902e-01	6.821583793015700836e-02
2.082082082082082064e-01	3.285888444942056674e-01	-7.356876809389556460e-02
2.092092092092092126e-01	3.248694939585567432e-01	-3.957292788450705867e-02
2.102102102102102188e-01	4.953649369680058201e-01	-1.800739983925032095e-01
2.112112112112111972e-01	4.660484954318991901e-01	-1.210749616373091309e-01
2.122122122122122034e-01	5.674488982864104303e-01	-1.931338983623916983e-01
2.132132132132132096e-01	4.545303831601734679e-01	-5.124406067619297067e-02
2.142142142142142158e-01	4.349113597506049644e-01	-3.052506737308058327e-03
2.152152152152152220e-01	5.430323305771850295e-01	-8.302799317857423311e-02
2.162162162162162282e-01	6.320951447616230956e-01	-1.444002009479885551e-01
2.172172172172172067e-01	7.215095866188835361e-01	-2.066062963780713746e-01
2.182182182182182129e-01	9.967337400278420967e-01	-4.551312684796523511e-01
2.192192192192192191e-01	7.495703166143178331e-01	-1.818042305196100328e-01
2.202202202202202252e-01	6.735309184994925369e-01	-8.016265666187205596e-02
2.212212212212212314e-01	7.853289726918654123e-01	-1.669452907756496796e-01
2.222222222222222099e-01	8.059915932798067395e-01	-1.632039835932682648e-01
2.232232232232232161e-01	9.572357559220540102e-01	-2.906798427396826145e-01
2.242242242242242223e-01	7.387626085420132549e-01	-4.909751956375174586e-02
2.252252252252252285e-01	9.716204369575394129e-01	-2.595281515265140948e-01
2.262262262262262347e-01	1.016257448495475835e+00	-2.824421232187480646e-01
2.272272272272272131e-01	1.056706791603421625e+00	-3.018940640426232003e-01
2.282282282282282193e-01	9.836219322478235716e-01	-2.085582033682221725e-01
2.292292292292292255e-01	1.057165407434927484e+00	-2.626171035224839079e-01
2.302302302302302317e-01	9.389482841863026064e-01	-1.257010989625695352e-01
2.312312312312312379e-01	1.081460120185405049e+00	-2.503182378697117461e-01
2.322322322322322163e-01	1.101923808625810741e+00	-2.537091087130090017e-01
2.332332332332332225e-01	1.246204963411487565e+00	-3.817562079516230167e-01
2.342342342342342287e-01	1.074604664383784325e+00	-1.947766685673552045e-01
2.352352352352352349e-01	1.337557042305560051e+00	-4.432198291745329533e-01
2.362362362362362411e-01	1.448750344669831103e+00	-5.407882847902849566e-01
2.372372372372372473e-01	1.025126599562210528e+00	-1.044375365093472841e-01
2.382382382382382258e-01	1.354423845506604662e+00	-4.219182080268973900e-01
2.392392392392392320e-01	1.404854866076937325e+00	-4.614547678053564361e-01
2.402402402402402382e-01	1.258479639984953158e+00	-3.051179676075240765e-01
2.412412412412412444e-01	1.303261437146762569e+00	-3.408809279101291390e-01
2.422422422422422505e-01	1.349621100677762309e+00	-3.791734101579653515e-01
2.432432432432432290e-01	1.339721654236485815e+00	-3.621664152887997812e-01
2.442442442442442352e-01	1.349429261868539065e+00	-3.657331356889290674e-01
2.452452452452452414e-01	1.189348704553879532e+00	-2.004844247904438159e-01
2.462462462462462476e-01	1.549638261568562658e+00	-5.565836724281949532e-01
2.472472472472472538e-01	1.549226537588784591e+00	-5.529636268902301532e-01
2.482482482482482600e-01	1.319420641028776098e+00	-3.209345691582536908e-01
2.492492492492492384e-01	1.242907388702626736e+00	-2.431855144322380147e-01
2.502502502502502724e-01	1.492512586784957129e+00	-4.925434909172102804e-01
2.512512512512512508e-01	1.357596550421188653e+00	-3.583690582251092271e-01
2.522522522522522292e-01	1.446612749965101141e+00	-4.491149533706013663e-01
2.532532532532532632e-01	1.388470518868647696e+00	-3.936887993860623824e-01
2.542542542542542416e-01	1.511873165254750351e+00	-5.207912185857306309e-01
2.552552552552552756e-01	1.510089631623637407e+00	-5.236874949279229918e-01
2.562562562562562540e-01	1.328483863788633146e+00	-3.477369465685933303e-01
2.572572572572572325e-01	1.239342921862743419e+00	-2.652210414240070424e-01
2.582582582582582664e-01	1.204533529884094012e+00	-2.379999523260525329e-01
2.592592592592592449e-01	1.468068023510851861e+00	-5.100785111953629603e-01
2.602602602602602788e-01	1.232439463712347916e+00	-2.839413301525527400e-01
2.612612612612612573e-01	1.302733605138488127e+00	-3.646647782423217965e-01
2.622622622622622357e-01	1.279113743347534582e+00	-3.524018379422492186e-01
2.632632632632632697e-01	1.330919152358666091e+00	-4.164805529135000572e-01
2.642642642642642481e-01	1.078807375644291300e+00	-1.775463300983464165e-01
2.652652652652652820e-01	1.324924045120351890e+00	-4.377317707117477363e-01
2.662662662662662605e-01	1.348192677445042120e+00	-4.759464794255559017e-01
2.672672672672672389e-01	1.274121430185518378e+00	-4.176838342921717073e-01
2.682682682682682729e-01	1.203036152459069585e+00	-3.632540520005301810e-01
2.692692692692692513e-01	1.231106483181408695e+00	-4.088103015825987896e-01
2.702702702702702853e-01	1.246227553283996148e+00	-4.422304229170551659e-01
2.712712712712712637e-01	8.246269717406439215e-01	-3.972392985423922607e-02
2.722722722722722422e-01	1.384600497438922106e+00	-6.195676999810308949e-01
2.732732732732732761e-01	1.164204612949932383e+00	-4.197985670615135279e-01
2.742742742742742545e-01	1.007090694170661882e+00	-2.840475101091516352e-01
2.752752752752752885e-01	1.008855088699887714e+00	-3.078897519322907339e-01
2.762762762762762669e-01	1.088520453153144274e+00	-4.103261173384773475e-01
2.772772772772773009e-01	9.808934780497986505e-01	-3.261407796100646017e-01
2.782782782782782793e-01	7.093217721593138014e-01	-7.865816711675632789e-02
2.792792792792792578e-01	1.183881405297321665e+00	-5.779305290337720669e-01
2.802802802802802917e-01	8.790607034213765436e-01	-2.984217539927711549e-01
2.812812812812812702e-01	9.849800603460778792e-01	-4.302272059619597355e-01
2.822822822822823041e-01	7.369933180825591901e-01	-2.086751293365084470e-01
2.832832832832832826e-01	9.783827471295420963e-01	-4.770216545419355691e-01
2.842842842842842610e-01	7.851637935299379256e-01	-3.112555709394943526e-01
2.852852852852852950e-01	7.877973948358220069e-01	-3.418106691507458161e-01
2.862862862862862734e-01	5.428233644651098144e-01	-1.251991522586429206e-01
2.872872872872873073e-01	7.835649978652718950e-01	-3.947162692738847012e-01
2.882882882882882858e-01	6.787567169894417329e-01	-3.190679873449049353e-01
2.892892892892892642e-01	7.159283848743840384e-01	-3.857553344735464296e-01
2.902902902902902982e-01	4.341129897873929333e-01	-1.337821121756418430e-01
2.912912912912912766e-01	4.088027795056864977e-01	-1.386110586219039820e-01
2.922922922922923106e-01	7.126293950508336694e-01	-4.728440115530975763e-01
2.932932932932932890e-01	2.518800839545047299e-01	-4.273815101693750895e-02
2.942942942942942675e-01	3.222006324401450184e-01	-1.439089612821677355e-01
2.952952952952953014e-01	4.362796846463249945e-01	-2.890145800261845199e-01
2.962962962962962798e-01	2.656367933907748391e-01	-1.495438792655437998e-01
2.972972972972973138e-01	2.797409813451298688e-01	-1.949350568696201214e-01
2.982982982982982922e-01	1.123914229215536298e-01	-5.895634892849591774e-02
2.992992992992992707e-01	1.634555497354851505e-01	-1.414441658092557841e-01
3.003003003003003046e-01	-9.027141273024620605e-02	8.083734050434920881e-02
3.013013013013012831e-01	2.325987981573963137e-01	-2.734689975981066112e-01
3.023023023023023170e-01	-3.273171653977972190e-02	-3.953419538080805290e-02
3.033033033033032955e-01	-1.464785747979724939e-01	4.288841096573391132e-02
3.043043043043043294e-01	-2.623250055785665905e-02	-1.085794794487271037e-01
3.053053053053053079e-01	-2.112968773070528494e-01	4.539639073833967586e-02
3.063063063063062863e-01	-3.666074896102043401e-01	1.697825481425006000e-01
3.073073073073073203e-01	-4.135587677001092421e-01	1.860040028240265153e-01
3.083083083083082987e-01	-2.061513302790169699e-01	-5.190823914983214160e-02
3.093093093093093326e-01	-3.565029006237878106e-01	6.819371035156512884e-02
3.103103103103103111e-01	-3.978927336440820639e-01	7.961901875177412879e-02
3.113113113113112895e-01	-2.895040843338575476e-01	-5.841942836042601783e-02
3.123123123123123235e-01	-6.077693899310346870e-01	2.305401256282648692e-01
3.133133133133133019e-01	-6.026327119809017363e-01	1.964707214264307944e-01
3.143143143143143359e-01	-6.034547212752466860e-01	1.687616401208506534e-01
3.153153153153153143e-01	-5.850499072756452090e-01	1.222555843083471538e-01
3.163163163163162928e-01	-6.425738199968227260e-01	1.521358920804029013e-01
3.173173173173173267e-01	-7.155590603158606955e-01	1.979624998539827319e-01
3.183183183183183051e-01	-7.264600792876728663e-01	1.822167146560941253e-01
3.193193193193193391e-01	-7.710698326034253203e-01	2.007178420255238960e-01
3.203203203203203175e-01	-8.867833650287283431e-01	2.908867443948304210e-01
3.213213213213212960e-01	-9.365779926439720127e-01	3.157259978007294077e-01
3.223223223223223299e-01	-8.387288136316697340e-01	1.935353776929771286e-01
3.233233233233233084e-01	-1.019258670049688842e+00	3.503617963053499151e-01
3.243243243243243423e-01	-1.088423184195685289e+00	3.964843152181394270e-01
3.253253253253253208e-01	-1.016724458704958645e+00	3.024278222779377412e-01
3.263263263263262992e-01	-1.032082917625830154e+00	2.961348501417279122e-01
3.273273273273273332e-01	-7.628106592396888264e-01	5.938907234696810811e-03
3.283283283283283116e-01	-1.160613829308994704e+00	3.835668298267069787e-01
3.293293293293293456e-01	-9.860189483715128267e-01	1.895650888665831868e-01
3.303303303303303240e-01	-1.037985747025089722e+00	2.229126055388278571e-01
3.313313313313313024e-01	-1.305314381512421962e+00	4.724279478716496561e-01
3.323323323323323364e-01	-1.086773663566274584e+00	2.368975423755882437e-01
3.333333333333333148e-01	-1.356163931385905741e+00	4.901385276014679215e-01
3.343343343343343488e-01	-1.565136182812476795e+00	6.838178707026695280e-01
3.353353353353353272e-01	-1.182670807949969483e+00	2.869310842647145865e-01
3.363363363363363057e-01	-1.499396101774395085e+00	5.901207239605069654e-01
3.373373373373373396e-01	-1.244844250234751204e+00	3.229323605495263427e-01
3.383383383383383181e-01	-1.404438010252586189e+00	4.708012466417400566e-01
3.393393393393393520e-01	-1.129976781070155312e+00	1.855383756893264069e-01
3.403403403403403304e-01	-1.218801184573316876e+00	2.644950508445684800e-01
3.413413413413413644e-01	-1.422795602791786962e+00	4.595654118978742542e-01
3.423423423423423428e-01	-1.465850417702943664e+00	4.946486654325675802e-01
3.433433433433433213e-01	-1.544328313212987691e+00	5.661153780797794077e-01
3.443443443443443552e-01	-1.459691494829872482e+00	4.754346883965039350e-01
3.453453453453453337e-01	-1.448923441499967879e+00	4.595960518464743405e-01
3.463463463463463676e-01	-1.467098324898635120e+00	4.736786541808244433e-01
3.473473473473473461e-01	-1.409299569637106453e+00	4.127699666867696848e-01
3.483483483483483245e-01	-1.361074636413041494e+00	3.624205253365850865e-01
3.493493493493493585e-01	-1.392045708223209166e+00	3.922546139592830716e-01
3.503503503503503369e-01	-1.532928905623338611e+00	5.329894774230449217e-01
3.513513513513513709e-01	-1.618506920257936077e+00	6.194079540532545503e-01
3.523523523523523493e-01	-1.271575391940659605e+00	2.743048525678268845e-01
3.533533533533533277e-01	-1.524338219312188381e+00	5.298822635569107042e-01
3.543543543543543617e-01	-1.517837366818802103e+00	5.271793682493703948e-01
3.553553553553553401e-01	-1.497992978928029739e+00	5.121125554806337243e-01
3.563563563563563741e-01	-1.656262451881852948e+00	6.761344971596765507e-01
3.573573573573573525e-01	-1.480596354121778369e+00	5.071900733657755955e-01
3.583583583583583310e-01	-1.471299847457460341e+00	5.055777991421052109e-01
3.593593593593593649e-01	-1.321887104401261892e+00	3.648042484029910826e-01
3.603603603603603434e-01	-1.300527343160130966e+00	3.530300964397007357e-01
3.613613613613613773e-01	-1.372150430898278595e+00	4.351757316308407786e-01
3.623623623623623557e-01	-1.242373334438226395e+00	3.168477155165481118e-01
3.633633633633633342e-01	-1.299212456974816687e+00	3.860511298018330928e-01
3.643643643643643681e-01	-1.327722847903937353e+00	4.278287973806189637e-01
3.653653653653653466e-01	-1.288290347222295518e+00	4.025534388257652196e-01
3.663663663663663805e-01	-1.312044799357221070e+00	4.413408991920936275e-01
3.673673673673673590e-01	-1.316224059643769317e+00	4.614141683368425673e-01
3.683683683683683929e-01	-1.277533221323469581e+00	4.394626226182434259e-01
3.693693693693693714e-01	-1.361388083668338744e+00	5.408855085612507274e-01
3.703703703703703498e-01	-1.161760022052331198e+00	3.596368292972870195e-01
3.713713713713713838e-01	-1.294444417681978932e+00	5.114937914735155911e-01
3.723723723723723622e-01	-1.039557081437954444e+00	2.765532470664271436e-01
3.733733733733733962e-01	-1.147553260173686862e+00	4.052507184280776942e-01
3.743743743743743746e-01	-1.081669001988910361e+00	3.608017830643244217e-01
3.753753753753753530e-01	-9.953997261430629351e-01	2.966806637906947985e-01
3.763763763763763870e-01	-9.439716108058294752e-01	2.680916374431497884e-01
3.773773773773773654e-01	-1.188711608966031452e+00	5.363390724442401725e-01
3.783783783783783994e-01	-9.860578665694562650e-01	3.578378692738137801e-01
3.793793793793793778e-01	-8.159327898853387939e-01	2.124865508219125898e-01
3.803803803803803563e-01	-1.101551819426695555e+00	5.234760599263236225e-01
3.813813813813813902e-01	-8.052624882104163495e-01	2.531288418573466314e-01
3.823823823823823687e-01	-1.097667077800559055e+00	5.720215251692375436e-01
3.833833833833834026e-01	-9.077000357104053618e-01	4.090623644694132977e-01
3.843843843843843811e-01	-7.383629968376438368e-01	2.672262877546256465e-01
3.853853853853853595e-01	-9.115114464381990356e-01	4.683415857940712024e-01
3.863863863863863934e-01	-7.894165696041202107e-01	3.746517884987133340e-01
3.873873873873873719e-01	-8.113687940636499230e-01	4.254192350683199120e-01
3.883883883883884058e-01	-3.825612755914308272e-01	2.580858717719969331e-02
3.893893893893893843e-01	-5.249417662163783360e-01	1.977387253586059268e-01
3.903903903903903627e-01	-4.326444648935452997e-01	1.353146282263724132e-01
3.913913913913913967e-01	-4.881319851129191645e-01	2.209693689783975290e-01
3.923923923923923751e-01	-4.613745191343696650e-01	2.246433088426881552e-01
3.933933933933934091e-01	-5.757343109483427090e-01	3.696685995366503774e-01
3.943943943943943875e-01	-3.671048245243930808e-01	1.919083812725228544e-01
3.953953953953953659e-01	-3.821921828865494919e-01	2.380382518185902019e-01
3.963963963963963999e-01	-1.356185028438277040e-01	2.264963141475412334e-02
3.973973973973973783e-01	-5.579746538039983411e-02	-2.587463648280727974e-02
3.983983983983984123e-01	3.062445002193501381e-02	-8.091902038530141006e-02
3.993993993993993907e-01	-4.298263579509322557e-05	-1.882432214867193684e-02
4.004004004004003692e-01	-1.359556298883247416e-01	1.485342477270643613e-01
4.014014014014014031e-01	-1.565625704452859313e-01	2.005746724676664150e-01
4.024024024024023816e-01	1.237459278124300177e-01	-4.834386323002932973e-02
4.034034034034034155e-01	1.182651049796728110e-01	-1.154763960831454994e-02
4.044044044044043940e-01	-1.024927011044209496e-01	2.404200390770741547e-01
4.054054054054054279e-01	2.072762610913878034e-01	-3.827544076953884322e-02
4.064064064064064064e-01	3.090953787107778017e-01	-1.091881934859730563e-01
4.074074074074073848e-01	2.616947331763041507e-01	-3.107886243386528968e-02
4.084084084084084187e-01	2.762437811560251588e-01	-1.514727074393623640e-02
4.094094094094093972e-01	2.421618928407515969e-01	4.915707043479480842e-02
4.104104104104104311e-01	2.066001702440547483e-01	1.146531734400884628e-01
4.114114114114114096e-01	5.296967501608513818e-01	-1.788266993095211643e-01
4.124124124124123880e-01	4.357821522459048302e-01	-5.564235412230977840e-02
4.134134134134134220e-01	4.857801373644086707e-01	-7.674649542366251964e-02
4.144144144144144004e-01	7.725001014770522811e-01	-3.349770910201491092e-01
4.154154154154154344e-01	6.837877713588387252e-01	-2.182080395648808846e-01
4.164164164164164128e-01	6.859421443972795185e-01	-1.927660824978057463e-01
4.174174174174173912e-01	6.979135193280436855e-01	-1.776288073464651340e-01
4.184184184184184252e-01	9.105884617176019935e-01	-3.637095862239747568e-01
4.194194194194194036e-01	9.755660834569560569e-01	-4.026338288149374778e-01
4.204204204204204376e-01	9.168610467291524735e-01	-3.184419603382253605e-01
4.214214214214214160e-01	9.106216405347606901e-01	-2.873074725965448772e-01
4.224224224224223945e-01	6.123223811976284958e-01	3.527050043976487359e-02
4.234234234234234284e-01	9.215066841324349722e-01	-2.502754647915327313e-01
4.244244244244244069e-01	9.236924939781406829e-01	-2.294866878374183239e-01
4.254254254254254408e-01	9.855916762405166898e-01	-2.690977527577335104e-01
4.264264264264264193e-01	1.125162320463948040e+00	-3.870887888316101311e-01
4.274274274274273977e-01	6.973631691007217137e-01	6.156012236736629895e-02
4.284284284284284317e-01	9.961493068325566469e-01	-2.171267212490661791e-01
4.294294294294294101e-01	1.131412209691416537e+00	-3.330606710170110896e-01
4.304304304304304440e-01	1.067875010589641072e+00	-2.509839733967359487e-01
4.314314314314314225e-01	9.755934178300612603e-01	-1.409706695822440237e-01
4.324324324324324564e-01	1.285807793751041483e+00	-4.342786560177301913e-01
4.334334334334334349e-01	1.237903201132223518e+00	-3.703097134646220479e-01
4.344344344344344133e-01	1.106981079610969365e+00	-2.241811668863503693e-01
4.354354354354354473e-01	1.290512614532677516e+00	-3.933792385903638333e-01
4.364364364364364257e-01	1.374817076558094708e+00	-4.642373729660593806e-01
4.374374374374374597e-01	1.294145457941361821e+00	-3.710198587470496800e-01
4.384384384384384381e-01	1.412535608693518574e+00	-4.777769520263676073e-01
4.394394394394394165e-01	1.339302168141619287e+00	-3.938347955477563556e-01
4.404404404404404505e-01	1.296062297751596981e+00	-3.408211401533099982e-01
4.414414414414414289e-01	1.215071900526373261e+00	-2.510015537102229244e-01
4.424424424424424629e-01	1.361581812602799424e+00	-3.896356031505655571e-01
4.434434434434434413e-01	1.407530766894670382e+00	-4.286698094808090165e-01
4.444444444444444198e-01	1.502271329395527211e+00	-5.174635763833195234e-01
4.454454454454454537e-01	1.388205548052357408e+00	-3.984248323285739524e-01
4.464464464464464322e-01	1.467270410427746974e+00	-4.734954824223229775e-01
4.474474474474474661e-01	1.298831099397827371e+00	-3.020446592407930453e-01
4.484484484484484446e-01	1.326004470303715488e+00	-3.271921960764463400e-01
4.494494494494494230e-01	1.413323538397148305e+00	-4.134731114388479067e-01
4.504504504504504570e-01	1.297929201871853122e+00	-2.980293301051042398e-01
4.514514514514514354e-01	1.531335507785887451e+00	-5.323749480270599799e-01
4.524524524524524693e-01	1.489617137170956562e+00	-4.925837173922663625e-01
4.534534534534534478e-01	1.465920246212505385e+00	-4.717998887225659521e-01
4.544544544544544262e-01	1.470358447570349947e+00	-4.801341940791512553e-01
4.554554554554554602e-01	1.676503885105422809e+00	-6.911549246378061451e-01
4.564564564564564386e-01	1.362975819206742045e+00	-3.834765198256254726e-01
4.574574574574574726e-01	1.138361687269817679e+00	-1.656806325666575486e-01
4.584584584584584510e-01	1.427052717010982796e+00	-4.621517483162437268e-01
4.594594594594594295e-01	1.386834760142424683e+00	-4.306680254031732824e-01
4.604604604604604634e-01	1.316836172153360796e+00	-3.703491824185084491e-01
4.614614614614614418e-01	1.245315131390455576e+00	-3.094438258366430938e-01
4.624624624624624758e-01	1.297619433397235733e+00	-3.732892538199270582e-01
4.634634634634634542e-01	1.358477440353245580e+00	-4.466024160382116026e-01
4.644644644644644327e-01	1.256392998554745510e+00	-3.578748424348773272e-01
4.654654654654654666e-01	1.601912525370608353e+00	-7.176397423618305904e-01
4.664664664664664451e-01	1.164806486395667084e+00	-2.956534947936674262e-01
4.674674674674674790e-01	1.164213604113215395e+00	-3.110398709198228806e-01
4.684684684684684575e-01	9.547900115190692816e-01	-1.184392025532925441e-01
4.694694694694694914e-01	1.245738919229190111e+00	-4.270380648633615994e-01
4.704704704704704699e-01	9.387070128029323390e-01	-1.384656901488999781e-01
4.714714714714714483e-01	1.095211385238104018e+00	-3.142209175921852893e-01
4.724724724724724823e-01	1.101740922764271824e+00	-3.407735971026042421e-01
4.734734734734734607e-01	1.020145839345608652e+00	-2.799541426436641389e-01
4.744744744744744946e-01	1.296150692427694429e+00	-5.774665675591564851e-01
4.754754754754754731e-01	1.175689129741942951e+00	-4.792232516927205088e-01
4.764764764764764515e-01	1.185297345492588139e+00	-5.117384186057217788e-01
4.774774774774774855e-01	8.792791597686472338e-01	-2.292932367150002371e-01
4.784784784784784639e-01	1.096056536525700453e+00	-4.702863596738930951e-01
4.794794794794794979e-01	9.837939282869484492e-01	-3.828582941238256598e-01
4.804804804804804763e-01	9.818723089875951437e-01	-4.063654562177040352e-01
4.814814814814814548e-01	9.793042707399279845e-01	-4.297952926691209763e-01
4.824824824824824887e-01	7.036017488164274525e-01	-1.806340306006242180e-01
4.834834834834834671e-01	7.255268613171395042e-01	-2.296175426327495273e-01
4.844844844844845011e-01	8.474508581655736394e-01	-3.790903218329128022e-01
4.854854854854854795e-01	3.706711970353419039e-01	6.967741589927745061e-02
4.864864864864864580e-01	8.495440395253072152e-01	-4.376427912813131149e-01
4.874874874874874919e-01	6.910780388075492553e-01	-3.080314662043803775e-01
4.884884884884884704e-01	5.756748398005917533e-01	-2.218617206742520831e-01
4.894894894894895043e-01	5.676790487627294546e-01	-2.434492532783578134e-01
4.904904904904904828e-01	3.676136283808805194e-01	-7.328777306159828253e-02
4.914914914914914612e-01	4.097240676966950601e-01	-1.455931983800868301e-01
4.924924924924924952e-01	5.479432070954520784e-01	-3.142685111311996904e-01
4.934934934934934736e-01	5.320824690614515129e-01	-3.290950170346887416e-01
4.944944944944945076e-01	6.635906983438951690e-01	-4.914912155797267479e-01
4.954954954954954860e-01	2.779344001786234197e-01	-1.368930682537031762e-01
4.964964964964965199e-01	1.609086046300501338e-01	-5.106489308754945389e-02
4.974974974974974984e-01	1.338405239134956570e-01	-5.530305234782564860e-02
4.984984984984984768e-01	2.622486562717644271e-02	2.092870372513112864e-02
4.994994994994995108e-01	9.603431225056362208e-02	-8.031127319352276972e-02
5.005005005005005447e-01	1.073910735039505654e-01	-1.231141125609919729e-01
5.015015015015015232e-01	9.325287685496553430e-03	-5.647885703780289313e-02
5.025025025025025016e-01	1.058814024085646260e-01	-1.844188739742333993e-01
5.035035035035034801e-01	-1.053521703469927073e-01	-4.491541195506751349e-03
5.045045045045044585e-01	-1.652557992548365773e-01	2.421446732991930362e-02
5.055055055055055480e-01	-2.404223487457136377e-01	6.832286598154463375e-02
5.065065065065065264e-01	-4.178543301549104694e-01	2.148668781281489193e-01
5.075075075075075048e-01	-4.550383460243878075e-01	2.213636500601366131e-01
5.085085085085084833e-01	-4.519362408000733855e-01	1.878053714834680421e-01
5.095095095095094617e-01	-1.883056740340181556e-01	-1.060201812852629155e-01
5.105105105105105512e-01	-2.792491198526366736e-01	-4.498067563173552275e-02
5.115115115115115296e-01	-2.632777092930808638e-01	-9.053540983325764069e-02
5.125125125125125081e-01	-6.432309131971584160e-01	2.601843405939923137e-01
5.135135135135134865e-01	-7.661944233275618243e-01	3.542931750835720539e-01
5.145145145145144649e-01	-6.467570657532305534e-01	2.064084528186123091e-01
5.155155155155155544e-01	-5.835017495463682424e-01	1.151412132137069610e-01
5.165165165165165329e-01	-5.835184523922716249e-01	8.760913370788270260e-02
5.175175175175175113e-01	-5.556321005345064012e-01	3.266438231870583131e-02
5.185185185185184897e-01	-6.905785921457342491e-01	1.410696140749283511e-01
5.195195195195194682e-01	-5.494455256952494038e-01	-2.606132707463926224e-02
5.205205205205205576e-01	-8.310391674455611666e-01	2.301035332824379331e-01
5.215215215215215361e-01	-9.539718757613390165e-01	3.282016989095339898e-01
5.225225225225225145e-01	-1.086481156846077711e+00	4.364952337924330461e-01
5.235235235235234930e-01	-1.023654118144766478e+00	3.500951912579010061e-01
5.245245245245244714e-01	-9.177801653212362964e-01	2.213142872720160748e-01
5.255255255255255609e-01	-1.092614020503432926e+00	3.739298956348946490e-01
5.265265265265265393e-01	-8.982253448818237063e-01	1.580336481798811921e-01
5.275275275275275177e-01	-8.706783983058322685e-01	1.097110726441643536e-01
5.285285285285284962e-01	-1.371738861393590359e+00	5.907483937476735170e-01
5.295295295295294746e-01	-9.995269787201587208e-01	1.992856560661281362e-01
5.305305305305305641e-01	-1.413967921587580445e+00	5.952670672217525993e-01
5.315315315315315425e-01	-1.112229685213285357e+00	2.758788762475102851e-01
5.325325325325325210e-01	-1.033957476515661167e+00	1.807837433222683199e-01
5.335335335335334994e-01	-1.201620444701910317e+00	3.324674530999122135e-01
5.345345345345344779e-01	-1.394236812866237685e+00	5.099640298574612540e-01
5.355355355355355673e-01	-1.332021820657603106e+00	4.335036645377362552e-01
5.365365365365365458e-01	-1.314609706681556744e+00	4.027346823665225450e-01
5.375375375375375242e-01	-1.323805648697369275e+00	3.994754691200610441e-01
5.385385385385385026e-01	-1.343581262795553899e+00	4.077099572417425266e-01
5.395395395395394811e-01	-1.349016392886422500e+00	4.025294031515711524e-01
5.405405405405405705e-01	-1.325029740948852730e+00	3.688630062096022177e-01
5.415415415415415490e-01	-1.517494267507362604e+00	5.525932988126234235e-01
5.425425425425425274e-01	-1.412224122544320171e+00	4.395430678411602621e-01
5.435435435435435059e-01	-1.205083020177716291e+00	2.255837207966002733e-01
5.445445445445444843e-01	-1.453432554155335232e+00	4.680835936877193459e-01
5.455455455455455738e-01	-1.470229242525457725e+00	4.800049890342589221e-01
5.465465465465465522e-01	-1.287782917970583529e+00	2.936625604806442080e-01
5.475475475475475307e-01	-1.745786867810259713e+00	7.487534480315696239e-01
5.485485485485485091e-01	-1.285469835552492057e+00	2.865092757936648082e-01
5.495495495495495986e-01	-1.514611580847107009e+00	5.147117090803581263e-01
5.505505505505505770e-01	-1.417299843134832482e+00	4.174494161765320843e-01
5.515515515515515554e-01	-1.427213741756397036e+00	4.284014675291278884e-01
5.525525525525525339e-01	-1.322149967669061565e+00	3.253635275120271286e-01
5.535535535535535123e-01	-1.468304210441862212e+00	4.745292824364376605e-01
5.545545545545546018e-01	-1.517025472130133723e+00	5.272447564063506009e-01
5.555555555555555802e-01	-1.264250538591210837e+00	2.794427855790029280e-01
5.565565565565565587e-01	-1.714203114878288137e+00	7.353421574644265490e-01
5.575575575575575371e-01	-1.411964129870803886e+00	4.400179204185697968e-01
5.585585585585585155e-01	-1.573659608842135738e+00	6.095892620259840688e-01
5.595595595595596050e-01	-1.490040992215079019e+00	5.347998346167927020e-01
5.605605605605605835e-01	-1.132324076094898269e+00	1.868567035010350041e-01
5.615615615615615619e-01	-1.373794509564080224e+00	4.390358528969288132e-01
5.625625625625625403e-01	-1.329219859242538604e+00	4.060942600482252418e-01
5.635635635635635188e-01	-1.559655297973657984e+00	6.490755943816222118e-01
5.645645645645646082e-01	-1.412472601664365390e+00	5.153392257220519301e-01
5.655655655655655867e-01	-1.279239928842322183e+00	3.964400161177025206e-01
5.665665665665665651e-01	-1.238523989732879915e+00	3.709305020652778895e-01
5.675675675675675436e-01	-1.184268368636248514e+00	3.327392309029356676e-01
5.685685685685685220e-01	-1.238661584985668140e+00	4.040388367378502377e-01
5.695695695695696115e-01	-1.150128659107773732e+00	3.332376219148689422e-01
5.705705705705705899e-01	-1.133751768840892460e+00	3.354002301664863461e-01
5.715715715715715683e-01	-1.393367831279155089e+00	6.143452456956627339e-01
5.725725725725725468e-01	-1.132718996902120745e+00	3.737957054340319551e-01
5.735735735735735252e-01	-1.014335529344495779e+00	2.762619977121558712e-01
5.745745745745746147e-01	-1.006156796830174116e+00	2.896628733473913808e-01
5.755755755755755931e-01	-1.094534038068965431e+00	4.003282319282422952e-01
5.765765765765765716e-01	-1.118710621518575810e+00	4.474794021776713482e-01
5.775775775775775500e-01	-1.126851640016868883e+00	4.792587583794746253e-01
5.785785785785785285e-01	-9.710385679275745918e-01	3.477243999893564474e-01
5.795795795795796179e-01	-7.785904455426555515e-01	1.801713591517288826e-01
5.805805805805805964e-01	-1.128590685127083493e+00	5.556584304850624711e-01
5.815815815815815748e-01	-9.309709607427494316e-01	3.840920852491226389e-01
5.825825825825825532e-01	-9.545837213340766514e-01	4.342990093524971007e-01
5.835835835835835317e-01	-6.765616208840866674e-01	1.833855589846102863e-01
5.845845845845846211e-01	-8.040313744472504798e-01	3.384516426532931388e-01
5.855855855855855996e-01	-7.566317049351420909e-01	3.191086944782361989e-01
5.865865865865865780e-01	-6.855393723905184311e-01	2.765057304497727797e-01
5.875875875875875565e-01	-5.628036196130921098e-01	1.826638214894942824e-01
5.885885885885885349e-01	-6.244721544685433168e-01	2.736021036172102683e-01
5.895895895895896244e-01	-9.137673131874571864e-01	5.925139695033128096e-01
5.905905905905906028e-01	-4.263797808172231085e-01	1.350608175416772028e-01
5.915915915915915813e-01	-3.966665178828335803e-01	1.355700074707452130e-01
5.925925925925925597e-01	-4.359958824075856332e-01	2.053800116651438579e-01
5.935935935935935381e-01	-5.006565483435123642e-01	3.007493631187047045e-01
5.945945945945946276e-01	-2.790438022769354820e-01	1.100429819550853006e-01
5.955955955955956060e-01	-2.316412413253792768e-01	9.371390335272661298e-02
5.965965965965965845e-01	-2.914498201904541230e-01	1.847323548190946407e-01
5.975975975975975629e-01	-2.157025345984694142e-01	1.403004700160657425e-01
5.985985985985985414e-01	-2.608236968332954819e-01	2.168115948109102242e-01
5.995995995995996308e-01	-1.234266526195852420e-01	1.108480347808461774e-01
6.006006006006006093e-01	-2.495152014038518606e-01	2.683825061883194363e-01
6.016016016016015877e-01	4.044266076393453202e-02	9.851909599430642983e-03
6.026026026026025662e-01	-8.321404072938781704e-02	1.648861425925919333e-01
6.036036036036035446e-01	1.086351534603311603e-01	4.333717968737674231e-03
6.046046046046046341e-01	-5.242169536297994203e-02	1.965756264309397872e-01
6.056056056056056125e-01	9.459997284924454020e-02	8.059647040262449269e-02
6.066066066066065909e-01	1.990661100316277743e-01	6.999601380063363854e-03
6.076076076076075694e-01	5.080356017144064401e-02	1.859276501202362375e-01
6.086086086086086588e-01	3.144600609382014467e-01	-4.729744480368103243e-02
6.096096096096096373e-01	2.970974723066219236e-01	2.323643605514624788e-04
6.106106106106106157e-01	1.704690495271693751e-01	1.567339913306019239e-01
6.116116116116115942e-01	2.670227952863301057e-01	8.972989312789986238e-02
6.126126126126125726e-01	5.463078804764582852e-01	-1.603583214811327151e-01
6.136136136136136621e-01	6.254952288054489440e-01	-2.107304477000399578e-01
6.146146146146146405e-01	5.421585413335160419e-01	-9.898868068938931897e-02
6.156156156156156189e-01	6.496053730421172956e-01	-1.784686639591001600e-01
6.166166166166165974e-01	6.674389207381655753e-01	-1.688012494971761202e-01
6.176176176176175758e-01	7.208124324269187255e-01	-1.951668797955983248e-01
6.186186186186186653e-01	8.804691625156855217e-01	-3.283355161626138052e-01
6.196196196196196437e-01	5.711196601860996092e-01	6.956099314271324552e-03
6.206206206206206222e-01	8.796739206075456785e-01	-2.762276815441204736e-01
6.216216216216216006e-01	7.854143742203600898e-01	-1.571943769247199363e-01
6.226226226226225791e-01	8.410008987211929909e-01	-1.886283621994025994e-01
6.236236236236236685e-01	8.670367734085728806e-01	-1.911568000458928607e-01
6.246246246246246470e-01	8.921167554853199899e-01	-1.933976931329527416e-01
6.256256256256256254e-01	8.202451409771452928e-01	-9.937792205256135158e-02
6.266266266266266038e-01	1.027144954375962316e+00	-2.848424126303551462e-01
6.276276276276275823e-01	1.245129865640332900e+00	-4.821260312688063765e-01
6.286286286286286717e-01	1.061198327474710545e+00	-2.782477012662468718e-01
6.296296296296296502e-01	1.098478889358045940e+00	-2.963556966030025386e-01
6.306306306306306286e-01	1.041609649170063268e+00	-2.211070740629770270e-01
6.316316316316316071e-01	1.139345108278945640e+00	-3.012745095737191514e-01
6.326326326326325855e-01	1.239454736793388134e+00	-3.846448454864630495e-01
6.336336336336336750e-01	1.160200390798401537e+00	-2.894964906332737620e-01
6.346346346346346534e-01	1.173403228531931797e+00	-2.876663201354029420e-01
6.356356356356356319e-01	1.303849605746176810e+00	-4.039555552228597524e-01
6.366366366366366103e-01	1.161595529157674722e+00	-2.484342019846916827e-01
6.376376376376375887e-01	1.326290424045587280e+00	-4.007648051239101061e-01
6.386386386386386782e-01	1.415266640913401375e+00	-4.782919416459633366e-01
6.396396396396396566e-01	1.500786698588375767e+00	-5.532894518679465357e-01
6.406406406406406351e-01	1.336687871914257864e+00	-3.796050159159869430e-01
6.416416416416416135e-01	1.533083846851336141e+00	-5.673617985359817872e-01
6.426426426426425920e-01	1.505797798482444216e+00	-5.323915177264421095e-01
6.436436436436436814e-01	1.264242434162505369e+00	-2.841144794403288598e-01
6.446446446446446599e-01	1.247640417420324166e+00	-2.617599939729287062e-01
6.456456456456456383e-01	1.369217204950380795e+00	-3.785592063809490870e-01
6.466466466466466168e-01	1.543621344871054735e+00	-5.491653891157772804e-01
6.476476476476475952e-01	1.413789905415606674e+00	-4.165193660427741751e-01
6.486486486486486847e-01	1.353146400815766315e+00	-3.540474346110848991e-01
6.496496496496496631e-01	1.625280492254112863e+00	-6.253410640538191734e-01
6.506506506506506415e-01	1.472061935156709467e+00	-4.722708408927832613e-01
6.516516516516516200e-01	1.147647437311741125e+00	-1.489933262352846066e-01
6.526526526526525984e-01	1.472796610348578117e+00	-4.762670073982411267e-01
6.536536536536536879e-01	1.496472511312766152e+00	-5.030528405949553639e-01
6.546546546546546663e-01	1.456810770429154633e+00	-4.674833807756612059e-01
6.556556556556556448e-01	1.480768933506284801e+00	-4.965121270729160319e-01
6.566566566566566232e-01	1.410559015393874294e+00	-4.323460802606653441e-01
6.576576576576576016e-01	1.246390795855284228e+00	-2.751890435849070338e-01
6.586586586586586911e-01	1.354813687773967157e+00	-3.915834968800550042e-01
6.596596596596596696e-01	1.272762986345344238e+00	-3.184568526165955094e-01
6.606606606606606480e-01	1.261446588263157809e+00	-3.170081828823285708e-01
6.616616616616616264e-01	1.207078247278920546e+00	-2.734414836680734151e-01
6.626626626626626049e-01	1.405359851428930718e+00	-4.834479617437039689e-01
6.636636636636636943e-01	1.345015535657088313e+00	-4.357401578432004152e-01
6.646646646646646728e-01	1.258684942158528663e+00	-3.629452184732732123e-01
6.656656656656656512e-01	1.214841423844176482e+00	-3.335231117343686602e-01
6.666666666666666297e-01	1.271492903907525340e+00	-4.054675001230850784e-01
6.676676676676676081e-01	1.387195855330268124e+00	-5.373197341395811177e-01
6.686686686686686976e-01	9.820283651913663814e-01	-1.491419315505934096e-01
6.696696696696696760e-01	1.254965084869191561e+00	-4.398919433829290293e-01
6.706706706706706544e-01	1.115789047349395657e+00	-3.193351878444653513e-01
6.716716716716716329e-01	9.215357349286664723e-01	-1.444887354463757489e-01
6.726726726726726113e-01	8.853282012277062796e-01	-1.284564492227134869e-01
6.736736736736737008e-01	9.849068155136757596e-01	-2.489587480295726296e-01
6.746746746746746792e-01	1.094854082712883869e+00	-3.805574462858621887e-01
6.756756756756756577e-01	1.086183127898447065e+00	-3.942442589208989823e-01
6.766766766766766361e-01	8.909957405213736470e-01	-2.220988667770337210e-01
6.776776776776777256e-01	1.101641069978155363e+00	-4.564476340394630904e-01
6.786786786786787040e-01	1.119448196722275135e+00	-4.985962018790315309e-01
6.796796796796796825e-01	9.581332218585355553e-01	-3.622366012246366340e-01
6.806806806806806609e-01	7.997280180347146050e-01	-2.293760274568107382e-01
6.816816816816816393e-01	9.773318890425187755e-01	-4.330885244109389243e-01
6.826826826826827288e-01	8.965428959440829848e-01	-3.789463354822054653e-01
6.836836836836837072e-01	8.738333172213120781e-01	-3.833953893048911987e-01
6.846846846846846857e-01	6.468322087907840690e-01	-1.840378858234833492e-01
6.856856856856856641e-01	3.361192661328915587e-01	9.857381502150397434e-02
6.866866866866866426e-01	9.126656033746254337e-01	-5.065036128201516608e-01
6.876876876876877320e-01	4.085138586487079282e-01	-3.128459434593860999e-02
6.886886886886887105e-01	5.624348976276328793e-01	-2.145113849333482037e-01
6.896896896896896889e-01	8.226289897310334887e-01	-5.043552748387226670e-01
6.906906906906906674e-01	5.272609202842943876e-01	-2.389517300120722609e-01
6.916916916916916458e-01	5.620699744272259490e-01	-3.040104049983739509e-01
6.926926926926927353e-01	2.129306583854977952e-01	1.462410649058437651e-02
6.936936936936937137e-01	1.354522338710177354e-01	6.137270759668894682e-02
6.946946946946946921e-01	2.450104424163472294e-01	-7.910995584763461097e-02
6.956956956956956706e-01	4.033686669809308234e-01	-2.685566869743458707e-01
6.966966966966966490e-01	1.821672717911543005e-01	-7.857710795891273414e-02
6.976976976976977385e-01	8.288835235021987935e-02	-1.062244042963264579e-02
6.986986986986987169e-01	1.619439163708380480e-01	-1.210737169301247251e-01
6.996996996996996954e-01	2.271991858976887546e-01	-2.177651136717922986e-01
7.007007007007006738e-01	-1.326007749934783875e-01	1.105893910672520186e-01
7.017017017017016522e-01	-1.489700110046105752e-01	9.553493701155585383e-02
7.027027027027027417e-01	-1.434303841938996682e-01	5.862445971839114200e-02
7.037037037037037202e-01	4.452008128608019727e-02	-1.606129954113117986e-01
7.047047047047046986e-01	-1.071887620213329700e-01	-4.007634259880805960e-02
7.057057057057056770e-01	8.535877654522620872e-02	-2.636504477032005633e-01
7.067067067067066555e-01	-1.076817970044541550e-01	-1.014601359331101238e-01
7.077077077077077449e-01	-2.732525319417590803e-01	3.346714844402418065e-02
7.087087087087087234e-01	-1.560476504013952326e-01	-1.141440704823877828e-01
7.097097097097097018e-01	-3.297785326429749642e-01	2.944765503122503958e-02
7.107107107107106803e-01	-4.850750171820336076e-01	1.549019667811988299e-01
7.117117117117116587e-01	-3.578980943280987703e-01	-1.790635316433586421e-03
7.127127127127127482e-01	-5.703917954394598366e-01	1.815430668480704779e-01
7.137137137137137266e-01	-5.625756965434295376e-01	1.449514843369621442e-01
7.147147147147147050e-01	-4.047117011387935115e-01	-4.127502454628156903e-02
7.157157157157156835e-01	-6.233366256465736610e-01	1.494284030561326970e-01
7.167167167167166619e-01	-7.523831405353644808e-01	2.510220479477620614e-01
7.177177177177177514e-01	-7.494220174323541483e-01	2.211038286863014068e-01
7.187187187187187298e-01	-6.020880898979091844e-01	4.733523551379203997e-02
7.197197197197197083e-01	-8.356953220444005570e-01	2.550563726157961675e-01
7.207207207207206867e-01	-8.541795887800254228e-01	2.482287125164795993e-01
7.217217217217216652e-01	-9.065517436663541595e-01	2.758881386237976852e-01
7.227227227227227546e-01	-8.557827002491528168e-01	2.010300018094169916e-01
7.237237237237237331e-01	-9.620716152737992521e-01	2.838772794591332138e-01
7.247247247247247115e-01	-1.149418728380479759e+00	4.484533916128836672e-01
7.257257257257256899e-01	-1.093738545970203813e+00	3.706953619086968965e-01
7.267267267267266684e-01	-1.131536161176103894e+00	3.871301152876858165e-01
7.277277277277277578e-01	-8.915074938308619190e-01	1.264746963729715956e-01
7.287287287287287363e-01	-9.754743970245540741e-01	1.905713551381501558e-01
7.297297297297297147e-01	-1.032390451802220221e+00	2.283933214352810159e-01
7.307307307307306932e-01	-1.198236685539935342e+00	3.759405039411281013e-01
7.317317317317316716e-01	-1.265252483876124101e+00	4.254703834175853627e-01
7.327327327327327611e-01	-1.253339391776193690e+00	3.969017958828476855e-01
7.337337337337337395e-01	-1.347491119489867772e+00	4.752449214703821090e-01
7.347347347347347180e-01	-9.292187081845720842e-01	4.202643377596937402e-02
7.357357357357356964e-01	-1.540561384428544622e+00	6.393003388826001832e-01
7.367367367367367859e-01	-1.213518547372004930e+00	2.990799479268386740e-01
7.377377377377377643e-01	-1.462872412828522428e+00	5.361605074232375090e-01
7.387387387387387427e-01	-1.334906390934052611e+00	3.968375640378873914e-01
7.397397397397397212e-01	-1.463556764506001473e+00	5.150586309462072965e-01
7.407407407407406996e-01	-1.503795226859017342e+00	5.458057145435287749e-01
7.417417417417417891e-01	-1.513917066231743380e+00	5.473834886737017902e-01
7.427427427427427675e-01	-1.166349414379196370e+00	1.922275339404602157e-01
7.437437437437437460e-01	-1.413120536778648129e+00	4.323736195586088682e-01
7.447447447447447244e-01	-1.502107179587104158e+00	5.157050428913896312e-01
7.457457457457457028e-01	-1.346523955278547735e+00	3.554420086095283482e-01
7.467467467467467923e-01	-1.421299058112570179e+00	4.265173386299848657e-01
7.477477477477477708e-01	-1.339098139994710390e+00	3.416003434002107264e-01
7.487487487487487492e-01	-1.660451730327870967e+00	6.612242381317916529e-01
7.497497497497497276e-01	-1.398458216145484379e+00	3.984891202777375296e-01
7.507507507507507061e-01	-1.340879971419708605e+00	3.411580971493198833e-01
7.517517517517517955e-01	-1.643750344055582291e+00	6.452642721850598839e-01
7.527527527527527740e-01	-1.382036073902209061e+00	3.857731632036545122e-01
7.537537537537537524e-01	-1.224331626590044797e+00	2.312770374496772030e-01
7.547547547547547309e-01	-1.433229908947405429e+00	4.443656291839696015e-01
7.557557557557557093e-01	-1.323334857942374043e+00	3.396387317627634905e-01
7.567567567567567988e-01	-1.334255408131212572e+00	3.567001691835263166e-01
7.577577577577577772e-01	-1.497303947713575889e+00	5.268562571937784877e-01
7.587587587587587556e-01	-1.394421496032766106e+00	4.320409867961326755e-01
7.597597597597597341e-01	-1.586300489811863779e+00	6.329388174344340312e-01
7.607607607607607125e-01	-1.434382568807178737e+00	4.909824705355965158e-01
7.617617617617618020e-01	-1.332320334518572347e+00	3.998146970388646304e-01
7.627627627627627804e-01	-1.259149057733588206e+00	3.384599946807255177e-01
7.637637637637637589e-01	-1.329512220104005493e+00	4.215501602244591250e-01
7.647647647647647373e-01	-1.224450588092219183e+00	3.301133749611910861e-01
7.657657657657657158e-01	-1.431608492680331191e+00	5.517804968639001828e-01
7.667667667667668052e-01	-1.286603493021770461e+00	4.221547375619048026e-01
7.677677677677677837e-01	-1.251806376492930140e+00	4.035916765801281780e-01
7.687687687687687621e-01	-1.000771250052144845e+00	1.696293677364507646e-01
7.697697697697697405e-01	-1.232421573413347238e+00	4.191743881896129453e-01
7.707707707707707190e-01	-1.243701046873726845e+00	4.491527429612808264e-01
7.717717717717718084e-01	-1.153104127481209940e+00	3.780403986016094287e-01
7.727727727727727869e-01	-1.243834136034946747e+00	4.890214084741481004e-01
7.737737737737737653e-01	-1.075966759382067650e+00	3.421514341053391028e-01
7.747747747747747438e-01	-1.116254798562497097e+00	4.041625131314696695e-01
7.757757757757757222e-01	-1.264714170893443290e+00	5.750490819151783395e-01
7.767767767767768117e-01	-1.017052102144109682e+00	3.504961889617386195e-01
7.777777777777777901e-01	-1.017296423016525120e+00	3.745088133299856459e-01
7.787787787787787686e-01	-1.149609269054515659e+00	5.312255871382989270e-01
7.797797797797797470e-01	-9.212102559758610365e-01	3.278419941382381131e-01
7.807807807807807254e-01	-6.924340024657879011e-01	1.246679163710791016e-01
7.817817817817818149e-01	-7.764372300260374837e-01	2.348347584778481822e-01
7.827827827827827933e-01	-7.271368801489958011e-01	2.122335899081826405e-01
7.837837837837837718e-01	-9.326825725397424049e-01	4.449876287261060326e-01
7.847847847847847502e-01	-6.670378146106182848e-01	2.070334772120040467e-01
7.857857857857857287e-01	-6.680355221471988569e-01	2.361766691339000634e-01
7.867867867867868181e-01	-5.807470043604716636e-01	1.774606818764908334e-01
7.877877877877877966e-01	-5.536704100266962580e-01	1.793554101026764158e-01
7.887887887887887750e-01	-7.346522911611026441e-01	3.896787573665097537e-01
7.897897897897897534e-01	-5.301717146420937832e-01	2.148807760665908395e-01
7.907907907907907319e-01	-5.765022190696647009e-01	2.912056529956129625e-01
7.917917917917918214e-01	-4.460528459074220020e-01	1.910327695071115661e-01
7.927927927927927998e-01	-5.087605922845888085e-01	2.842691836470147559e-01
7.937937937937937782e-01	-1.917946637309004276e-01	-1.946087506000143685e-03
7.947947947947947567e-01	-4.176972507075791818e-01	2.548987385424839047e-01
7.957957957957957351e-01	-3.788553097145379578e-01	2.471600208789118958e-01
7.967967967967968246e-01	-2.137473413920002452e-01	1.132855035398318833e-01
7.977977977977978030e-01	-3.120505908755593083e-01	2.429215462807728376e-01
7.987987987987987815e-01	-1.869224609515610092e-01	1.491945682728439415e-01
7.997997997997997599e-01	-1.926638416634183781e-01	1.863744083473492519e-01
8.008008008008007383e-01	1.327937298828856527e-01	-1.076384844935126955e-01
8.018018018018018278e-01	1.009683704425628631e-01	-4.439332125877136492e-02
8.028028028028028062e-01	4.164291211487818750e-02	4.629599629618071782e-02
8.038038038038037847e-01	4.625326385778391614e-02	7.296254487838911562e-02
8.048048048048047631e-01	2.570739562131648670e-01	-1.066991343992299557e-01
8.058058058058058526e-01	2.344620334840104847e-01	-5.307689761135919726e-02
8.068068068068068310e-01	2.904727692174615683e-01	-7.825668303495492140e-02
8.078078078078078095e-01	2.692481571717424971e-01	-2.641097179315460286e-02
8.088088088088087879e-01	1.069603866570989492e-01	1.662577669513661816e-01
8.098098098098097664e-01	3.455096782715111892e-01	-4.218072979688669566e-02
8.108108108108108558e-01	3.362261027736775931e-01	-3.086308031620244030e-03
8.118118118118118343e-01	5.252405136958918641e-01	-1.626192999142265783e-01
8.128128128128128127e-01	6.137070357741859494e-01	-2.219629830537883097e-01
8.138138138138137911e-01	4.493356478887352567e-01	-2.885613461952202252e-02
8.148148148148147696e-01	6.308786126037440045e-01	-1.820794324032842804e-01
8.158158158158158590e-01	8.310142719068062123e-01	-3.543392224603793550e-01
8.168168168168168375e-01	5.728878663476886235e-01	-6.880831055636282834e-02
8.178178178178178159e-01	9.059794811679735549e-01	-3.749938810386533872e-01
8.188188188188187944e-01	6.290029075957060956e-01	-7.163633133406532849e-02
8.198198198198197728e-01	7.765404855246162974e-01	-1.933440883183454861e-01
8.208208208208208623e-01	8.105696636665979948e-01	-2.021201426723817640e-01
8.218218218218218407e-01	8.500384750064606809e-01	-2.169374990796386626e-01
8.228228228228228192e-01	7.808604552030917745e-01	-1.237340699339036787e-01
8.238238238238237976e-01	8.462795004077539041e-01	-1.657775090525029915e-01
8.248248248248247760e-01	8.710300178640836277e-01	-1.678253387834022226e-01
8.258258258258258655e-01	1.026578280951898625e+00	-3.013662821914999679e-01
8.268268268268268439e-01	1.058777996134303345e+00	-3.122758078062509712e-01
8.278278278278278224e-01	1.326897804293252436e+00	-5.598436094376543215e-01
8.288288288288288008e-01	1.252592797993726581e+00	-4.657451026221380852e-01
8.298298298298297793e-01	1.047362498163142419e+00	-2.414993812054756495e-01
8.308308308308308687e-01	1.178765765903448282e+00	-3.546841098000830250e-01
8.318318318318318472e-01	1.289409739684723055e+00	-4.479244423846728829e-01
8.328328328328328256e-01	1.195421055057088067e+00	-3.373642242014013304e-01
8.338338338338338041e-01	1.208937508246909154e+00	-3.351576383341821064e-01
8.348348348348347825e-01	1.247484315659329379e+00	-3.588454490069739045e-01
8.358358358358358720e-01	1.371935566411117691e+00	-4.693164387420831751e-01
8.368368368368368504e-01	1.178974913757206977e+00	-2.632680852570380425e-01
8.378378378378378288e-01	1.262281642366968937e+00	-3.343926150704603639e-01
8.388388388388388073e-01	1.380286706951038500e+00	-4.411330293312718531e-01
8.398398398398397857e-01	1.377543915347990255e+00	-4.280542749931772750e-01
8.408408408408408752e-01	1.383151784463223954e+00	-4.242650897385740194e-01
8.418418418418418536e-01	1.322317173224112352e+00	-3.549816248268223839e-01
8.428428428428428321e-01	1.501181053797679299e+00	-5.263532071231455944e-01
8.438438438438438105e-01	1.659396660594997019e+00	-6.780404798414382261e-01
8.448448448448447889e-01	1.456023162781220570e+00	-4.691090677280608245e-01
8.458458458458458784e-01	1.390549129539490281e+00	-3.990530359421055051e-01
8.468468468468468568e-01	1.516381360696328784e+00	-5.212837152460628731e-01
8.478478478478478353e-01	1.362361120448972285e+00	-3.646459312527109420e-01
8.488488488488488137e-01	1.340914298853666420e+00	-3.415681623916855258e-01
8.498498498498497922e-01	1.441860304601454201e+00	-4.418714301257401500e-01
8.508508508508508816e-01	1.117193754478606804e+00	-1.175509868163768790e-01
8.518518518518518601e-01	1.293526774736196039e+00	-2.952186164649277522e-01
8.528528528528528385e-01	1.390353870448485241e+00	-3.943675044093806203e-01
8.538538538538538170e-01	1.261150222694380485e+00	-2.684705358108601114e-01
8.548548548548547954e-01	1.296740173826755882e+00	-3.083487831932826273e-01
8.558558558558558849e-01	1.364825512842231081e+00	-3.816997950465267353e-01
8.568568568568568633e-01	1.206576414096113936e+00	-2.296885387346209173e-01
8.578578578578578417e-01	1.351561878633616098e+00	-3.818778469759284144e-01
8.588588588588588202e-01	1.325849961342801198e+00	-3.643286510956752489e-01
8.598598598598597986e-01	1.384626179987653138e+00	-4.322183971032007577e-01
8.608608608608608881e-01	1.512716296670027827e+00	-5.703638351357088743e-01
8.618618618618618665e-01	1.378536653299727632e+00	-4.471713638398725488e-01
8.628628628628628450e-01	1.345311814502176073e+00	-4.258546831119705001e-01
8.638638638638638234e-01	1.338625124781690046e+00	-4.319853620047998666e-01
8.648648648648649129e-01	1.337007652422418591e+00	-4.440817942728501055e-01
8.658658658658658913e-01	1.163052263081825188e+00	-2.847232844990558176e-01
8.668668668668668698e-01	1.255044016726310385e+00	-3.921804584403795202e-01
8.678678678678678482e-01	1.285716899805412927e+00	-4.391720094753518433e-01
8.688688688688688266e-01	1.052105868380239562e+00	-2.227167568551554622e-01
8.698698698698699161e-01	1.305918620534839203e+00	-4.945054340719732267e-01
8.708708708708708945e-01	1.308853245697685574e+00	-5.162183549559996587e-01
8.718718718718718730e-01	1.069357727402445946e+00	-2.962849340137282406e-01
8.728728728728728514e-01	1.090715218224647121e+00	-3.379689797266913764e-01
8.738738738738738299e-01	9.833379722720637650e-01	-2.516626461703833639e-01
8.748748748748749193e-01	1.149963755313002434e+00	-4.400828630185732449e-01
8.758758758758758978e-01	9.026000296684981716e-01	-2.152155410393887802e-01
8.768768768768768762e-01	9.757955216950153776e-01	-3.115871608894010825e-01
8.778778778778778547e-01	8.639598081897486015e-01	-2.235843815167212201e-01
8.788788788788788331e-01	9.444094584813598203e-01	-3.285002049141775293e-01
8.798798798798799226e-01	6.806679393044057225e-01	-8.983390429844662073e-02
8.808808808808809010e-01	1.033546677218325271e+00	-4.683721104529330326e-01
8.818818818818818794e-01	7.140363823824044109e-01	-1.750801600221872922e-01
8.828828828828828579e-01	8.043535051890211562e-01	-2.921485772359049271e-01
8.838838838838838363e-01	7.330522789004013662e-01	-2.481051421829102988e-01
8.848848848848849258e-01	6.256910185454586104e-01	-1.684812158663810955e-01
8.858858858858859042e-01	5.690622185704466984e-01	-1.400418645081205060e-01
8.868868868868868827e-01	7.557847878036573208e-01	-3.553781216358523065e-01
8.878878878878878611e-01	5.335349465386990397e-01	-1.621379127311283752e-01
8.888888888888888395e-01	5.912010117210964033e-01	-2.491808683954236936e-01
8.898898898898899290e-01	4.156207942728260551e-01	-1.033157500413378616e-01
8.908908908908909074e-01	3.927567522289011626e-01	-1.104756317549293043e-01
8.918918918918918859e-01	4.892040776223545717e-01	-2.372260162372277770e-01
8.928928928928928643e-01	5.033161507404745327e-01	-2.818903184189123223e-01
8.938938938938938428e-01	3.237362619596273472e-01	-1.330816169265616744e-01
8.948948948948949322e-01	1.233514705681235252e-01	3.634345721942501550e-02
8.958958958958959107e-01	5.036706810365049192e-01	-3.750933857546356887e-01
8.968968968968968891e-01	1.052608079519198880e-01	-7.928289583615161229e-03
8.978978978978978676e-01	-2.547412762913262019e-02	9.146562125575673219e-02
8.988988988988988460e-01	4.451345276037129706e-01	-4.105493147918941044e-01
8.998998998998999355e-01	2.762091240804970954e-02	-2.447618020031381778e-02
9.009009009009009139e-01	-1.488980595876900626e-01	1.205992015045730115e-01
9.019019019019018923e-01	-9.799754315207891142e-02	3.828307826887156901e-02
9.029029029029028708e-01	-1.184299479297938607e-02	-7.922802789366092946e-02
9.039039039039038492e-01	-7.876302730302549293e-02	-4.357449707542972173e-02
9.049049049049049387e-01	-2.520647802099220680e-01	9.858172831370576317e-02
9.059059059059059171e-01	3.493423915893594661e-02	-2.194110459624268594e-01
9.069069069069068956e-01	-2.998381008134740622e-01	8.454996006838666478e-02
9.079079079079078740e-01	-4.275044808188978029e-01	1.816178950650484403e-01
9.089089089089088525e-01	-2.047952413537307281e-01	-7.144664302534131650e-02
9.099099099099099419e-01	-2.011811093246201609e-01	-1.051429102821629102e-01
9.109109109109109204e-01	-5.105884934898288208e-01	1.744852489476145796e-01
9.119119119119118988e-01	-6.280108824415925328e-01	2.624607706163734067e-01
9.129129129129128772e-01	-3.679445261877891116e-01	-2.669097656165042576e-02
9.139139139139138557e-01	-7.934556145503844915e-01	3.701249584938526849e-01
9.149149149149149451e-01	-7.337086632209742776e-01	2.821014668440799955e-01
9.159159159159159236e-01	-5.014482638281857474e-01	2.201110153937807512e-02
9.169169169169169020e-01	-6.690520708391241023e-01	1.622590368708518582e-01
9.179179179179178805e-01	-7.356723230986959017e-01	2.020245626965750940e-01
9.189189189189188589e-01	-6.978435869941715941e-01	1.378688008565789325e-01
9.199199199199199484e-01	-7.977323280896164714e-01	2.119842505477781414e-01
9.209209209209209268e-01	-9.801107144087460865e-01	3.691685658633225842e-01
9.219219219219219053e-01	-6.959469093961127006e-01	6.041482355172922425e-02
9.229229229229228837e-01	-7.233317353803899730e-01	6.383816184449575548e-02
9.239239239239238621e-01	-8.991586262778445970e-01	2.163557091146582900e-01
9.249249249249249516e-01	-9.527302959763568335e-01	2.472932288304049431e-01
9.259259259259259300e-01	-6.982888782416276641e-01	-2.908476333142129278e-02
9.269269269269269085e-01	-1.054324046794725689e+00	3.057330984597358414e-01
9.279279279279278869e-01	-1.083929936654462356e+00	3.148619300801472898e-01
9.289289289289288654e-01	-1.036557926056081103e+00	2.477733586234522889e-01
9.299299299299299548e-01	-9.264502465814640209e-01	1.187291125076563869e-01
9.309309309309309333e-01	-9.395504033950390355e-01	1.136914224314959920e-01
9.319319319319319117e-01	-1.195578459739212507e+00	3.523982873529910576e-01
9.329329329329328901e-01	-1.149696404416052253e+00	2.900288242353086243e-01
9.339339339339339796e-01	-1.385157997779903338e+00	5.098530971020909242e-01
9.349349349349349581e-01	-1.277685438243453486e+00	3.876087674215471512e-01
9.359359359359359365e-01	-1.365202427670840324e+00	4.612341442088244703e-01
9.369369369369369149e-01	-1.406270430390965887e+00	4.893044285949533778e-01
9.379379379379378934e-01	-1.092036109484937345e+00	1.629791365305759410e-01
9.389389389389389828e-01	-1.415783878263713325e+00	4.755546375539548842e-01
9.399399399399399613e-01	-1.399777719847876911e+00	4.493059625477652252e-01
9.409409409409409397e-01	-1.304639547251230214e+00	3.448651528980414271e-01
9.419419419419419182e-01	-1.202227826281409673e+00	2.340998733792915010e-01
9.429429429429428966e-01	-1.315709599336938096e+00	3.401854268551003369e-01
9.439439439439439861e-01	-1.042836802557401077e+00	6.088106325989417478e-02
9.449449449449449645e-01	-1.404173960596453830e+00	4.167576671396648891e-01
9.459459459459459429e-01	-1.370276500491061533e+00	3.783760652321848106e-01
9.469469469469469214e-01	-1.376389857368128355e+00	3.809861268341160345e-01
9.479479479479478998e-01	-1.238552232274706677e+00	2.406295172464635312e-01
9.489489489489489893e-01	-1.357840167235050854e+00	3.583852694059814770e-01
9.499499499499499677e-01	-1.438373994544335011e+00	4.383752307157375849e-01
9.509509509509509462e-01	-1.545889514214200178e+00	5.463357389924362595e-01
9.519519519519519246e-01	-1.397988896788772584e+00	3.998685247506260643e-01
9.529529529529529031e-01	-1.252062766140139116e+00	2.563627944333013442e-01
9.539539539539539925e-01	-1.474727184207089037e+00	4.824322165522754169e-01
9.549549549549549710e-01	-1.355131792668615498e+00	3.672230657284373256e-01
9.559559559559559494e-01	-1.385949679553276637e+00	4.034040926306484698e-01
9.569569569569569278e-01	-1.301696889805192603e+00	3.254860388307622143e-01
9.579579579579579063e-01	-1.501230132242436399e+00	5.323193490062864131e-01
9.589589589589589957e-01	-1.097898972343182455e+00	1.372463699208614774e-01
9.599599599599599742e-01	-1.537180564243026515e+00	5.857360895598494599e-01
9.609609609609609526e-01	-1.411193422914097217e+00	4.698979173845930779e-01
9.619619619619619311e-01	-1.234279720632135202e+00	3.040639898035306654e-01
9.629629629629629095e-01	-1.299930747516732765e+00	3.817146406364578803e-01
9.639639639639639990e-01	-1.216112694194166899e+00	3.108041946115701615e-01
9.649649649649649774e-01	-1.362784051944210262e+00	4.712783792459256382e-01
9.659659659659659559e-01	-1.291966584817719088e+00	4.151453095845639707e-01
9.669669669669669343e-01	-1.262024086444776261e+00	4.007542585055449136e-01
9.679679679679679127e-01	-1.046625861603622365e+00	2.017591526478030861e-01
9.689689689689690022e-01	-1.134597645121279363e+00	3.069695065185478189e-01
9.699699699699699806e-01	-1.096762748966124912e+00	2.871915856253797195e-01
9.709709709709709591e-01	-1.252708763589245766e+00	4.619951246741519357e-01
9.719719719719719375e-01	-1.024185010712692412e+00	2.531107980139667424e-01
9.729729729729729160e-01	-1.089921566057356017e+00	3.392492608046295821e-01
9.739739739739740054e-01	-9.164240266094332288e-01	1.868959354872440359e-01
9.749749749749749839e-01	-8.075749621063681438e-01	9.991248321986190284e-02
9.759759759759759623e-01	-1.064051721132912354e+00	3.789546306491311523e-01
9.769769769769769407e-01	-1.045240073471340514e+00	3.833858336414709411e-01
9.779779779779779192e-01	-1.071196681706774179e+00	4.332397709536595087e-01
9.789789789789790087e-01	-9.480180938746618491e-01	3.345893596079988486e-01
9.799799799799799871e-01	-9.437739270731970720e-01	3.554799618723923915e-01
9.809809809809809655e-01	-8.163075918804273412e-01	2.537301336619894876e-01
9.819819819819819440e-01	-8.433319265840392154e-01	3.070272833466546336e-01
9.829829829829829224e-01	-8.327292833449354559e-01	3.232277830610588154e-01
9.839839839839840119e-01	-6.191208194303309265e-01	1.369262856282814633e-01
9.849849849849849903e-01	-8.283968507541962234e-01	3.739861043093188897e-01
9.859859859859859688e-01	-6.184183793535306117e-01	1.922407669810940467e-01
9.869869869869869472e-01	-6.835270347398438862e-01	2.860039846559282450e-01
9.879879879879879256e-01	-5.024045942762083161e-01	1.339291994659542739e-01
9.889889889889890151e-01	-3.787858037213653328e-01	3.972243322669116727e-02
9.899899899899899935e-01	-5.461216088648930267e-01	2.368055474760237811e-01
9.909909909909909720e-01	-4.111524807898495615e-01	1.318895974970177298e-01
9.919919919919919504e-01	-4.007615750825164747e-01	1.518280206156215617e-01
9.929929929929930399e-01	-4.808229888157123377e-01	2.624649225710655731e-01
9.939939939939940183e-01	-3.086961777942751062e-01	1.211295244184386888e-01
9.949949949949949968e-01	-2.592364331996436233e-01	1.026466690710851615e-01
9.959959959959959752e-01	-1.988092007536946260e-01	7.335117057339629598e-02
9.969969969969969537e-01	-2.311212092382243510e-01	1.369189729105942943e-01
9.979979979979980431e-01	-1.503168808425815739e-01	8.746359079810141213e-02
9.989989989989990216e-01	-2.615649550992448225e-01	2.301227641801245061e-01
1.000000000000000000e+00	-1.207651634518830397e-01	1.207651634518818184e-01
