# Time	FTRLS_Output	FTRLS_Error
0.000000000000000000e+00	0.000000000000000000e+00	0.000000000000000000e+00
1.001001001001000992e-03	0.000000000000000000e+00	0.000000000000000000e+00
2.002002002002001985e-03	0.000000000000000000e+00	0.000000000000000000e+00
3.003003003003002977e-03	0.000000000000000000e+00	0.000000000000000000e+00
4.004004004004003969e-03	0.000000000000000000e+00	0.000000000000000000e+00
5.005005005005004962e-03	0.000000000000000000e+00	0.000000000000000000e+00
6.006006006006005954e-03	0.000000000000000000e+00	0.000000000000000000e+00
7.007007007007006946e-03	0.000000000000000000e+00	0.000000000000000000e+00
8.008008008008007939e-03	0.000000000000000000e+00	0.000000000000000000e+00
9.009009009009008931e-03	0.000000000000000000e+00	0.000000000000000000e+00
1.001001001001000992e-02	0.000000000000000000e+00	0.000000000000000000e+00
1.101101101101101092e-02	0.000000000000000000e+00	0.000000000000000000e+00
1.201201201201201191e-02	0.000000000000000000e+00	0.000000000000000000e+00
1.301301301301301290e-02	0.000000000000000000e+00	0.000000000000000000e+00
1.401401401401401389e-02	0.000000000000000000e+00	0.000000000000000000e+00
1.501501501501501488e-02	0.000000000000000000e+00	0.000000000000000000e+00
1.601601601601601588e-02	0.000000000000000000e+00	0.000000000000000000e+00
1.701701701701701513e-02	0.000000000000000000e+00	0.000000000000000000e+00
1.801801801801801786e-02	0.000000000000000000e+00	0.000000000000000000e+00
1.901901901901902059e-02	0.000000000000000000e+00	0.000000000000000000e+00
2.002002002002001985e-02	0.000000000000000000e+00	0.000000000000000000e+00
2.102102102102101910e-02	0.000000000000000000e+00	0.000000000000000000e+00
2.202202202202202183e-02	0.000000000000000000e+00	0.000000000000000000e+00
2.302302302302302456e-02	0.000000000000000000e+00	0.000000000000000000e+00
2.402402402402402382e-02	0.000000000000000000e+00	0.000000000000000000e+00
2.502502502502502307e-02	0.000000000000000000e+00	7.076624788865043536e-01
2.602602602602602580e-02	2.126772898831323477e+00	-1.397244807709135062e+00
2.702702702702702853e-02	1.197040404286725757e+00	-4.463680990340014310e-01
2.802802802802802778e-02	3.415759183167904389e+00	-2.644684970469179497e+00
2.902902902902902704e-02	3.539850323942156596e+00	-2.749136685027062654e+00
3.003003003003002977e-02	2.174445803213951312e+00	-1.364874639873207229e+00
3.103103103103103250e-02	2.529189112120390881e+00	-1.701560973517659558e+00
3.203203203203203175e-02	1.191075895836667842e+00	-3.462091868808501172e-01
3.303303303303303101e-02	9.993125180184539436e-03	8.512767027590462110e-01
3.403403403403403027e-02	1.864636175165215626e+00	-9.878148999320621737e-01
3.503503503503503647e-02	2.470969883056529870e+00	-1.579464210358245913e+00
3.603603603603603572e-02	3.683665959103561871e+00	-2.778357459520965023e+00
3.703703703703703498e-02	3.659782748432208077e+00	-2.741566641551933969e+00
3.803803803803804118e-02	2.011893046459935608e+00	-1.081677315631331293e+00
3.903903903903904044e-02	2.138802752457998224e+00	-1.197507246928494862e+00
4.004004004004003969e-02	1.399947454578513995e+00	-4.485029798953372726e-01
4.104104104104103895e-02	1.018710964423042764e+00	-5.805836200072178599e-02
4.204204204204203821e-02	7.371943597893038103e-01	2.317164234468457318e-01
4.304304304304304440e-02	4.507173636010650242e+00	-3.530962785036220630e+00
4.404404404404404366e-02	2.012353402852930184e+00	-1.029807815930302350e+00
4.504504504504504292e-02	2.142191377525889173e+00	-1.154282650585711112e+00
4.604604604604604912e-02	1.352059833147058354e+00	-3.597648654922446232e-01
4.704704704704704837e-02	3.321139275249504141e+00	-2.325439303542666369e+00
4.804804804804804763e-02	1.047823301064024326e+00	-4.970292902587802875e-02
4.904904904904904689e-02	2.334672377977431879e+00	-1.335118602755668071e+00
5.005005005005004615e-02	1.716423516007660632e+00	-7.164247521790632067e-01
5.105105105105105234e-02	2.911502145720225254e+00	-1.912047247891155877e+00
5.205205205205205160e-02	2.084866861621379908e+00	-1.086944146593136651e+00
5.305305305305305086e-02	1.445077747102045951e+00	-4.496740165680334078e-01
5.405405405405405705e-02	2.444428610213169151e+00	-1.452528174954292428e+00
5.505505505505505631e-02	2.838085767993342667e+00	-1.850669474536553727e+00
5.605605605605605557e-02	2.503833699382693734e+00	-1.521877960085187054e+00
5.705705705705705483e-02	2.718473027511887796e+00	-1.742948855030049149e+00
5.805805805805805409e-02	1.959346016741723595e+00	-9.912180638396047572e-01
5.905905905905906028e-02	2.178881247963825984e+00	-1.219106853610636865e+00
6.006006006006005954e-02	1.901455174447583385e+00	-9.509834171474718101e-01
6.106106106106105880e-02	2.105455912963280163e+00	-1.165226672253521167e+00
6.206206206206206499e-02	1.684918298744992216e+00	-7.558613257906294791e-01
6.306306306306305731e-02	9.240706859804881379e-01	-7.104684184474630015e-03
6.406406406406406351e-02	2.400238218251820488e+00	-1.496269934789804301e+00
6.506506506506506970e-02	1.931334443747566132e+00	-1.041257772925660241e+00
6.606606606606606202e-02	9.672108008714082050e-01	-9.190590019359512475e-02
6.706706706706706822e-02	2.575889585239331758e+00	-1.716222005058586575e+00
6.806806806806806054e-02	1.441102983855478969e+00	-5.979228114692562990e-01
6.906906906906906674e-02	2.131252838874297506e+00	-1.305393857910754241e+00
7.007007007007007293e-02	2.609196971939505172e+00	-1.801475837865698537e+00
7.107107107107106525e-02	2.164610288462519794e+00	-1.375825721029888316e+00
7.207207207207207145e-02	2.839908203371572348e+00	-2.070840196797255395e+00
7.307307307307307764e-02	1.177600256323442007e+00	-4.290093079884513827e-01
7.407407407407406996e-02	2.264018440093234386e+00	-1.536644798520185429e+00
7.507507507507507616e-02	1.498808589591927198e+00	-7.933715224459740867e-01
7.607607607607608236e-02	1.301420722117840434e+00	-6.186178049546513513e-01
7.707707707707707467e-02	1.444526969904498026e+00	-7.850333963686019212e-01
7.807807807807808087e-02	1.591509239961512945e+00	-9.559771541171288023e-01
7.907907907907907319e-02	1.774782602771795004e+00	-1.163840454226372056e+00
8.008008008008007939e-02	9.081545495693115200e-01	-3.224064720274721907e-01
8.108108108108108558e-02	2.165403374998332797e+00	-1.605428588860737360e+00
8.208208208208207790e-02	1.829532665733041297e+00	-1.295884905330918713e+00
8.308308308308308410e-02	5.414386770949642935e-01	-3.464564312669171642e-02
8.408408408408407642e-02	2.343796650686021277e+00	-1.864359488397211440e+00
8.508508508508508261e-02	2.567935824123690924e+00	-2.116328627746795643e+00
8.608608608608608881e-02	2.118092431496544137e+00	-1.694761775440009721e+00
8.708708708708708113e-02	1.318714261216599626e+00	-9.240787584671585897e-01
8.808808808808808732e-02	7.970853620230824443e-01	-4.315352501978634292e-01
8.908908908908909352e-02	1.912063793532000622e+00	-1.575960548989784771e+00
9.009009009009008584e-02	1.064672623235702220e+00	-7.583486036289184273e-01
9.109109109109109204e-02	1.939443128319094933e+00	-1.663201243940020557e+00
9.209209209209209823e-02	1.334192162051114350e+00	-1.088305576297264210e+00
9.309309309309309055e-02	1.711519644528071371e+00	-1.496231503782980976e+00
9.409409409409409675e-02	1.342124884031099308e+00	-1.157648077227606764e+00
9.509509509509508907e-02	1.439391114079298983e+00	-1.285908062183082290e+00
9.609609609609609526e-02	1.034913036582557400e+00	-9.125755122041000478e-01
9.709709709709710146e-02	1.806014014762072462e+00	-1.714942992075431771e+00
9.809809809809809378e-02	1.018073996023621586e+00	-9.583595311404112804e-01
9.909909909909909997e-02	1.069263502139573108e+00	-1.040964644056454835e+00
1.001001001001000923e-01	1.724663517615558916e+00	-1.727808249823294950e+00
1.011011011011010985e-01	2.643002287962514796e-01	-2.988854416080686804e-01
1.021021021021021047e-01	2.005408686830152387e-01	-2.665323623096358951e-01
1.031031031031030970e-01	1.099553120991946464e+00	-1.196885639360248721e+00
1.041041041041041032e-01	1.050911547090849218e-01	-2.336684499909534030e-01
1.051051051051051094e-01	1.397044635555685144e+00	-1.556739563343234600e+00
1.061061061061061017e-01	3.309057417674499124e-01	-5.215603868005143084e-01
1.071071071071071079e-01	8.543341267748973122e-02	-3.068592449990485971e-01
1.081081081081081141e-01	1.163138588343174407e+00	-1.415116649728299647e+00
1.091091091091091064e-01	9.047671128773508986e-01	-1.187048233351322368e+00
1.101101101101101126e-01	9.627719174506297328e-01	-1.275076961682119148e+00
1.111111111111111049e-01	5.240600039484077932e-01	-8.660801472740760065e-01
1.121121121121121111e-01	-1.957683716246315653e-01	-1.756286621829363237e-01
1.131131131131131173e-01	8.077213339966646810e-01	-1.208128000164468530e+00
1.141141141141141097e-01	-6.577560443857856376e-02	-3.632447496237477536e-01
1.151151151151151159e-01	2.696882142216011635e-01	-7.268980169006803438e-01
1.161161161161161082e-01	2.363629140009839980e-01	-7.213100507184713184e-01
1.171171171171171144e-01	-2.104328676107086737e-01	-3.017720603424054460e-01
1.181181181181181206e-01	-4.081665465463576309e-02	-4.981395677055807103e-01
1.191191191191191129e-01	1.014493550987801904e-02	-5.753195022752707333e-01
1.201201201201201191e-01	-2.441598869882102563e-01	-3.466741480177475410e-01
1.211211211211211253e-01	-8.170493156515606925e-01	2.011400620843811771e-01
1.221221221221221176e-01	-4.963891984144902514e-01	-1.439862282585355757e-01
1.231231231231231238e-01	-1.933352148624117306e-01	-4.708731459432022315e-01
1.241241241241241300e-01	-9.305324203802770588e-01	2.431479317511668903e-01
1.251251251251251362e-01	-8.989324201137460779e-01	1.890515278193174442e-01
1.261261261261261146e-01	-1.023008534655871937e+00	2.913332085541939787e-01
1.271271271271271208e-01	-2.518845779575151211e-01	-5.008616605404394573e-01
1.281281281281281270e-01	-6.921362054333546343e-01	-8.093658795536284867e-02
1.291291291291291332e-01	-7.778584827710703919e-01	-1.477640797061430256e-02
1.301301301301301394e-01	-1.301650860901483631e+00	4.902376744386177654e-01
1.311311311311311179e-01	-9.214139640176028934e-01	9.202485249252045918e-02
1.321321321321321240e-01	-1.362184172173861008e+00	5.156392818438005898e-01
1.331331331331331302e-01	-1.273092749748554686e+00	4.102291914626235991e-01
1.341341341341341364e-01	-1.630969672091514555e+00	7.526406935087457395e-01
1.351351351351351426e-01	-1.325112302743777226e+00	4.321864445942088517e-01
1.361361361361361211e-01	-1.434589866411976278e+00	5.279501036350873200e-01
1.371371371371371273e-01	-1.734286280276905901e+00	8.148291488867007715e-01
1.381381381381381335e-01	-1.666498871334077370e+00	7.351335818742233963e-01
1.391391391391391397e-01	-2.263769694270107991e+00	1.321417232735789371e+00
1.401401401401401459e-01	-2.573530447279228639e+00	1.621122664394777146e+00
1.411411411411411521e-01	-2.028403915209054720e+00	1.066882604961929104e+00
1.421421421421421305e-01	-2.173136508728550798e+00	1.203452477070863225e+00
1.431431431431431367e-01	-2.076832365853684248e+00	1.099944490492191562e+00
1.441441441441441429e-01	-1.475042571109176803e+00	4.919168533134726795e-01
1.451451451451451491e-01	-1.986600318614593741e+00	9.982089279811210414e-01
1.461461461461461553e-01	-2.662901766883317034e+00	1.670222079999796883e+00
1.471471471471471337e-01	-1.984327913935994392e+00	9.883415478968901047e-01
1.481481481481481399e-01	-2.978683013953208114e+00	1.980374855681939827e+00
1.491491491491491461e-01	-2.724126986574071374e+00	1.724484218911841449e+00
1.501501501501501523e-01	-2.627341907687736899e+00	1.627353033212022737e+00
1.511511511511511585e-01	-1.951735770965026928e+00	9.523896345030460342e-01
1.521521521521521647e-01	-2.948241144635614486e+00	1.950525955439353032e+00
1.531531531531531432e-01	-3.078374136538298611e+00	2.083276491088032589e+00
1.541541541541541493e-01	-2.879676999978421303e+00	1.888180906381036417e+00
1.551551551551551555e-01	-3.096595741261274792e+00	2.109681646208114714e+00
1.561561561561561617e-01	-2.469470779052216791e+00	1.488114598298657221e+00
1.571571571571571679e-01	-3.272412811528838006e+00	2.297584964854303635e+00
1.581581581581581464e-01	-3.368199625305772216e+00	2.400864076908481692e+00
1.591591591591591526e-01	-3.125141470440829128e+00	2.166254775716179193e+00
1.601601601601601588e-01	-3.210620750462815476e+00	2.261131110108002051e+00
1.611611611611611650e-01	-2.303414332169796630e+00	1.364260654550028651e+00
1.621621621621621712e-01	-2.589415614430399248e+00	1.661526587133889787e+00
1.631631631631631496e-01	-2.901933258396204085e+00	1.986226429896034595e+00
1.641641641641641558e-01	-3.362386908010859266e+00	2.459767780341825194e+00
1.651651651651651620e-01	-2.517453940187440065e+00	1.628815073535084146e+00
1.661661661661661682e-01	-3.219735782427459725e+00	2.345955912514731345e+00
1.671671671671671744e-01	-3.478994953154548764e+00	2.620938122298861472e+00
1.681681681681681528e-01	-2.475919520930470963e+00	1.634434223630420568e+00
1.691691691691691590e-01	-2.858956936902878443e+00	2.034875280799513853e+00
1.701701701701701652e-01	-2.622907187447665489e+00	1.817044070489995944e+00
1.711711711711711714e-01	-2.745958671357913605e+00	1.959110975986323222e+00
1.721721721721721776e-01	-2.537909161414239723e+00	1.770854966558640831e+00
1.731731731731731838e-01	-3.001103494307020725e+00	2.254601305978968906e+00
1.741741741741741623e-01	-3.127392710831056633e+00	2.402180712070658863e+00
1.751751751751751685e-01	-2.446925517120057680e+00	1.743720838039373611e+00
1.761761761761761746e-01	-3.050107587377124840e+00	2.369605596021872262e+00
1.771771771771771808e-01	-2.962227305424317780e+00	2.305100920155129351e+00
1.781781781781781870e-01	-2.813345433127218520e+00	2.180244457200397612e+00
1.791791791791791655e-01	-2.589599591361225528e+00	1.981150070367007743e+00
1.801801801801801717e-01	-2.651087131266959940e+00	2.067890734060686242e+00
1.811811811811811779e-01	-3.078886854150375108e+00	2.521520277888732675e+00
1.821821821821821841e-01	-2.740679267022349208e+00	2.209693666893028485e+00
1.831831831831831903e-01	-3.290890456930397168e+00	2.786810901139072705e+00
1.841841841841841965e-01	-2.168334979207922508e+00	1.691659929761495373e+00
1.851851851851851749e-01	-2.943591601465694207e+00	2.494792421265231930e+00
1.861861861861861811e-01	-2.851302112288587320e+00	2.430822599019372809e+00
1.871871871871871873e-01	-2.416812937359124724e+00	2.025068884638726807e+00
1.881881881881881935e-01	-2.665288312835584428e+00	2.302667099053917088e+00
1.891891891891891997e-01	-1.643419444521211581e+00	1.310279649779154010e+00
1.901901901901901781e-01	-2.676457042480255843e+00	2.373128094005628519e+00
1.911911911911911843e-01	-1.981532364945752800e+00	1.708314211337286448e+00
1.921921921921921905e-01	-1.932536595438769433e+00	1.689699410060182094e+00
1.931931931931931967e-01	-2.367979218579085998e+00	2.155763132396578019e+00
1.941941941941942029e-01	-1.673819840510209156e+00	1.492434704637558340e+00
1.951951951951951814e-01	-1.888560043072696759e+00	1.738185221258759849e+00
1.961961961961961876e-01	-1.443261788007009994e+00	1.324045979270835671e+00
1.971971971971971938e-01	-1.336819073003606251e+00	1.248880164592544251e+00
1.981981981981981999e-01	-6.278683401721406598e-01	5.712932909883479127e-01
1.991991991991992061e-01	-7.078588904886538025e-01	6.827036450992778338e-01
2.002002002002001846e-01	-1.272240803875739790e+00	1.278530237191806807e+00
2.012012012012011908e-01	-1.103139510220465302e+00	1.140867402899182093e+00
2.022022022022021970e-01	-4.417493810928803111e-01	5.108784256876646168e-01
2.032032032032032032e-01	-4.463630401927212721e-01	5.468248780448893287e-01
2.042042042042042094e-01	-3.228455816160953340e-01	4.545408704517193144e-01
2.052052052052052156e-01	-1.090146399168048674e+00	1.252944911333142786e+00
2.062062062062061940e-01	-3.583002286801610370e-01	5.520409799170578058e-01
2.072072072072072002e-01	-5.177877602918780076e-01	7.422791689294500062e-01
2.082082082082082064e-01	6.983990698024752919e-02	1.851801694200625736e-01
2.092092092092092126e-01	-2.095803701341075742e-03	2.873923697753907325e-01
2.102102102102102188e-01	5.829311275627645506e-01	-2.676401889872619400e-01
2.112112112112111972e-01	5.439176584466808295e-01	-1.989441246520907702e-01
2.122122122122122034e-01	8.466505425107301308e-01	-4.723355425867113988e-01
2.132132132132132096e-01	5.144040350877348011e-01	-1.111177126037543039e-01
2.142142142142142158e-01	3.162522382863220960e-01	1.156066147269748101e-01
2.152152152152152220e-01	6.486092768043263401e-01	-1.886049394057155437e-01
2.162162162162162282e-01	8.707205275056689731e-01	-3.830255836920344326e-01
2.172172172172172067e-01	1.128948396786165986e+00	-6.140451065453538249e-01
2.182182182182182129e-01	2.065983080362009616e+00	-1.524380608813819871e+00
2.192192192192192191e-01	1.314433710233382513e+00	-7.466676241386747126e-01
2.202202202202202252e-01	1.043770559206857351e+00	-4.504022973692368703e-01
2.212212212212212314e-01	1.295828197235619816e+00	-6.774445153194040836e-01
2.222222222222222099e-01	1.279892397751670963e+00	-6.371047880651324880e-01
2.232232232232232161e-01	1.619658134581451137e+00	-9.531022213990797409e-01
2.242242242242242223e-01	8.447778502200257167e-01	-1.551127612417642077e-01
2.252252252252252285e-01	1.523085939469262184e+00	-8.109936540382368664e-01
2.262262262262262347e-01	1.661780009940512670e+00	-9.279646846637849000e-01
2.272272272272272131e-01	1.728458686255849752e+00	-9.736459586950513279e-01
2.282282282282282193e-01	1.452976426437747826e+00	-6.779126975581464265e-01
2.292292292292292255e-01	1.616462893256154665e+00	-8.219145893437110884e-01
2.302302302302302317e-01	1.284340578978383052e+00	-4.710933937546499806e-01
2.312312312312312379e-01	1.667448377803671278e+00	-8.363064954879779744e-01
2.322322322322322163e-01	1.734409717278478258e+00	-8.861950173656765184e-01
2.332332332332332225e-01	2.153662626648631395e+00	-1.289213871188766847e+00
2.342342342342342287e-01	1.613021873879439072e+00	-7.331938780630099517e-01
2.352352352352352349e-01	2.361263806991548364e+00	-1.466926593860521155e+00
2.362362362362362411e-01	2.738715884619514096e+00	-1.830753824739967950e+00
2.372372372372372473e-01	1.394527020350246893e+00	-4.738379572973836495e-01
2.382382382382382258e-01	2.385141195434805628e+00	-1.452635557955098466e+00
2.392392392392392320e-01	2.613669506264595377e+00	-1.670269407993014488e+00
2.402402402402402382e-01	2.192043844847336942e+00	-1.238682172469907972e+00
2.412412412412412444e-01	2.311028709996319819e+00	-1.348648200759686500e+00
2.422422422422422505e-01	2.429222065198870961e+00	-1.458774374679074004e+00
2.432432432432432290e-01	2.289892330991512459e+00	-1.312337092043826425e+00
2.442442442442442352e-01	2.317559762178557303e+00	-1.333863635998947306e+00
2.452452452452452414e-01	1.839925650326276418e+00	-8.510613705628407022e-01
2.462462462462462476e-01	2.955796951409937812e+00	-1.962742362269570107e+00
2.472472472472472538e-01	3.043362671355922533e+00	-2.047099760657367984e+00
2.482482482482482600e-01	2.341812972302549589e+00	-1.343326900432027182e+00
2.492492492492492384e-01	2.145327619120040108e+00	-1.145605744849651497e+00
2.502502502502502724e-01	2.899097412250015271e+00	-1.899128316382268533e+00
2.512512512512512508e-01	2.498936012922868155e+00	-1.499708520726788841e+00
2.522522522522522292e-01	2.769900883160603566e+00	-1.772403086566103791e+00
2.532532532532532632e-01	2.639182280397004199e+00	-1.644400560914418996e+00
2.542542542542542416e-01	3.058394534330901582e+00	-2.067312587661882084e+00
2.552552552552552756e-01	3.177236156243376186e+00	-2.190834019547661882e+00
2.562562562562562540e-01	2.672681160136213929e+00	-1.691934242916174114e+00
2.572572572572572325e-01	2.404819553164890600e+00	-1.430697672726154224e+00
2.582582582582582664e-01	2.238443394248521123e+00	-1.271909816690479644e+00
2.592592592592592449e-01	3.101659511475858721e+00	-2.143669999160369599e+00
2.602602602602602788e-01	2.365190986558715291e+00	-1.416692852998920227e+00
2.612612612612612573e-01	2.501116517926965876e+00	-1.563047691030799546e+00
2.622622622622622357e-01	2.534057232770001278e+00	-1.607345327364715803e+00
2.632632632632632697e-01	2.690537221601956297e+00	-1.776098622156790263e+00
2.642642642642642481e-01	1.881256440622966153e+00	-9.799953950770212696e-01
2.652652652652652820e-01	2.655055712749735619e+00	-1.767863438341131577e+00
2.662662662662662605e-01	2.798175280744754190e+00	-1.925929082725267971e+00
2.672672672672672389e-01	2.631614179094374339e+00	-1.775176583201027558e+00
2.682682682682682729e-01	2.463433811957722597e+00	-1.623651711499183303e+00
2.692692692692692513e-01	2.598123912685829762e+00	-1.775827731087019856e+00
2.702702702702702853e-01	2.774633634049023190e+00	-1.970636503682082097e+00
2.712712712712712637e-01	1.426850607481754851e+00	-6.419475655953501558e-01
2.722722722722722422e-01	3.100371752265535186e+00	-2.335338954807643752e+00
2.732732732732732761e-01	2.566441908052841114e+00	-1.822035862164422149e+00
2.742742742742742545e-01	2.195517541994814525e+00	-1.472474357933304390e+00
2.752752752752752885e-01	2.196778087229702248e+00	-1.495812750462105267e+00
2.762762762762762669e-01	2.512715446878595493e+00	-1.834521111063928567e+00
2.772772772772773009e-01	2.233670799896341652e+00	-1.578918101456607603e+00
2.782782782782782793e-01	1.421030735917585996e+00	-7.903671308750285229e-01
2.792792792792792578e-01	2.875909791800371984e+00	-2.269958915536822275e+00
2.802802802802802917e-01	2.010911854789214193e+00	-1.430272905360608693e+00
2.812812812812812702e-01	2.434192099182264535e+00	-1.879439244798146280e+00
2.822822822822823041e-01	1.801562216528379334e+00	-1.273244027782328480e+00
2.832832832832832826e-01	2.674292692263037896e+00	-2.172931599675431258e+00
2.842842842842842610e-01	2.150061180188951315e+00	-1.676152957598507687e+00
2.852852852852852950e-01	2.281941736374226704e+00	-1.835955010689150457e+00
2.862862862862862734e-01	1.601160570959620832e+00	-1.183536358753153994e+00
2.872872872872873073e-01	2.410589542873732505e+00	-2.021740814282345422e+00
2.882882882882882858e-01	2.187477257021240185e+00	-1.827788527376703387e+00
2.892892892892892642e-01	2.483762740136300717e+00	-2.153589689735463164e+00
2.902902902902902982e-01	1.684982554615680250e+00	-1.384651677003929215e+00
2.912912912912912766e-01	1.606853074491283229e+00	-1.336661353607500713e+00
2.922922922922923106e-01	2.612832595018216519e+00	-2.373047211520480371e+00
2.932932932932932890e-01	1.308312464996167046e+00	-1.099170532058599825e+00
2.942942942942942675e-01	1.536962396402988373e+00	-1.358670725245011202e+00
2.952952952952953014e-01	1.934243230660099622e+00	-1.786978126039959092e+00
2.962962962962962798e-01	1.620805782496496317e+00	-1.504712868371265166e+00
2.972972972972973138e-01	1.635532836993730088e+00	-1.550726912518220368e+00
2.982982982982982922e-01	1.161522957326878602e+00	-1.108087883333820800e+00
2.992992992992992707e-01	1.391151310112174189e+00	-1.369139926185944933e+00
3.003003003003003046e-01	6.652177372446667070e-01	-6.746518094705636903e-01
3.013013013013012831e-01	1.672011827533738781e+00	-1.712882026974449134e+00
3.023023023023023170e-01	9.539680623819541960e-01	-1.026233974302541929e+00
3.033033033033032955e-01	7.283339030088390453e-01	-8.319240668410776696e-01
3.043043043043043294e-01	1.039430568075815131e+00	-1.174242548082398807e+00
3.053053053053053079e-01	5.314263568771943058e-01	-6.973268434459074516e-01
3.063063063063062863e-01	1.489659788727391854e-02	-2.117215393549776725e-01
3.073073073073073203e-01	-1.164609917593549676e-01	-1.110937731167277592e-01
3.083083083083082987e-01	4.644854210722934584e-01	-7.225449905011425145e-01
3.093093093093093326e-01	4.741072620571379348e-02	-3.357199164779364753e-01
3.103103103103103111e-01	-7.498355494828330692e-02	-2.432901599440246421e-01
3.113113113113112895e-01	3.587266587697205411e-01	-7.066501714640041065e-01
3.123123123123123235e-01	-6.248218801506639775e-01	2.475926158478941597e-01
3.133133133133133019e-01	-6.494204963306018374e-01	2.432585057761308955e-01
3.143143143143143359e-01	-7.042932464947675442e-01	2.696001653403715115e-01
3.153153153153153143e-01	-5.947086884930894435e-01	1.319143655257913883e-01
3.163163163163162928e-01	-7.147554871939431065e-01	2.243175592775232818e-01
3.173173173173173267e-01	-1.019475144530916921e+00	5.018785840690389577e-01
3.183183183183183051e-01	-9.838363444085145293e-01	4.395929797769357883e-01
3.193193193193193391e-01	-1.089740471333377148e+00	5.193884807554757232e-01
3.203203203203203175e-01	-1.485604555316189845e+00	8.897079346822919232e-01
3.213213213213212960e-01	-1.652205531898800484e+00	1.031353537055557990e+00
3.223223223223223299e-01	-1.373355209487844286e+00	7.281617735491516807e-01
3.233233233233233084e-01	-1.894184467281230244e+00	1.225287593536891428e+00
3.243243243243243423e-01	-2.148356406948347175e+00	1.456417537970801312e+00
3.253253253253253208e-01	-1.887734308415885742e+00	1.173437671988864839e+00
3.263263263263262992e-01	-2.005211347503567776e+00	1.269263280019465423e+00
3.273273273273273332e-01	-1.122378297764188293e+00	3.655065457591962774e-01
3.283283283283283116e-01	-2.244990456401559253e+00	1.467943456919271528e+00
3.293293293293293456e-01	-1.730692402090991955e+00	9.342385425860623149e-01
3.303303303303303240e-01	-1.817540705786410138e+00	1.002467564300148162e+00
3.313313313313313024e-01	-2.566464235613126199e+00	1.733577801972353782e+00
3.323323323323323364e-01	-1.846244830496483802e+00	9.963687093057974620e-01
3.333333333333333148e-01	-2.697536977942684988e+00	1.831511574158247058e+00
3.343343343343343488e-01	-3.408234616271661466e+00	2.526916304161854310e+00
3.353353353353353272e-01	-2.291014328102342734e+00	1.395274604417087838e+00
3.363363363363363057e-01	-3.325915404473093417e+00	2.416640026659205187e+00
3.373373373373373396e-01	-2.535645333128508483e+00	1.613733443443283733e+00
3.383383383383383181e-01	-2.993579104670592628e+00	2.059942341059746607e+00
3.393393393393393520e-01	-2.127191608333019790e+00	1.182753202952190996e+00
3.403403403403403304e-01	-2.343240250992503437e+00	1.388934117263755041e+00
3.413413413413413644e-01	-2.952513082429477187e+00	1.989282891535564479e+00
3.423423423423423428e-01	-3.105899144791447242e+00	2.134697392521071269e+00
3.433433433433433213e-01	-3.396442478352126315e+00	2.418229543218918032e+00
3.443443443443443552e-01	-3.186844253996687026e+00	2.202587447563318257e+00
3.453453453453453337e-01	-3.152231145080123476e+00	2.162903755426629715e+00
3.463463463463463676e-01	-3.200675255882122094e+00	2.207255585164311640e+00
3.473473473473473461e-01	-3.060800824574595236e+00	2.064271221624258246e+00
3.483483483483483245e-01	-2.875060961562658335e+00	1.876406850486201927e+00
3.493493493493493585e-01	-2.913719324499176810e+00	1.913928230235250716e+00
3.503503503503503369e-01	-3.357723368342961479e+00	2.357783940142667678e+00
3.513513513513513709e-01	-3.684845908877917964e+00	2.685746942673236326e+00
3.523523523523523493e-01	-2.765058594583615026e+00	1.767788055210782305e+00
3.533533533533533277e-01	-3.508791209529839250e+00	2.514335253774561352e+00
3.543543543543543617e-01	-3.592345946876514873e+00	2.601687948307083165e+00
3.553553553553553401e-01	-3.623774864821982078e+00	2.637894441374585952e+00
3.563563563563563741e-01	-4.134312426198376578e+00	3.154184471476200180e+00
3.573573573573573525e-01	-3.724168980569898757e+00	2.750762699813896095e+00
3.583583583583583310e-01	-3.696118826298701254e+00	2.730396777983346013e+00
3.593593593593593649e-01	-3.148974189579861971e+00	2.191891333581591272e+00
3.603603603603603434e-01	-3.116453809541139819e+00	2.168956562820709699e+00
3.613613613613613773e-01	-3.270983013792184924e+00	2.334008314524746996e+00
3.623623623623623557e-01	-2.913234847675083117e+00	1.987709228753404833e+00
3.633633633633633342e-01	-3.061658995932736715e+00	2.148497668759753232e+00
3.643643643643643681e-01	-3.257524420533567167e+00	2.357630370010248555e+00
3.653653653653653466e-01	-3.224645875035484277e+00	2.338908966638953757e+00
3.663663663663663805e-01	-3.317164683570767103e+00	2.446460783405639550e+00
3.673673673673673590e-01	-3.353222166983476082e+00	2.498412275676549221e+00
3.683683683683683929e-01	-3.236916801752356410e+00	2.398846203047130032e+00
3.693693693693693714e-01	-3.547328618658711630e+00	2.726826043551623613e+00
3.703703703703703498e-01	-2.991902932997839493e+00	2.189779740242795203e+00
3.713713713713713838e-01	-3.439494255456687632e+00	2.656543629248224292e+00
3.723723723723723622e-01	-2.721395300165061926e+00	1.958391465793534625e+00
3.733733733733733962e-01	-3.108743053572905257e+00	2.366440511827295978e+00
3.743743743743743746e-01	-2.976275345157134655e+00	2.255408126232548938e+00
3.753753753753753530e-01	-2.712035875329574797e+00	2.013316812977206549e+00
3.763763763763763870e-01	-2.508079257184250288e+00	1.832199283821570601e+00
3.773773773773773654e-01	-3.386349356120074816e+00	2.733976819598283647e+00
3.783783783783783994e-01	-2.828041147106364672e+00	2.199821149810722076e+00
3.793793793793793778e-01	-2.312225848638731485e+00	1.708779609575305169e+00
3.803803803803803563e-01	-3.224170812528820207e+00	2.646095053028448163e+00
3.813813813813813902e-01	-2.315806840298689107e+00	1.763673193945619389e+00
3.823823823823823687e-01	-3.275917720804629951e+00	2.750272168173308440e+00
3.833833833833834026e-01	-2.802478595528238081e+00	2.303840924287245961e+00
3.843843843843843811e-01	-2.389257261748702010e+00	1.918120552665683931e+00
3.853853853853853595e-01	-3.036872327282312156e+00	2.593702466638184490e+00
3.863863863863863934e-01	-2.777700934205070027e+00	2.362936153099663095e+00
3.873873873873873719e-01	-2.996443430927372642e+00	2.610493871932042520e+00
3.883883883883884058e-01	-1.752271744971628298e+00	1.395519056557397164e+00
3.893893893893893843e-01	-2.190290108756795640e+00	1.863087067899023230e+00
3.903903903903903627e-01	-1.947945459691129200e+00	1.650615623023956369e+00
3.913913913913913967e-01	-2.147682454796867368e+00	1.880519838662345844e+00
3.923923923923923751e-01	-2.108982448517688901e+00	1.872251238226007475e+00
3.933933933933934091e-01	-2.538901784718943677e+00	2.332836073307251290e+00
3.943943943943943875e-01	-1.942536843612856279e+00	1.767340400360986052e+00
3.953953953953953659e-01	-2.073491105880203023e+00	1.929337174812243649e+00
3.963963963963963999e-01	-1.318899930383792052e+00	1.205931058954718527e+00
3.973973973973973783e-01	-1.113438970048396426e+00	1.031766868185189256e+00
3.983983983983984123e-01	-8.207128981823892389e-01	7.704183278190228634e-01
3.993993993993993907e-01	-9.051197778204904676e-01	8.862524730360233916e-01
4.004004004004003692e-01	-1.379986845043330357e+00	1.392565462882070060e+00
4.014014014014014031e-01	-1.557090090589310805e+00	1.601102192611691288e+00
4.024024024024023816e-01	-6.784649785424297086e-01	7.538670431248304382e-01
4.034034034034034155e-01	-6.995266366066770214e-01	8.062441019780353102e-01
4.044044044044043940e-01	-1.488137318570811773e+00	1.626064656543464881e+00
4.054054054054054279e-01	-5.363751622438753808e-01	7.053759825657243132e-01
4.064064064064064064e-01	-2.550471141227478311e-01	4.549542993475526043e-01
4.074074074074073848e-01	-3.084607296503814045e-01	5.390766003928202377e-01
4.084084084084084187e-01	-2.548179715460977546e-01	5.159144819581866770e-01
4.094094094094093972e-01	-4.197157141807912328e-01	7.110346774563376382e-01
4.104104104104104311e-01	-5.372892761401362183e-01	8.585426198242793738e-01
4.114114114114114096e-01	4.457516557629223608e-01	-9.488160491159214338e-02
4.124124124124123880e-01	2.092533987473611801e-01	1.708863993762338718e-01
4.134134134134134220e-01	2.388906673894090893e-01	1.701429745513370617e-01
4.144144144144144004e-01	1.110828471443023435e+00	-6.733054609861202078e-01
4.154154154154154344e-01	8.422071116906322263e-01	-3.766273798966743858e-01
4.164164164164164128e-01	8.569706927289292286e-01	-3.637946308294554565e-01
4.174174174174173912e-01	8.961756686871330535e-01	-3.758909567055545020e-01
4.184184184184184252e-01	1.636060170894259036e+00	-1.089181295400631910e+00
4.194194194194194036e-01	1.901281823295011275e+00	-1.328349568652992696e+00
4.204204204204204376e-01	1.799044980628665691e+00	-1.200625894237738578e+00
4.214214214214214160e-01	1.753657283635646325e+00	-1.130343115697430623e+00
4.224224224224223945e-01	7.340021003431265179e-01	-8.640921870573314845e-02
4.234234234234234284e-01	1.540838861880035715e+00	-8.696076425391334741e-01
4.244244244244244069e-01	1.489389483300421757e+00	-7.951836771596993980e-01
4.254254254254254408e-01	1.689789061134264081e+00	-9.732951376514809017e-01
4.264264264264264193e-01	2.178414097804957983e+00	-1.440340566172620074e+00
4.274274274274273977e-01	7.822735711471595632e-01	-2.335027967907155055e-02
4.284284284284284317e-01	1.585536739625338365e+00	-8.065141540418478971e-01
4.294294294294294101e-01	2.064612690970440312e+00	-1.266261152296034975e+00
4.304304304304304440e-01	1.840498820263914537e+00	-1.023607783071009525e+00
4.314314314314314225e-01	1.468386508384422084e+00	-6.337637601366048479e-01
4.324324324324324564e-01	2.391935850314296008e+00	-1.540406712580984827e+00
4.334334334334334349e-01	2.277431159910273006e+00	-1.409837672242671536e+00
4.344344344344344133e-01	1.897427056341708385e+00	-1.014627143617089278e+00
4.354354354354354473e-01	2.508290746583118125e+00	-1.611157370640804443e+00
4.364364364364364257e-01	2.753786388832396792e+00	-1.843206685240361464e+00
4.374374374374374597e-01	2.543522781569968583e+00	-1.620397182375656442e+00
4.384384384384384381e-01	2.937040975714648727e+00	-2.002282319047497872e+00
4.394394394394394165e-01	2.656502483671865811e+00	-1.711035111078002879e+00
4.404404404404404505e-01	2.490389901052502353e+00	-1.535148743454215481e+00
4.414414414414414289e-01	2.196442562399871345e+00	-1.232372215583720898e+00
4.424424424424424629e-01	2.615090434343051218e+00	-1.643144224890817462e+00
4.434434434434434413e-01	2.695466497190702526e+00	-1.716605539776841161e+00
4.444444444444444198e-01	2.939146273500105266e+00	-1.954338520487897579e+00
4.454454454454454537e-01	2.578568886695014051e+00	-1.588788170971230596e+00
4.464464464464464322e-01	2.814153871121585215e+00	-1.820378943116161219e+00
4.474474474474474661e-01	2.404353722014495709e+00	-1.407567281857461383e+00
4.484484484484484446e-01	2.457142674287006834e+00	-1.458330400059737686e+00
4.494494494494494230e-01	2.726616467172178204e+00	-1.726766040213877806e+00
4.504504504504504570e-01	2.363255704587515549e+00	-1.363355832820766667e+00
4.514514514514514354e-01	3.044864764504711108e+00	-2.045904204745883526e+00
4.524524524524524693e-01	3.100312229995239033e+00	-2.103278810216548944e+00
4.534534534534534478e-01	3.096315172624645395e+00	-2.102194815134705852e+00
4.544544544544544262e-01	3.136568866647477360e+00	-2.146344613156278669e+00
4.554554554554554602e-01	3.867773517018755491e+00	-2.882424556551138828e+00
4.564564564564564386e-01	3.044398533244585980e+00	-2.064899233863469519e+00
4.574574574574574726e-01	2.285639764905657678e+00	-1.312958710202497548e+00
4.584584584584584510e-01	3.133834083490119493e+00	-2.168933114795380313e+00
4.594594594594594295e-01	3.091798908263576617e+00	-2.135632173524325328e+00
4.604604604604604634e-01	2.882715557796340811e+00	-1.936228568061488353e+00
4.614614614614614418e-01	2.624454029482150563e+00	-1.688582723928337970e+00
4.624624624624624758e-01	2.784390070174347365e+00	-1.860059890597038690e+00
4.634634634634634542e-01	2.961097982988432964e+00	-2.049222958673398765e+00
4.644644644644644327e-01	2.675764872327476507e+00	-1.777246716207608213e+00
4.654654654654654666e-01	3.827480776569272436e+00	-2.943207993560494451e+00
4.664664664664664451e-01	2.624977929161861567e+00	-1.755824937559861798e+00
4.674674674674674790e-01	2.625284335218941223e+00	-1.772110602025548598e+00
4.684684684684684575e-01	1.947138111572059849e+00	-1.110787302606283111e+00
4.694694694694694914e-01	2.783821747853458817e+00	-1.965120893487630305e+00
4.704704704704704699e-01	1.856078472023342307e+00	-1.055837149369309946e+00
4.714714714714714483e-01	2.293064231010108145e+00	-1.512073763364189416e+00
4.724724724724724823e-01	2.382472693827103694e+00	-1.621505368165436112e+00
4.734734734734734607e-01	2.192061606103572480e+00	-1.451869909401628078e+00
4.744744744744744946e-01	3.104922054781562579e+00	-2.386237929913024747e+00
4.754754754754754731e-01	2.897327787231481100e+00	-2.200861909182258547e+00
4.764764764764764515e-01	2.987641355163035417e+00	-2.314082428276169168e+00
4.774774774774774855e-01	2.092017044526222502e+00	-1.442031121472575617e+00
4.784784784784784639e-01	2.790018441140679428e+00	-2.164248264288872292e+00
4.794794794794794979e-01	2.517815684957107614e+00	-1.916880050793984935e+00
4.804804804804804763e-01	2.493992054204102971e+00	-1.918485201434211973e+00
4.814814814814814548e-01	2.597886432909604970e+00	-2.048377454838798073e+00
4.824824824824824887e-01	1.914125857049182811e+00	-1.391158138833379576e+00
4.834834834834834671e-01	1.988298319422172833e+00	-1.492389000737782911e+00
4.844844844844845011e-01	2.419562348592490864e+00	-1.951201812259830026e+00
4.854854854854854795e-01	1.001855795355638845e+00	-5.615071824210194906e-01
4.864864864864864580e-01	2.524258984132299322e+00	-2.112357735888305221e+00
4.874874874874874919e-01	2.160152646265169452e+00	-1.777106073662000574e+00
4.884884884884884704e-01	1.861370057441261716e+00	-1.507556938314922101e+00
4.894894894894895043e-01	1.913068672763841516e+00	-1.588838877279469930e+00
4.904904904904904828e-01	1.221784096284019627e+00	-9.274582409647373904e-01
4.914914914914914612e-01	1.410565176235938578e+00	-1.146434306919330348e+00
4.924924924924924952e-01	1.932873556661005576e+00	-1.699198860696753188e+00
4.934934934934934736e-01	2.095412141676181950e+00	-1.892424689649419234e+00
4.944944944944945076e-01	2.623408400352417402e+00	-2.451308917588248981e+00
4.954954954954954860e-01	1.654725298780897802e+00	-1.513683966855977614e+00
4.964964964964965199e-01	1.353997968761005755e+00	-1.244154257218505144e+00
4.974974974974974984e-01	1.303363683791427752e+00	-1.224826212225757827e+00
4.984984984984984768e-01	1.019616170136184330e+00	-9.724626007838768071e-01
4.994994994994995108e-01	1.169677951029175933e+00	-1.153954911972135067e+00
5.005005005005005447e-01	1.209199834326298184e+00	-1.224922873383339494e+00
5.015015015015015232e-01	9.017858105606423313e-01	-9.489393799129486329e-01
5.025025025025025016e-01	1.304016674803303966e+00	-1.382554146368972781e+00
5.035035035035034801e-01	6.726226292510266713e-01	-7.824663407935261716e-01
5.045045045045044585e-01	4.957087057185858847e-01	-6.367500376435031306e-01
5.055055055055055480e-01	2.507099768528772699e-01	-4.228094596170463015e-01
5.065065065065065264e-01	-3.475454862717687887e-01	1.445580342450072386e-01
5.075075075075075048e-01	-4.535476827794844845e-01	2.198729868152332900e-01
5.085085085085084833e-01	-4.502961374342725476e-01	1.861652681176672042e-01
5.095095095095094617e-01	3.494976130334860320e-01	-6.438234683527670477e-01
5.105105105105105512e-01	2.849734612854304405e-01	-6.092032567698026924e-01
5.115115115115115296e-01	3.508245130956592628e-01	-7.046376322219978228e-01
5.125125125125125081e-01	-7.930699200832063145e-01	4.100233474800402123e-01
5.135135135135134865e-01	-1.208343889774696533e+00	7.964426415307067630e-01
5.145145145145144649e-01	-8.859683461675048610e-01	4.456197332328866167e-01
5.155155155155155544e-01	-6.267737706201873538e-01	1.584132342875260724e-01
5.165165165165165329e-01	-5.655044410869068949e-01	6.959512240251797266e-02
5.175175175175175113e-01	-4.681885121214406920e-01	-5.477920609435987798e-02
5.185185185185184897e-01	-8.805480814746775575e-01	3.310391034038716596e-01
5.195195195195194682e-01	-5.055290156718188488e-01	-6.997783709806981722e-02
5.205205205205205576e-01	-1.297076502543571319e+00	6.961408683804480857e-01
5.215215215215215361e-01	-1.643357964522788484e+00	1.017587787670983346e+00
5.225225225225225145e-01	-2.061014891902023916e+00	1.411028968848379250e+00
5.235235235235234930e-01	-1.863265730738286940e+00	1.189706803851421579e+00
5.245245245245244714e-01	-1.535246584018729710e+00	8.387807059695094880e-01
5.255255255255255609e-01	-2.082116583877862581e+00	1.363432459009324305e+00
5.265265265265265393e-01	-1.474205092571128750e+00	7.340133958691862359e-01
5.275275275275275177e-01	-1.373062998804504886e+00	6.120956731428369713e-01
5.285285285285284962e-01	-2.893010596637366483e+00	2.112020128991449752e+00
5.295295295295294746e-01	-1.771752629732272100e+00	9.715113070782415150e-01
5.305305305305305641e-01	-3.025594169814636025e+00	2.206893315448808401e+00
5.315315315315315425e-01	-2.068961230729271072e+00	1.232610421763495889e+00
5.325325325325325210e-01	-1.713794175593858382e+00	8.606204424004655351e-01
5.335335335335334994e-01	-2.132755193685331285e+00	1.263602202083333292e+00
5.345345345345344779e-01	-2.804020481693509481e+00	1.919747698684733050e+00
5.355355355355355673e-01	-2.699657013775973446e+00	1.801138857656106484e+00
5.365365365365365458e-01	-2.731486553619770774e+00	1.819611529304736575e+00
5.375375375375375242e-01	-2.709371173025034718e+00	1.785040993447726487e+00
5.385385385385385026e-01	-2.689702606553863173e+00	1.753831301000051912e+00
5.395395395395394811e-01	-2.687674537303241351e+00	1.741187547568390004e+00
5.405405405405405705e-01	-2.627272683445477597e+00	1.671105948706227196e+00
5.415415415415415490e-01	-3.266686420392847623e+00	2.301785451698108442e+00
5.425425425425425274e-01	-3.040177957728654512e+00	2.067496903025494603e+00
5.435435435435435059e-01	-2.405784830574319688e+00	1.426285531193203671e+00
5.445445445445444843e-01	-3.227936982247271658e+00	2.242588021779655882e+00
5.455455455455455738e-01	-3.302477339390368805e+00	2.312253085899170113e+00
5.465465465465465522e-01	-2.706456070779207135e+00	1.712335713289267813e+00
5.475475475475475307e-01	-4.070870006296408050e+00	3.073836586517717961e+00
5.485485485485485091e-01	-2.682301923234496677e+00	1.683341363475669539e+00
5.495495495495495986e-01	-3.397026983780062181e+00	2.397127112013313521e+00
5.505505505505505770e-01	-3.092385924365249394e+00	2.092535497406949219e+00
5.515515515515515554e-01	-3.183512350471854990e+00	2.184700076244586064e+00
5.525525525525525339e-01	-2.930710160923761798e+00	1.933923720766727250e+00
5.535535535535535123e-01	-3.273113845240020581e+00	2.279338917234595918e+00
5.545545545545546018e-01	-3.511310373749591207e+00	2.521529658025808196e+00
5.555555555555555802e-01	-2.651516033509654591e+00	1.666708280497446681e+00
5.565565565565565587e-01	-4.092584160560962303e+00	3.113723203147100715e+00
5.575575575575575371e-01	-3.318229012026682856e+00	2.346282802574448656e+00
5.585585585585585155e-01	-3.876293894074921642e+00	2.912223547258769862e+00
5.595595595595596050e-01	-3.645135833314356866e+00	2.689894675716070438e+00
5.605605605605605835e-01	-2.535061032006129089e+00	1.589593659412265936e+00
5.615615615615615619e-01	-3.245589023724808175e+00	2.310830367057656876e+00
5.625625625625625403e-01	-3.134444639728327431e+00	2.211319040534013958e+00
5.635635635635635188e-01	-3.900555956389643253e+00	2.989976252797607259e+00
5.645645645645646082e-01	-3.546009263637059927e+00	2.648875887694746467e+00
5.655655655655655867e-01	-3.203145934286099283e+00	2.320346021561479510e+00
5.665665665665665651e-01	-3.049540440402184416e+00	2.181946952734582279e+00
5.675675675675675436e-01	-2.891256191718772683e+00	2.039727053985459726e+00
5.685685685685685220e-01	-3.155584885457073163e+00	2.320962137209255260e+00
5.695695695695696115e-01	-2.898227130343776548e+00	2.081336093150871758e+00
5.705705705705705899e-01	-2.847620402719639898e+00	2.049268864045233673e+00
5.715715715715715683e-01	-3.765087457397473525e+00	2.986064871813981281e+00
5.725725725725725468e-01	-2.938622877232604846e+00	2.179699585764516279e+00
5.735735735735735252e-01	-2.660683792410457382e+00	1.922610260778117475e+00
5.745745745745746147e-01	-2.619522023420838508e+00	1.903028099938055773e+00
5.755755755755755931e-01	-2.937154429835891367e+00	2.242948623695168120e+00
5.765765765765765716e-01	-3.089925193000221615e+00	2.418693973659316931e+00
5.775775775775775500e-01	-3.252382505011279790e+00	2.604789623373885643e+00
5.785785785785785285e-01	-2.842996965736091397e+00	2.219682797797873253e+00
5.795795795795796179e-01	-2.249363928087724673e+00	1.650944841696798004e+00
5.805805805805805964e-01	-3.443610267439383588e+00	2.870678012797362566e+00
5.815815815815815748e-01	-2.840698838043023144e+00	2.293819962549396241e+00
5.825825825825825532e-01	-3.004933548327128445e+00	2.484648836345548784e+00
5.835835835835835317e-01	-2.151923971935199909e+00	1.658747910035723638e+00
5.845845845845846211e-01	-2.546955544518842984e+00	2.081375812724885588e+00
5.855855855855855996e-01	-2.571293957970993915e+00	2.133770947514087801e+00
5.865865865865865780e-01	-2.417868667843857455e+00	2.008835025903112026e+00
5.875875875875875565e-01	-2.096695663459933190e+00	1.716555865336335307e+00
5.885885885885885349e-01	-2.247017510566056586e+00	1.896147459714723649e+00
5.895895895895896244e-01	-3.223348334335238263e+00	2.902094990651093998e+00
5.905905905905906028e-01	-1.856541891490384621e+00	1.565222928214838660e+00
5.915915915915915813e-01	-1.807322869378417352e+00	1.546226358966328984e+00
5.925925925925925597e-01	-1.998658898331558298e+00	1.768043027589116578e+00
5.935935935935935381e-01	-2.274172222752213646e+00	2.074265037527406097e+00
5.945945945945946276e-01	-1.688578539840091208e+00	1.519577719518240944e+00
5.955955955955956060e-01	-1.594643831685278235e+00	1.456716493712625571e+00
5.965965965965965845e-01	-1.737647850648445846e+00	1.630930385277086447e+00
5.975975975975975629e-01	-1.570285847925586120e+00	1.494883783343182504e+00
5.985985985985985414e-01	-1.816220521709393410e+00	1.772208419687008263e+00
5.995995995995996308e-01	-1.496251285220905336e+00	1.483672667382166299e+00
6.006006006006006093e-01	-1.947550277979405609e+00	1.966417582763873240e+00
6.016016016016015877e-01	-1.095587216301153077e+00	1.145881786664518343e+00
6.026026026026025662e-01	-1.473410385124808819e+00	1.555082486988012880e+00
6.036036036036035446e-01	-9.406049440801775852e-01	1.053573815509246447e+00
6.046046046046046341e-01	-1.553284708624789623e+00	1.697438639692749440e+00
6.056056056056056125e-01	-1.099327852877226785e+00	1.274524296129095902e+00
6.066066066066065909e-01	-8.047153035443256330e-01	1.010781014956016799e+00
6.076076076076075694e-01	-1.281815780939289606e+00	1.518546991230966370e+00
6.086086086086086588e-01	-5.892325283597944496e-01	8.563951444943148639e-01
6.096096096096096373e-01	-6.574498283196160697e-01	9.547796649867894558e-01
6.106106106106106157e-01	-1.105862729725108240e+00	1.433065770582879539e+00
6.116116116116115942e-01	-9.072789842114915571e-01	1.264031672625721470e+00
6.126126126126125726e-01	-1.263036012220779547e-01	5.122531602174035248e-01
6.136136136136136621e-01	1.384865615429327623e-01	2.762782195624762238e-01
6.146146146146146405e-01	1.814918112463443853e-02	4.250206795194922949e-01
6.156156156156156189e-01	2.975290978067915426e-01	1.736076112762255930e-01
6.166166166166165974e-01	3.184890479080829673e-01	1.801486233329064879e-01
6.176176176176175758e-01	4.786252868369410551e-01	4.702026579437934561e-02
6.186186186186186653e-01	1.030497160322079830e+00	-4.783635139690081139e-01
6.196196196196196437e-01	4.201993364552705085e-02	5.360558258548439037e-01
6.206206206206206222e-01	9.222020327206685852e-01	-3.187557936572433803e-01
6.216216216216216006e-01	6.433748504903601395e-01	-1.515485319471998604e-02
6.226226226226225791e-01	7.890508057065296343e-01	-1.366782691847392428e-01
6.236236236236236685e-01	8.819605050567249638e-01	-2.060805316940449439e-01
6.246246246246246470e-01	9.339098687466317328e-01	-2.351908063942644844e-01
6.256256256256256254e-01	7.351894931960315516e-01	-1.432227427144761034e-02
6.266266266266266038e-01	1.307002119842819221e+00	-5.646995780972120516e-01
6.276276276276275823e-01	2.047934742487286019e+00	-1.284930908115759607e+00
6.286286286286286717e-01	1.503215837267302568e+00	-7.202652110588388945e-01
6.296296296296296502e-01	1.672730950157546470e+00	-8.706077574025030685e-01
6.306306306306306286e-01	1.502832195978959895e+00	-6.823296208718736544e-01
6.316316316316316071e-01	1.779974782612968598e+00	-9.419041839077421097e-01
6.326326326326325855e-01	2.167124323592123147e+00	-1.312314432285198063e+00
6.336336336336336750e-01	1.918436714488447992e+00	-1.047732814323320216e+00
6.346346346346346534e-01	1.954694457801893881e+00	-1.068957549405364915e+00
6.356356356356356319e-01	2.433054359400122824e+00	-1.533160308876805766e+00
6.366366366366366103e-01	2.049846501378056463e+00	-1.136685174205073423e+00
6.376376376376375887e-01	2.509057697935611841e+00	-1.583532079013934668e+00
6.386386386386386782e-01	2.766441901969442618e+00	-1.829467202702004691e+00
6.396396396396396566e-01	3.089951200047131419e+00	-2.142453953326702187e+00
6.406406406406406351e-01	2.607091840513685810e+00	-1.650008984515414889e+00
6.416416416416416135e-01	3.232953709241694895e+00	-2.267231660926340542e+00
6.426426426426425920e-01	3.200301068231266921e+00	-2.226894787475264703e+00
6.436436436436436814e-01	2.414714242167624203e+00	-1.434586287445447805e+00
6.446446446446446599e-01	2.395452972800212965e+00	-1.409572549352817505e+00
6.456456456456456383e-01	2.711158543115926189e+00	-1.720500544546494481e+00
6.466466466466466168e-01	3.292786364270288146e+00	-2.298330408515010692e+00
6.476476476476475952e-01	2.946934054352214893e+00	-1.949663514979382395e+00
6.486486486486486847e-01	2.778364720599744597e+00	-1.779265754395063182e+00
6.496496496496496631e-01	3.666802926431371734e+00	-2.666863498231077934e+00
6.506506506506506415e-01	3.322261306602127817e+00	-2.322470212338201723e+00
6.516516516516516200e-01	2.299026735800608456e+00	-1.300372624724151827e+00
6.526526526526525984e-01	3.185750532952590586e+00	-2.189220930002253596e+00
6.536536536536536879e-01	3.304737625497598419e+00	-2.311317954779787520e+00
6.546546546546546663e-01	3.227309976987307039e+00	-2.237982587333813722e+00
6.556556556556556448e-01	3.375756794025734031e+00	-2.391499987592365262e+00
6.566566566566566232e-01	3.204663297267293931e+00	-2.226450362134085204e+00
6.576576576576576016e-01	2.679207620346270247e+00	-1.708005868075892941e+00
6.586586586586586911e-01	3.017534962574074164e+00	-2.054304771680162123e+00
6.596596596596596696e-01	2.789779717343438215e+00	-1.835473583614689375e+00
6.606606606606606480e-01	2.724637621430167300e+00	-1.780199216049338062e+00
6.616616616616616264e-01	2.584652452085236973e+00	-1.651015688474389842e+00
6.626626626626626049e-01	3.192186689206970573e+00	-2.270274799521743603e+00
6.636636636636636943e-01	3.018555363139298287e+00	-2.109279985325410500e+00
6.646646646646646728e-01	2.720015410645650888e+00	-1.824275686960395326e+00
6.656656656656656512e-01	2.602867392317683048e+00	-1.721549080207875226e+00
6.666666666666666297e-01	2.733558867544324755e+00	-1.867533463759884604e+00
6.676676676676676081e-01	3.101455105466517370e+00	-2.251578984275830475e+00
6.686686686686686976e-01	1.934107627871212376e+00	-1.101221194230439515e+00
6.696696696696696760e-01	2.825523324295257321e+00	-2.010450182808994679e+00
6.706706706706706544e-01	2.454504222368043553e+00	-1.658050362863113136e+00
6.716716716716716329e-01	1.800175618137481504e+00	-1.023128618655190891e+00
6.726726726726726113e-01	1.646671240166080574e+00	-8.897994881610877815e-01
6.736736736736737008e-01	1.954979384483376492e+00	-1.219031316999273251e+00
6.746746746746746792e-01	2.244671740024850592e+00	-1.530375103597828801e+00
6.756756756756756577e-01	2.264566327507147481e+00	-1.572627458529599398e+00
6.766766766766766361e-01	1.813334338785928423e+00	-1.144437465041588498e+00
6.776776776776777256e-01	2.487529452466258562e+00	-1.842336016527566400e+00
6.786786786786787040e-01	2.621389212821144010e+00	-2.000537217977900184e+00
6.796796796796796825e-01	2.209842655155186186e+00	-1.613946034521287265e+00
6.806806806806806609e-01	1.749440186863152391e+00	-1.179088196285248635e+00
6.816816816816816393e-01	2.353279124351334683e+00	-1.809035759719754832e+00
6.826826826826827288e-01	2.261959812550160986e+00	-1.744363252088283467e+00
6.836836836836837072e-01	2.296684583081385345e+00	-1.806246655164964521e+00
6.846846846846846857e-01	1.703898265358192443e+00	-1.241103942390891834e+00
6.856856856856856641e-01	7.687590821064804736e-01	-3.340660009520849405e-01
6.866866866866866426e-01	2.613800031262002665e+00	-2.207638040707529115e+00
6.876876876876877320e-01	1.118982640608401802e+00	-7.417533763056325391e-01
6.886886886886887105e-01	1.592095635326641334e+00	-1.244172122632356547e+00
6.896896896896896889e-01	2.508127887494872255e+00	-2.189854172602561544e+00
6.906906906906906674e-01	1.752125877062653325e+00	-1.463816686790431199e+00
6.916916916916916458e-01	1.937027910817271881e+00	-1.678968341388419994e+00
6.926926926926927353e-01	8.586956465857694676e-01	-6.311408817096872959e-01
6.936936936936937137e-01	6.876298328085178602e-01	-4.908048913408111780e-01
6.946946946946946921e-01	9.956066737383789667e-01	-8.297061871696663760e-01
6.956956956956956706e-01	1.562651560791480376e+00	-1.427839580784895368e+00
6.966966966966966490e-01	1.042383248841087795e+00	-9.387930850088461732e-01
6.976976976976977385e-01	8.509305603144329266e-01	-7.786646483938457486e-01
6.986986986986987169e-01	1.165402238853165295e+00	-1.124532039412452056e+00
6.996996996996996954e-01	1.428103224939005766e+00	-1.418669152713109227e+00
7.007007007007006738e-01	3.507139043581735671e-01	-3.727252882843999360e-01
7.017017017017016522e-01	3.258871151204072447e-01	-3.793221891134619383e-01
7.027027027027027417e-01	2.902220957799569456e-01	-3.750280202554654441e-01
7.037037037037037202e-01	8.436364307902780579e-01	-9.597293449155096523e-01
7.047047047047046986e-01	4.359063228728164430e-01	-5.831714274929574726e-01
7.057057057057056770e-01	1.145119371529509378e+00	-1.323411042687483663e+00
7.067067067067066555e-01	6.166363384229391897e-01	-8.257782713605035241e-01
7.077077077077077449e-01	1.371518659237145055e-01	-3.769372494214494052e-01
7.087087087087087234e-01	5.189823986190295058e-01	-7.891741195028125766e-01
7.097097097097097018e-01	9.282410341377896057e-02	-3.931549810255288713e-01
7.107107107107106803e-01	-2.220861911836262692e-01	-1.080868592172085085e-01
7.117117117117116587e-01	9.853920422364217946e-02	-4.582279338681745084e-01
7.127127127127127482e-01	-4.388580172744257490e-01	5.000928868303639030e-02
7.137137137137137266e-01	-4.046309901079706006e-01	-1.299322209849679277e-02
7.147147147147147050e-01	1.845173015262741023e-02	-4.644384558377024907e-01
7.157157157157156835e-01	-6.032701439916691166e-01	1.293619214012281526e-01
7.167167167167166619e-01	-1.033234728791821988e+00	5.318736362042195687e-01
7.177177177177177514e-01	-9.561982934418806757e-01	4.278801046958279342e-01
7.187187187187187298e-01	-3.855401612102775655e-01	-1.692126931738395790e-01
7.197197197197197083e-01	-1.035091545308653771e+00	4.544525958800493814e-01
7.207207207207206867e-01	-1.141661385045880550e+00	5.357105087823347267e-01
7.217217217217216652e-01	-1.283940935929201999e+00	6.532773308866455242e-01
7.227227227227227546e-01	-1.079456867876410264e+00	4.247041694366744391e-01
7.237237237237237331e-01	-1.397716632465116460e+00	7.195222966504504214e-01
7.247247247247247115e-01	-2.047652693015220127e+00	1.346687356247624034e+00
7.257257257257256899e-01	-1.852960187457819430e+00	1.129917003396312403e+00
7.267267267267266684e-01	-1.939205354478624521e+00	1.194799308590206444e+00
7.277277277277277578e-01	-1.151835780230475503e+00	3.868029827725851799e-01
7.287287287287287363e-01	-1.398611960016605371e+00	6.137089181302014529e-01
7.297297297297297147e-01	-1.539603823205853983e+00	7.356066928389147774e-01
7.307307307307306932e-01	-2.133908974381969248e+00	1.311612792783162007e+00
7.317317317317316716e-01	-2.406062780861464745e+00	1.566280680402925896e+00
7.327327327327327611e-01	-2.394046766263993042e+00	1.537609170370647149e+00
7.337337337337337395e-01	-2.773015427175866243e+00	1.900769229156380469e+00
7.347347347347347180e-01	-1.474735364339169630e+00	5.875430899305669197e-01
7.357357357357356964e-01	-3.293701409543722036e+00	2.392440363997777375e+00
7.367367367367367859e-01	-2.371955420708645956e+00	1.457516821263479700e+00
7.377377377377377643e-01	-3.116803783348771617e+00	2.190091877943486587e+00
7.387387387387387427e-01	-2.750815348537593241e+00	1.812746521641428021e+00
7.397397397397397212e-01	-3.236144931549347792e+00	2.287646797989553615e+00
7.407407407407406996e-01	-3.412151144076928766e+00	2.454161631761440088e+00
7.417417417417417891e-01	-3.468599480710843785e+00	2.502065903152802306e+00
7.427427427427427675e-01	-2.385246672472523866e+00	1.411124792033787712e+00
7.437437437437437460e-01	-3.157354751672686533e+00	2.176607834452647161e+00
7.447447447447447244e-01	-3.436444453155403700e+00	2.450042316459689395e+00
7.457457457457457028e-01	-2.964645029815863086e+00	1.973563083146843589e+00
7.467467467467467923e-01	-3.170743365992154228e+00	2.175961646509569025e+00
7.477477477477477708e-01	-2.929727100464351697e+00	1.932229303869851922e+00
7.487487487487487492e-01	-3.934334232598480252e+00	2.935106740402400938e+00
7.497497497497497276e-01	-3.118168027161067446e+00	2.118198931293320708e+00
7.507507507507507061e-01	-2.897373357750033129e+00	1.897651483479644519e+00
7.517517517517517955e-01	-3.819014796413717772e+00	2.820528724543195587e+00
7.527527527527527740e-01	-3.135057262500482000e+00	2.138794351801927451e+00
7.537537537537537524e-01	-2.668734900350124839e+00	1.675680311209757356e+00
7.547547547547547309e-01	-3.319458880941418943e+00	2.330594601177983005e+00
7.557557557557557093e-01	-2.970494506471995866e+00	1.986798380292385424e+00
7.567567567567567988e-01	-2.959359543042868967e+00	1.981804304095182712e+00
7.577577577577577772e-01	-3.463270506312056352e+00	2.492822815792258950e+00
7.587587587587587556e-01	-3.148313748305330062e+00	2.185933239068696743e+00
7.597597597597597341e-01	-3.920167548874316843e+00	2.966805876496886984e+00
7.607607607607607125e-01	-3.433796352367550764e+00	2.490396254095968764e+00
7.617617617617618020e-01	-3.189791691613290681e+00	2.257286054133583075e+00
7.627627627627627804e-01	-2.919127486956397455e+00	1.998438423903534655e+00
7.637637637637637589e-01	-3.148014262644061034e+00	2.240052202764514888e+00
7.647647647647647373e-01	-2.802039940938536589e+00	1.907702727807508492e+00
7.657657657657657158e-01	-3.425161772674554683e+00	2.545333776858123898e+00
7.667667667667668052e-01	-2.998502905291748455e+00	2.134054149831882796e+00
7.677677677677677837e-01	-3.018871312361841586e+00	2.170656612449039624e+00
7.687687687687687621e-01	-2.245661280442661223e+00	1.414519398126967253e+00
7.697697697697697405e-01	-2.918154872651420373e+00	2.104907687427686191e+00
7.707707707707707190e-01	-3.039151247350534657e+00	2.244602943438088527e+00
7.717717717717718084e-01	-2.819144026205470777e+00	2.044080297325870266e+00
7.727727727727727869e-01	-3.195574430630218288e+00	2.440761703069419752e+00
7.737737737737737653e-01	-2.660240588777000426e+00	1.926425263500271878e+00
7.747747747747747438e-01	-2.847135677610001192e+00	2.135043392178973765e+00
7.757757757757757222e-01	-3.433520283950022733e+00	2.743855194971757783e+00
7.767767767767768117e-01	-2.691099888047029598e+00	2.024543974864658757e+00
7.777777777777777901e-01	-2.769151262690330295e+00	2.126363653003791043e+00
7.787787787787787686e-01	-3.346665481037677914e+00	2.728281799121461404e+00
7.797797797797797470e-01	-2.738634203719521043e+00	2.145265941881898009e+00
7.807807807807807254e-01	-2.094990610015003529e+00	1.527224523920294619e+00
7.817817817817818149e-01	-2.382952652953395756e+00	1.841350181405206454e+00
7.827827827827827933e-01	-2.220397729504980600e+00	1.705494439264167550e+00
7.837837837837837718e-01	-2.914191328834414563e+00	2.426496385020778135e+00
7.847847847847847502e-01	-2.099527724520776850e+00	1.639523387122162612e+00
7.857857857857857287e-01	-2.114615137904564346e+00	1.682756284891265608e+00
7.867867867867868181e-01	-1.893610505923905674e+00	1.490324183439924788e+00
7.877877877877877966e-01	-1.871181406191849250e+00	1.496866406267829408e+00
7.887887887887887750e-01	-2.494275253332513209e+00	2.149301719537920263e+00
7.897897897897897534e-01	-1.987099231218452555e+00	1.671808292642949612e+00
7.907907907907907319e-01	-2.142591874651866846e+00	1.857295308577814996e+00
7.917917917917918214e-01	-1.807117875367079574e+00	1.552097798966769027e+00
7.927927927927927998e-01	-2.068926048214408286e+00	1.844434639576834289e+00
7.937937937937937782e-01	-1.228250070283310569e+00	1.034509319046410081e+00
7.947947947947947567e-01	-1.941978968970715647e+00	1.779180456805620425e+00
7.957957957957957351e-01	-1.887795453632920228e+00	1.756100164797294250e+00
7.967967967967968246e-01	-1.450863239701681406e+00	1.350401401849512961e+00
7.977977977977978030e-01	-1.775461430972839150e+00	1.706332386378052623e+00
7.987987987987987815e-01	-1.483545775312349768e+00	1.445817882633632756e+00
7.997997997997997599e-01	-1.557299354864228436e+00	1.551009921548159198e+00
8.008008008008007383e-01	-5.091337693297897093e-01	5.342890147191626804e-01
8.018018018018018278e-01	-5.931519682863100051e-01	6.497270174701015311e-01
8.028028028028028062e-01	-7.829430333003685183e-01	8.708819417114274097e-01
8.038038038038037847e-01	-7.424482208247881188e-01	8.616640295609611089e-01
8.048048048048047631e-01	-1.234636344595364116e-01	2.738384562734713090e-01
8.058058058058058526e-01	-2.703249925772335804e-01	4.517101284498848957e-01
8.068068068068068310e-01	-1.410313852733989515e-01	3.532474714559056261e-01
8.078078078078078095e-01	-2.608251700960190766e-01	5.036623554746069154e-01
8.088088088088087879e-01	-7.685711067435437860e-01	1.041789260352008917e+00
8.098098098098097664e-01	-1.423800043940938176e-01	4.457089528687183111e-01
8.108108108108108558e-01	-2.272761780362437534e-01	5.604159727783011302e-01
8.118118118118118343e-01	2.932623160883428004e-01	6.935889769332248544e-02
8.128128128128128127e-01	5.503704520369664399e-01	-1.586263993165688002e-01
8.138138138138137911e-01	9.189387257826053812e-02	3.285856406909526961e-01
8.148148148148147696e-01	6.131115970501406220e-01	-1.643124168496808979e-01
8.158158158158158590e-01	1.283512237057544247e+00	-8.068371876111173346e-01
8.168168168168168375e-01	4.973440227342906250e-01	6.735533057035170135e-03
8.178178178178178159e-01	1.553747657974872576e+00	-1.022762057845552519e+00
8.188188188188187944e-01	6.419033819859197854e-01	-8.453680572427901829e-02
8.198198198198197728e-01	1.089444690459582699e+00	-5.062482932533118873e-01
8.208208208208208623e-01	1.214267395191225951e+00	-6.058178741970097203e-01
8.218218218218218407e-01	1.310277122729009980e+00	-6.771761468021879615e-01
8.228228228228228192e-01	1.111710882540650536e+00	-4.545844972714624399e-01
8.238238238238237976e-01	1.279311600172123420e+00	-5.988096088168725073e-01
8.248248248248247760e-01	1.347726240251996943e+00	-6.445215611713155379e-01
8.258258258258258655e-01	1.731208211340399705e+00	-1.005996212580001048e+00
8.268268268268268439e-01	1.793727522315934353e+00	-1.047225333987881868e+00
8.278278278278278224e-01	2.662240707069252199e+00	-1.895186512213653973e+00
8.288288288288288008e-01	2.529091831301626847e+00	-1.742244135930038240e+00
8.298298298298297793e-01	1.869657012451682920e+00	-1.063793895494016262e+00
8.308308308308308687e-01	2.238408720919032202e+00	-1.414327064815666946e+00
8.318318318318318472e-01	2.576782674981984211e+00	-1.735297377681934039e+00
8.328328328328328256e-01	2.310903972096646442e+00	-1.452847141240959594e+00
8.338338338338338041e-01	2.427999131860283821e+00	-1.554219261947556774e+00
8.348348348348347825e-01	2.548241329848155434e+00	-1.659602463195799960e+00
8.358358358358358720e-01	2.974059281570849311e+00	-2.071440153901814796e+00
8.368368368368368504e-01	2.356477642013020457e+00	-1.440770813512851412e+00
8.378378378378378288e-01	2.536543096520328611e+00	-1.608654069223820038e+00
8.388388388388388073e-01	2.934719352950146742e+00	-1.995565675330380095e+00
8.398398398398397857e-01	2.927868728566352274e+00	-1.978379088211539294e+00
8.408408408408408752e-01	2.882108382391229462e+00	-1.923221687666579527e+00
8.418418418418418536e-01	2.733626163092877093e+00	-1.766290614695587013e+00
8.428428428428428321e-01	3.222569850661667790e+00	-2.247742003987133863e+00
8.438438438438438105e-01	3.830096056865587517e+00	-2.848739876112028835e+00
8.448448448448447889e-01	3.282100201401689787e+00	-2.295186106348530153e+00
8.458458458458458784e-01	3.102123904726745263e+00	-2.110627811129360598e+00
8.468468468468468568e-01	3.513656471933856995e+00	-2.518558826483590973e+00
8.478478478478478353e-01	3.106106197511028011e+00	-2.108391008314766779e+00
8.488488488488488137e-01	3.056438433457508985e+00	-2.057092296995528091e+00
8.498498498498497922e-01	3.398217463964175344e+00	-2.398228589488461182e+00
8.508508508508508816e-01	2.353997220807134472e+00	-1.354354453144904546e+00
8.518518518518518601e-01	2.809147907259422539e+00	-1.810839748988154252e+00
8.528528528528528385e-01	2.986296297678662892e+00	-1.990309931639558272e+00
8.538538538538538170e-01	2.512152020351678505e+00	-1.519472333468158132e+00
8.548548548548547954e-01	2.614449845469953182e+00	-1.626058454836480038e+00
8.558558558558558849e-01	2.799044969903574209e+00	-1.815919252107869752e+00
8.568568568568568633e-01	2.249080259488447364e+00	-1.272192384126954234e+00
8.578578578578578417e-01	2.670603691636582511e+00	-1.700919659978894938e+00
8.588588588588588202e-01	2.604374525188374978e+00	-1.642853214941248918e+00
8.598598598598597986e-01	2.801078197832523209e+00	-1.848670414948070828e+00
8.608608608608608881e-01	3.211263375201958148e+00	-2.268910913667639306e+00
8.618618618618618665e-01	2.908658119103126882e+00	-1.977292829643271688e+00
8.628628628628628450e-01	2.862909366261598532e+00	-1.943452234871392958e+00
8.638638638638638234e-01	2.859473200793976488e+00	-1.952833438017086198e+00
8.648648648648649129e-01	2.884877503331102933e+00	-1.991951645181534447e+00
8.658658658658658913e-01	2.363410920527109216e+00	-1.485081941944339956e+00
8.668668668668668698e-01	2.673533165097546238e+00	-1.810669606811615484e+00
8.678678678678678482e-01	2.765475678995713782e+00	-1.918930788665652809e+00
8.688688688688688266e-01	1.968732220470339911e+00	-1.139343108945255700e+00
8.698698698698699161e-01	2.752081767029835202e+00	-1.940668580566969226e+00
8.708708708708708945e-01	2.858689018548917105e+00	-2.066054127807231300e+00
8.718718718718718730e-01	2.147452615609102278e+00	-1.374379822220384462e+00
8.728728728728728514e-01	2.261223497850854081e+00	-1.508477259352898336e+00
8.738738738738738299e-01	1.987800266678670935e+00	-1.256124940576990534e+00
8.748748748748749193e-01	2.534329950830387368e+00	-1.824449058535958290e+00
8.758758758758758978e-01	1.940594562111234156e+00	-1.253210073482124765e+00
8.768768768768768762e-01	2.233760619474209896e+00	-1.569552258668595712e+00
8.778778778778778547e-01	1.930647941746478358e+00	-1.290272515073450865e+00
8.788788788788788331e-01	2.267400599374324699e+00	-1.651491345807142519e+00
8.798798798798799226e-01	1.519389600332392121e+00	-9.285555653264330189e-01
8.808808808808809010e-01	2.650709546411452067e+00	-2.085534979646059828e+00
8.818818818818818794e-01	1.812151695551516228e+00	-1.273195473191299110e+00
8.828828828828828579e-01	2.132842417760118625e+00	-1.620637489807002396e+00
8.838838838838838363e-01	1.985611512190873951e+00	-1.500664375473382828e+00
8.848848848848849258e-01	1.682773777637291079e+00	-1.225563974958213453e+00
8.858858858858859042e-01	1.465055971273493407e+00	-1.036035617211167104e+00
8.868868868868868827e-01	2.074667929449491854e+00	-1.674261263281686896e+00
8.878878878878878611e-01	1.455181290489594437e+00	-1.083784256682023717e+00
8.888888888888888395e-01	1.668164534023293566e+00	-1.326144390697620912e+00
8.898898898898899290e-01	1.158556860754653695e+00	-8.462518165231655010e-01
8.908908908908909074e-01	1.150753124044930020e+00	-8.684720035709581065e-01
8.918918918918918859e-01	1.493253598412777716e+00	-1.241275537027650921e+00
8.928928928928928643e-01	1.602128509176247162e+00	-1.380702676854684841e+00
8.938938938938938428e-01	1.185372622749611971e+00	-9.947179777165462422e-01
8.948948948948949322e-01	5.435925637871064087e-01	-3.838976359995578402e-01
8.958958958958959107e-01	1.709754166443845813e+00	-1.581176871161976472e+00
8.968968968968968891e-01	6.000131552918624989e-01	-5.026806369235577998e-01
8.978978978978978676e-01	2.022932132025556384e-01	-1.363017195759315126e-01
8.988988988988988460e-01	1.745596860016249474e+00	-1.711011647204430552e+00
8.998998998998999355e-01	5.379656351044632689e-01	-5.348209028967273460e-01
9.009009009009009139e-01	5.050309159972153628e-02	-7.880194968283858736e-02
9.019019019019018923e-01	2.081156762316032915e-01	-2.678301411148106270e-01
9.029029029029028708e-01	5.455852072239649742e-01	-6.366562299106053313e-01
9.039039039039038492e-01	3.941148128203624812e-01	-5.164523371988176681e-01
9.049049049049049387e-01	-2.343075678802894468e-02	-1.300522951081873602e-01
9.059059059059059171e-01	8.498011109253961193e-01	-1.034277917728886997e+00
9.069069069069068956e-01	-5.365421245900283548e-02	-1.616339282860845550e-01
9.079079079079078740e-01	-4.473616088840276506e-01	2.014750231301782879e-01
9.089089089089088525e-01	2.719586387579390752e-01	-5.482005231370110643e-01
9.099099099099099419e-01	4.090173453703481177e-01	-7.153413649771311889e-01
9.109109109109109204e-01	-4.434695755660820193e-01	1.073663310238677782e-01
9.119119119119118988e-01	-8.636608358018940113e-01	4.981107239766748851e-01
9.129129129129128772e-01	-2.362211670797912527e-02	-3.710133860414603912e-01
9.139139139139138557e-01	-1.323617486825765077e+00	9.002868307692333261e-01
9.149149149149149451e-01	-1.151018755990010245e+00	6.994115596131159629e-01
9.159159159159159236e-01	-3.907553050499059100e-01	-8.868185723890176231e-02
9.169169169169169020e-01	-8.735902309584852032e-01	3.667971969902129592e-01
9.179179179179178805e-01	-1.101232264694484098e+00	5.675845042923632899e-01
9.189189189189188589e-01	-9.504477077996862366e-01	3.904729216620935750e-01
9.199199199199199484e-01	-1.158429290798350886e+00	5.726812132565125557e-01
9.209209209209209268e-01	-1.819538267337646564e+00	1.208596118792223173e+00
9.219219219219219053e-01	-8.937376704890657164e-01	2.582055846446822400e-01
9.229229229229228837e-01	-8.227514447817634302e-01	1.632578712458692127e-01
9.239239239239238621e-01	-1.425773693477813575e+00	7.429707763146272681e-01
9.249249249249249516e-01	-1.546744673566612827e+00	8.413076064206609361e-01
9.259259259259259300e-01	-6.314272331033381480e-01	-9.594640846971080883e-02
9.269269269269269085e-01	-1.619463339742896579e+00	8.708723914079067319e-01
9.279279279279278869e-01	-1.727009481042997452e+00	9.579414744686823857e-01
9.289289289289288654e-01	-1.578279677215362442e+00	7.894951097827336284e-01
9.299299299299299548e-01	-1.149876706240365198e+00	3.421555721665575645e-01
9.309309309309309333e-01	-1.195299775938677200e+00	3.694407949751341569e-01
9.319319319319319117e-01	-1.911473113289519077e+00	1.068292940903297517e+00
9.329329329329328901e-01	-1.709588533203731942e+00	8.499209530229883125e-01
9.339339339339339796e-01	-2.493340034149400530e+00	1.618035133471588116e+00
9.349349349349349581e-01	-2.267321364425634034e+00	1.377244693603727699e+00
9.359359359359359365e-01	-2.521860012583053035e+00	1.617891729121037070e+00
9.369369369369369149e-01	-2.625450301043316337e+00	1.708484299247303717e+00
9.379379379379378934e-01	-1.704735094464424172e+00	7.756781215100627680e-01
9.389389389389389828e-01	-2.576129899632826348e+00	1.635900658923068018e+00
9.399399399399399613e-01	-2.506512577939288278e+00	1.556040820639176481e+00
9.409409409409409397e-01	-2.274037991599298092e+00	1.314263597246109416e+00
9.419419419419419182e-01	-1.929119550353743495e+00	9.609915974516253234e-01
9.429429429429428966e-01	-2.230086422787721734e+00	1.254562250305883975e+00
9.439439439439439861e-01	-1.351310983497957308e+00	3.693552442004504055e-01
9.449449449449449645e-01	-2.393305132832246329e+00	1.405888839375457389e+00
9.459459459459459429e-01	-2.239016435014179685e+00	1.247115999755302962e+00
9.469469469469469214e-01	-2.321604620130148344e+00	1.326200889596135912e+00
9.479479479479478998e-01	-1.941948170809950858e+00	9.440254557817077119e-01
9.489489489489489893e-01	-2.287701561671215522e+00	1.288246663842146145e+00
9.499499499499499677e-01	-2.546151426672371709e+00	1.546152662843774284e+00
9.509509509509509462e-01	-3.031402831624752547e+00	2.031849056402988740e+00
9.519519519519519246e-01	-2.608137429151039299e+00	1.610017057112892669e+00
9.529529529529529031e-01	-2.137207229824367616e+00	1.141507258117529844e+00
9.539539539539539925e-01	-2.834581355289226945e+00	1.842286387634413325e+00
9.549549549549549710e-01	-2.564721110109112523e+00	1.576812383168934240e+00
9.559559559559559494e-01	-2.744119387604926796e+00	1.761573800682298518e+00
9.569569569569569278e-01	-2.478756569302491553e+00	1.502545718328061053e+00
9.579579579579579063e-01	-3.130266402945748094e+00	2.161355619709598219e+00
9.589589589589589957e-01	-1.832589942524970317e+00	8.719373401026493386e-01
9.599599599599599742e-01	-3.162804104113236647e+00	2.211359629430059481e+00
9.609609609609609526e-01	-2.812822623650681919e+00	1.871527118121177669e+00
9.619619619619619311e-01	-2.248226703385890701e+00	1.318010972557286165e+00
9.629629629629629095e-01	-2.534898439643729517e+00	1.616682332763454522e+00
9.639639639639639990e-01	-2.252702402632605683e+00	1.347393903050008834e+00
9.649649649649649774e-01	-2.704367613561468264e+00	1.812861940863183641e+00
9.659659659659659559e-01	-2.558948387845768391e+00	1.682127112612613384e+00
9.669669669669669343e-01	-2.571011156235206041e+00	1.709741328295974583e+00
9.679679679679679127e-01	-1.941388885587123081e+00	1.096522176631303802e+00
9.689689689689690022e-01	-2.328249181448160066e+00	1.500621042845428521e+00
9.699699699699699806e-01	-2.216636155464846158e+00	1.407064992124100966e+00
9.709709709709709591e-01	-2.743660778094151986e+00	1.952947139179058045e+00
9.719719719719719375e-01	-2.097429537782338205e+00	1.326355325083612424e+00
9.729729729729729160e-01	-2.381843451659464872e+00	1.631171146406738437e+00
9.739739739739740054e-01	-1.884306890243504062e+00	1.154778799121314758e+00
9.749749749749749839e-01	-1.511934466463639382e+00	8.042719875771331406e-01
9.759759759759759623e-01	-2.253338992183032019e+00	1.568241901699250818e+00
9.769769769769769407e-01	-2.271164990251516969e+00	1.609310750421647285e+00
9.779779779779779192e-01	-2.493976315548616096e+00	1.856019404795501426e+00
9.789789789789790087e-01	-2.170633694861508367e+00	1.557204960594845478e+00
9.799799799799799871e-01	-2.242947951415973140e+00	1.654653986215168349e+00
9.809809809809809655e-01	-1.914835609530929128e+00	1.352258151312491385e+00
9.819819819819819440e-01	-2.081113617270730298e+00	1.544808974033345716e+00
9.829829829829829224e-01	-2.070808150429852112e+00	1.561306650145975361e+00
9.839839839839840119e-01	-1.563405277834338136e+00	1.081210744032288673e+00
9.849849849849849903e-01	-2.185297394816462901e+00	1.730886648371585679e+00
9.859859859859859688e-01	-1.588777820246083383e+00	1.162600207873646818e+00
9.869869869869869472e-01	-1.879399050924639880e+00	1.481876000840724128e+00
9.879879879879879256e-01	-1.382520298967657491e+00	1.014044904157403337e+00
9.889889889889890151e-01	-1.043343266086465659e+00	7.042798955917914938e-01
9.899899899899899935e-01	-1.551594401748617846e+00	1.242278340359748601e+00
9.909909909909909720e-01	-1.181348676628496186e+00	9.020857933356642988e-01
9.919919919919919504e-01	-1.182952144981610720e+00	9.340185905147158074e-01
9.929929929929930399e-01	-1.563416116616871188e+00	1.345058050372224479e+00
9.939939939939940183e-01	-1.132032381866576953e+00	9.444657284907405081e-01
9.949949949949949968e-01	-1.053020296297629832e+00	8.964305321690713146e-01
9.959959959959959752e-01	-8.668043507396847591e-01	7.413463205593864291e-01
9.969969969969969537e-01	-1.051645137917219364e+00	9.574429015895893347e-01
9.979979979979980431e-01	-8.635674114506256549e-01	8.007141214061455070e-01
9.989989989989990216e-01	-1.337972629674168523e+00	1.306530438755048262e+00
1.000000000000000000e+00	-1.084454935929516362e+00	1.084454935929515029e+00
