# Time	RLS_Output	RLS_Error
0.000000000000000000e+00	0.000000000000000000e+00	0.000000000000000000e+00
1.001001001001000992e-03	0.000000000000000000e+00	0.000000000000000000e+00
2.002002002002001985e-03	0.000000000000000000e+00	0.000000000000000000e+00
3.003003003003002977e-03	0.000000000000000000e+00	0.000000000000000000e+00
4.004004004004003969e-03	0.000000000000000000e+00	0.000000000000000000e+00
5.005005005005004962e-03	0.000000000000000000e+00	0.000000000000000000e+00
6.006006006006005954e-03	0.000000000000000000e+00	0.000000000000000000e+00
7.007007007007006946e-03	0.000000000000000000e+00	0.000000000000000000e+00
8.008008008008007939e-03	0.000000000000000000e+00	0.000000000000000000e+00
9.009009009009008931e-03	0.000000000000000000e+00	0.000000000000000000e+00
1.001001001001000992e-02	0.000000000000000000e+00	0.000000000000000000e+00
1.101101101101101092e-02	0.000000000000000000e+00	0.000000000000000000e+00
1.201201201201201191e-02	0.000000000000000000e+00	0.000000000000000000e+00
1.301301301301301290e-02	0.000000000000000000e+00	0.000000000000000000e+00
1.401401401401401389e-02	0.000000000000000000e+00	0.000000000000000000e+00
1.501501501501501488e-02	0.000000000000000000e+00	0.000000000000000000e+00
1.601601601601601588e-02	0.000000000000000000e+00	0.000000000000000000e+00
1.701701701701701513e-02	0.000000000000000000e+00	0.000000000000000000e+00
1.801801801801801786e-02	0.000000000000000000e+00	0.000000000000000000e+00
1.901901901901902059e-02	0.000000000000000000e+00	0.000000000000000000e+00
2.002002002002001985e-02	0.000000000000000000e+00	0.000000000000000000e+00
2.102102102102101910e-02	0.000000000000000000e+00	0.000000000000000000e+00
2.202202202202202183e-02	0.000000000000000000e+00	0.000000000000000000e+00
2.302302302302302456e-02	0.000000000000000000e+00	0.000000000000000000e+00
2.402402402402402382e-02	0.000000000000000000e+00	0.000000000000000000e+00
2.502502502502502307e-02	0.000000000000000000e+00	7.076624788865043536e-01
2.602602602602602580e-02	3.240107462299389174e-01	4.055173448922494983e-01
2.702702702702702853e-02	4.914601970694610911e-01	2.592121081832632346e-01
2.802802802802802778e-02	5.928385854452411508e-01	1.782356272534835195e-01
2.902902902902902704e-02	6.415090260809919176e-01	1.492046128341018019e-01
3.003003003003002977e-02	7.697280479940363795e-01	3.984311534670759158e-02
3.103103103103103250e-02	8.005956637294292522e-01	2.703247487330195931e-02
3.203203203203203175e-02	8.171156858373032073e-01	2.775102311851451731e-02
3.303303303303303101e-02	7.802007235181754874e-01	8.106910442105530468e-02
3.403403403403403027e-02	7.852510910145095169e-01	9.157018421864393520e-02
3.503503503503503647e-02	8.445132481271983016e-01	4.699242457108565585e-02
3.603603603603603572e-02	8.640524441036953052e-01	4.125605547890132119e-02
3.703703703703703498e-02	9.188219051825194938e-01	-6.057983022454971334e-04
3.803803803803804118e-02	9.484527119603224365e-01	-1.823698113171823287e-02
3.903903903903904044e-02	9.863389996980749252e-01	-4.504349416857167387e-02
4.004004004004003969e-02	1.005099414739194064e+00	-5.365494005601734173e-02
4.104104104104103895e-02	9.394708957029400676e-01	2.118170671938091054e-02
4.204204204204203821e-02	8.656201675117446426e-01	1.032906157244048995e-01
4.304304304304304440e-02	9.449202458809343730e-01	3.129060509349523844e-02
4.404404404404404366e-02	9.886946080954042149e-01	-6.149021172776492072e-03
4.504504504504504292e-02	9.883724657645015510e-01	-4.637388243234896734e-04
4.604604604604604912e-02	9.499235227555367089e-01	4.237144489927702207e-02
4.704704704704704837e-02	1.000704951242100682e+00	-5.004979535263021084e-03
4.804804804804804763e-02	1.063447458688955738e+00	-6.532708665080944055e-02
4.904904904904904689e-02	1.051943353420427218e+00	-5.238957819866341126e-02
5.005005005005004615e-02	1.072173833954268130e+00	-7.217507012567070390e-02
5.105105105105105234e-02	1.000183059145428377e+00	-7.281613163591105220e-04
5.205205205205205160e-02	1.023816676573554352e+00	-2.589396154531109495e-02
5.305305305305305086e-02	9.822420168526526663e-01	1.316171368135987674e-02
5.405405405405405705e-02	9.458240955734679156e-01	4.607633968540891800e-02
5.505505505505505631e-02	9.235925926097269256e-01	6.382370084706201485e-02
5.605605605605605557e-02	9.291899521764245273e-01	5.276578712108215274e-02
5.705705705705705483e-02	1.012778799980925237e+00	-3.725462749908647897e-02
5.805805805805805409e-02	1.045796205691584158e+00	-7.766825278946531963e-02
5.905905905905906028e-02	1.003278550587807239e+00	-4.350415623461822978e-02
6.006006006006005954e-02	1.016854018426144091e+00	-6.638226112603251572e-02
6.106106106106105880e-02	1.040481433916153220e+00	-1.002521932063942245e-01
6.206206206206206499e-02	9.894078836858455350e-01	-6.035091073148279861e-02
6.306306306306305731e-02	9.270602959715754654e-01	-1.009429417556195752e-02
6.406406406406406351e-02	9.145103267166367900e-01	-1.054204325462060332e-02
6.506506506506506970e-02	9.414676916034856458e-01	-5.139102078157975484e-02
6.606606606606606202e-02	9.150329312260164771e-01	-3.972803054820339685e-02
6.706706706706706822e-02	9.486304004057516392e-01	-8.896282022500645592e-02
6.806806806806806054e-02	8.817681414252145355e-01	-3.858796903899186503e-02
6.906906906906906674e-02	8.781699158419147277e-01	-5.231093487837146228e-02
7.007007007007007293e-02	9.119701438137365335e-01	-1.042490097399297877e-01
7.107107107107106525e-02	9.175054255543706461e-01	-1.287208581217391679e-01
7.207207207207207145e-02	9.036772101196401952e-01	-1.346092035453232416e-01
7.307307307307307764e-02	8.905553827081524876e-01	-1.419644343731618630e-01
7.407407407407406996e-02	8.985867240088865060e-01	-1.712130824358376602e-01
7.507507507507507616e-02	8.783859090293673066e-01	-1.729488418834141950e-01
7.607607607607608236e-02	8.344984849886095679e-01	-1.516955678254204853e-01
7.707707707707707467e-02	8.015333168031848476e-01	-1.420397432672887428e-01
7.807807807807808087e-02	7.891620080450336694e-01	-1.536299222006495269e-01
7.907907907907907319e-02	7.764374424836603117e-01	-1.654952939382372534e-01
8.008008008008007939e-02	7.254010347358073041e-01	-1.396529571939679748e-01
8.108108108108108558e-02	7.599499136048473158e-01	-1.999751274672518786e-01
8.208208208208207790e-02	7.533376539897121971e-01	-2.196898935875896131e-01
8.308308308308308410e-02	7.041827443544977916e-01	-1.973897103862252145e-01
8.408408408408407642e-02	7.162712019512822437e-01	-2.368340396624722954e-01
8.508508508508508261e-02	7.565320876115814164e-01	-3.049248912346860241e-01
8.608608608608608881e-02	7.718492296592917024e-01	-3.485185736027571757e-01
8.708708708708708113e-02	7.529090900882330351e-01	-3.582735873387919434e-01
8.808808808808808732e-02	6.987245008250411171e-01	-3.331743889998221020e-01
8.908908908908909352e-02	6.939294044779922288e-01	-3.578261599357763778e-01
9.009009009009008584e-02	6.989459716148833657e-01	-3.926219520080995729e-01
9.109109109109109204e-02	6.886151500594516195e-01	-4.123732656803771324e-01
9.209209209209209823e-02	6.639827892420043787e-01	-4.180962034881542388e-01
9.309309309309309055e-02	6.570428005191604193e-01	-4.417546597740700798e-01
9.409409409409409675e-02	6.492137136117507312e-01	-4.647369068082581878e-01
9.509509509509508907e-02	6.857953708361449463e-01	-5.323123189399283639e-01
9.609609609609609526e-02	6.726417001027453768e-01	-5.503041757242880250e-01
9.709709709709710146e-02	7.156882071188483962e-01	-6.246171844322077060e-01
9.809809809809809378e-02	6.560302025617221755e-01	-5.963157376785118702e-01
9.909909909909909997e-02	5.984607924747946672e-01	-5.701619343916763949e-01
1.001001001001000923e-01	6.546134188460052128e-01	-6.577581510537412468e-01
1.011011011011010985e-01	5.085135861119657319e-01	-5.430987989237829883e-01
1.021021021021021047e-01	3.257502775539195539e-01	-3.917417711805402103e-01
1.031031031031030970e-01	2.818901138196262535e-01	-3.792226321879284545e-01
1.041041041041041032e-01	7.122661008876896016e-02	-1.998039053706374413e-01
1.051051051051051094e-01	6.922093481080981991e-02	-2.289158625983593320e-01
1.061061061061061017e-01	-2.298079381320180387e-02	-1.676738512198626407e-01
1.071071071071071079e-01	-1.810347031728085088e-01	-4.039112914875037097e-02
1.081081081081081141e-01	-1.714771695014628838e-01	-8.050089188366230109e-02
1.091091091091091064e-01	-3.596237172685814304e-02	-2.463187487471133752e-01
1.101101101101101126e-01	-2.622975624494593497e-02	-2.860752879865435805e-01
1.111111111111111049e-01	1.085202497601028479e-02	-3.528721683016785016e-01
1.121121121121121111e-01	-1.633026130990053448e-01	-2.080944207085625441e-01
1.131131131131131173e-01	-1.647040279022583542e-01	-2.357026382655454944e-01
1.141141141141141097e-01	-1.316115106262135681e-01	-2.974088434361127353e-01
1.151151151151151159e-01	-1.989260726833582404e-01	-2.582837299957209121e-01
1.161161161161161082e-01	-1.478306251324956466e-01	-3.371165115849916738e-01
1.171171171171171144e-01	-1.864850153973559577e-01	-3.257199125557581620e-01
1.181181181181181206e-01	-2.211062135227535586e-01	-3.178500088374628940e-01
1.191191191191191129e-01	-1.730925436184952981e-01	-3.920820231468973849e-01
1.201201201201201191e-01	-1.852586338335927285e-01	-4.055754011723650132e-01
1.211211211211211253e-01	-4.012066695850271536e-01	-2.147025839821523618e-01
1.221221221221221176e-01	-3.728869616503980855e-01	-2.674884650226277416e-01
1.231231231231231238e-01	-4.684824986320478279e-01	-1.957258621735661341e-01
1.241241241241241300e-01	-6.546940630475519551e-01	-3.269042558155821343e-02
1.251251251251251362e-01	-6.275216920518966734e-01	-8.235920024253196026e-02
1.261261261261261146e-01	-8.194430365767213509e-01	8.776771047504339229e-02
1.271271271271271208e-01	-8.123233835849981155e-01	5.957714508704348155e-02
1.281281281281281270e-01	-8.501183570990806793e-01	7.704556371036319629e-02
1.291291291291291332e-01	-9.557071629368014687e-01	1.630722721951167742e-01
1.301301301301301394e-01	-1.021165057764378492e+00	2.097518713015126268e-01
1.311311311311311179e-01	-9.932065060518490140e-01	1.638173945267665799e-01
1.321321321321321240e-01	-1.163022056060221354e+00	3.164771657301609364e-01
1.331331331331331302e-01	-1.153357464562071000e+00	2.904939062761399127e-01
1.341341341341341364e-01	-1.158281256167511541e+00	2.799522775847427258e-01
1.351351351351351426e-01	-1.082094992737241190e+00	1.891691345876728159e-01
1.361361361361361211e-01	-9.772527861864941379e-01	7.061302340960518009e-02
1.371371371371371273e-01	-1.100183223098839536e+00	1.807260917086344065e-01
1.381381381381381335e-01	-1.013035311657244142e+00	8.167002219739016855e-02
1.391391391391391397e-01	-1.129516824133389497e+00	1.871643625990708770e-01
1.401401401401401459e-01	-1.215733530343640068e+00	2.633257474591885750e-01
1.411411411411411521e-01	-1.200157284106669220e+00	2.386359738595436042e-01
1.421421421421421305e-01	-1.250496336402684872e+00	2.808123047449972987e-01
1.431431431431431367e-01	-1.188139779802683593e+00	2.112519044411910185e-01
1.441441441441441429e-01	-9.743366053130109172e-01	-8.789112482693206552e-03
1.451451451451451491e-01	-8.816798881411056499e-01	-1.067115024923670497e-01
1.461461461461461553e-01	-1.028909307215943869e+00	3.622962033242360658e-02
1.471471471471471337e-01	-9.082518982267443475e-01	-8.773446781235993974e-02
1.481481481481481399e-01	-9.426411149528471922e-01	-5.566704331842098341e-02
1.491491491491491461e-01	-9.942497491289209455e-01	-5.393018533308979734e-03
1.501501501501501523e-01	-1.022990504930852751e+00	2.300163045513869964e-02
1.511511511511511585e-01	-9.351078178873853952e-01	-6.423831857459549877e-02
1.521521521521521647e-01	-9.347554617606823602e-01	-6.295972743557909368e-02
1.531531531531531432e-01	-9.674124630726038676e-01	-2.768518237766226520e-02
1.541541541541541493e-01	-9.488618324151595340e-01	-4.263426118222535255e-02
1.551551551551551555e-01	-1.033847460820458197e+00	4.693336576729811860e-02
1.561561561561561617e-01	-9.232306140289693319e-01	-5.812556672459012752e-02
1.571571571571571679e-01	-1.074414614211878227e+00	9.958676753734407860e-02
1.581581581581581464e-01	-1.164500340209388973e+00	1.971647918120986720e-01
1.591591591591591526e-01	-1.236042890332360367e+00	2.771561956077105426e-01
1.601601601601601588e-01	-1.214985376301365161e+00	2.654957359465518474e-01
1.611611611611611650e-01	-1.081475040611941996e+00	1.423213629921740164e-01
1.621621621621621712e-01	-1.046084925789552145e+00	1.181958984930426837e-01
1.631631631631631496e-01	-1.021975799428542775e+00	1.062689709283732853e-01
1.641641641641641558e-01	-1.133037756227966542e+00	2.304186285589322480e-01
1.651651651651651620e-01	-1.029727053413890703e+00	1.410881867615346730e-01
1.661661661661661682e-01	-1.039138059762963806e+00	1.653581898502352043e-01
1.671671671671671744e-01	-1.082880237816576718e+00	2.248234069608893160e-01
1.681681681681681528e-01	-9.761578592889328387e-01	1.346725619888824443e-01
1.691691691691691590e-01	-8.786820182408494606e-01	5.460036213748498124e-02
1.701701701701701652e-01	-7.608067751812167545e-01	-4.505634177645279070e-02
1.711711711711711714e-01	-7.436375677487754299e-01	-4.321012762281484232e-02
1.721721721721721776e-01	-5.522543464184216377e-01	-2.147998484371772543e-01
1.731731731731731838e-01	-5.944014070518205406e-01	-1.521007812762313893e-01
1.741741741741741623e-01	-6.334638704973319934e-01	-9.174812826306577573e-02
1.751751751751751685e-01	-6.054356658704390659e-01	-9.776901321024500380e-02
1.761761761761761746e-01	-5.887394634047096176e-01	-9.176252795054284928e-02
1.771771771771771808e-01	-6.191720052317170042e-01	-3.795438003747142464e-02
1.781781781781781870e-01	-6.625519315566963385e-01	2.945095562987543047e-02
1.791791791791791655e-01	-6.588918765329242477e-01	5.044235553870635158e-02
1.801801801801801717e-01	-7.266781996104391128e-01	1.434818024041651929e-01
1.811811811811811779e-01	-7.406960636537925913e-01	1.833294873921500479e-01
1.821821821821821841e-01	-7.805766855004139249e-01	2.495910853710934241e-01
1.831831831831831903e-01	-9.127597761387667985e-01	4.086802203474422246e-01
1.841841841841841965e-01	-8.382327955841587519e-01	3.615577461377316171e-01
1.851851851851851749e-01	-9.389891831746537409e-01	4.901900029741912967e-01
1.861861861861861811e-01	-9.059448261695864923e-01	4.854653129003721479e-01
1.871871871871871873e-01	-8.504896372789823022e-01	4.587455845585843850e-01
1.881881881881881935e-01	-8.348289477435094641e-01	4.722077339618421798e-01
1.891891891891891997e-01	-7.444039021982196136e-01	4.112641074561619314e-01
1.901901901901901781e-01	-7.161182171681580444e-01	4.127892686935307198e-01
1.911911911911911843e-01	-6.449412351370271690e-01	3.717230815285608725e-01
1.921921921921921905e-01	-5.982953658868820357e-01	3.554581805082946966e-01
1.931931931931931967e-01	-4.992325062437028560e-01	2.870164200611949878e-01
1.941941941941942029e-01	-3.975800578838417643e-01	2.161949220111910042e-01
1.951951951951951814e-01	-2.608369380496968759e-01	1.104621162357598829e-01
1.961961961961961876e-01	-1.209208978002997703e-01	1.705089064125517306e-03
1.971971971971971938e-01	5.829841282731081098e-02	-1.462373212383726861e-01
1.981981981981981999e-01	2.678169031195504202e-01	-3.243919523033431673e-01
1.991991991991992061e-01	3.594501326985231060e-01	-3.846053780878990747e-01
2.002002002002001846e-01	4.530914999317637304e-01	-4.468020666156967136e-01
2.012012012012011908e-01	4.614331074363229312e-01	-4.237052147576061967e-01
2.022022022022021970e-01	5.606860412597246546e-01	-4.915569966649402933e-01
2.032032032032032032e-01	6.001120247874550673e-01	-4.996501869352870662e-01
2.042042042042042094e-01	6.323566360755182858e-01	-5.006613472398943054e-01
2.052052052052052156e-01	5.043617970941123296e-01	-3.415632849290182738e-01
2.062062062062061940e-01	4.533049067396997533e-01	-2.595641555028029845e-01
2.072072072072072002e-01	4.120235999275058680e-01	-1.875321912899338694e-01
2.082082082082082064e-01	3.738881263797606547e-01	-1.188680499794505518e-01
2.092092092092092126e-01	4.000685088462165862e-01	-1.147719427721669017e-01
2.102102102102102188e-01	4.358463877808417264e-01	-1.205554492053391158e-01
2.112112112112111972e-01	4.324803222569266747e-01	-8.750678846233661545e-02
2.122122122122122034e-01	5.006783519353591450e-01	-1.263633520113404130e-01
2.132132132132132096e-01	4.428989665238904361e-01	-3.961264403990993888e-02
2.142142142142142158e-01	4.380514210182661072e-01	-6.192568004969201123e-03
2.152152152152152220e-01	3.983478801938428182e-01	6.165645720476797820e-02
2.162162162162162282e-01	3.889153035332503228e-01	9.877964028038421773e-02
2.172172172172172067e-01	3.904528048342380542e-01	1.244504854065741073e-01
2.182182182182182129e-01	5.120537652953357499e-01	2.954870625285399566e-02
2.192192192192192191e-01	5.641881632536235314e-01	3.577922841084268946e-03
2.202202202202202252e-01	5.001340669038281117e-01	9.323419493379236922e-02
2.212212212212212314e-01	5.117264936424705812e-01	1.066571882737451515e-01
2.222222222222222099e-01	5.004421246310548632e-01	1.423454850554836115e-01
2.232232232232232161e-01	6.203883102098832758e-01	4.616760297248811984e-02
2.242242242242242223e-01	5.760397417655420682e-01	1.136253472127194408e-01
2.252252252252252285e-01	5.728596595988572071e-01	1.392326258321681109e-01
2.262262262262262347e-01	5.872207974698814281e-01	1.465945278068463420e-01
2.272272272272272131e-01	6.651610091773596523e-01	8.965171838343877209e-02
2.282282282282282193e-01	6.539820796624263854e-01	1.210816492171750136e-01
2.292292292292292255e-01	6.955240690714936669e-01	9.902423484094990958e-02
2.302302302302302317e-01	5.715373143328970063e-01	2.417098708908360649e-01
2.312312312312312379e-01	5.723484480794133189e-01	2.587934342362799844e-01
2.322322322322322163e-01	5.570228704719454305e-01	2.911918294408563090e-01
2.332332332332332225e-01	6.173756587963975528e-01	2.470730966634669956e-01
2.342342342342342287e-01	5.778909475795740436e-01	3.019370482368550768e-01
2.352352352352352349e-01	6.789100173131018545e-01	2.154271958179252433e-01
2.362362362362362411e-01	8.025287589112028996e-01	1.054333009683432465e-01
2.372372372372372473e-01	6.726249395318962820e-01	2.480641235209669615e-01
2.382382382382382258e-01	7.484846976608517943e-01	1.840209398188554779e-01
2.392392392392392320e-01	8.627604420453441891e-01	8.063965622623670004e-02
2.402402402402402382e-01	8.518770656139330599e-01	1.014846067634960214e-01
2.412412412412412444e-01	8.074923915256789764e-01	1.548881177109544538e-01
2.422422422422422505e-01	8.123486697046817806e-01	1.580990208151151766e-01
2.432432432432432290e-01	8.859633637033413889e-01	9.159187524434464489e-02
2.442442442442442352e-01	9.250919849385826899e-01	5.860414124102730771e-02
2.452452452452452414e-01	8.066541360977041997e-01	1.822101436657315165e-01
2.462462462462462476e-01	8.659057894443877856e-01	1.271487996959799194e-01
2.472472472472472538e-01	9.907006267014114576e-01	5.562283997142980496e-03
2.482482482482482600e-01	9.885313272587946676e-01	9.954744611727739390e-03
2.492492492492492384e-01	8.583854886206517820e-01	1.413363856497369397e-01
2.502502502502502724e-01	9.153194801613313558e-01	8.464961570641549304e-02
2.512512512512512508e-01	9.136995867266485272e-01	8.552790546943089822e-02
2.522522522522522292e-01	9.698478306164607377e-01	2.764996597803903722e-02
2.532532532532532632e-01	9.226231992211694211e-01	7.215852026141589270e-02
2.542542542542542416e-01	9.435142726055353313e-01	4.756767406348438865e-02
2.552552552552552756e-01	9.836765004406498036e-01	2.725636255064611824e-03
2.562562562562562540e-01	9.459399112889772532e-01	3.480700593106256235e-02
2.572572572572572325e-01	8.438358604095738125e-01	1.302860200291625636e-01
2.582582582582582664e-01	7.652851307170169814e-01	2.012484468410244975e-01
2.592592592592592449e-01	7.836776746289020323e-01	1.743118376865868679e-01
2.602602602602602788e-01	7.287439335298537824e-01	2.197542000299413933e-01
2.612612612612612573e-01	7.431861706718161376e-01	1.948826562243501925e-01
2.622622622622622357e-01	6.311927557273390166e-01	2.955191496779463467e-01
2.632632632632632697e-01	6.809749919925964790e-01	2.334636074525695548e-01
2.642642642642642481e-01	6.096622657418487856e-01	2.915987798040960977e-01
2.652652652652652820e-01	6.185133696998018626e-01	2.686789047088022908e-01
2.662662662662662605e-01	6.555462357437087384e-01	2.166999622757774802e-01
2.672672672672672389e-01	6.590925455323417559e-01	1.973450503610049145e-01
2.682682682682682729e-01	6.890412035140489611e-01	1.507408969444904434e-01
2.692692692692692513e-01	7.021349216289112238e-01	1.201612599698986816e-01
2.702702702702702853e-01	6.809902473293965031e-01	1.230068830375444788e-01
2.712712712712712637e-01	5.278861348408301346e-01	2.570169070455745608e-01
2.722722722722722422e-01	7.338550857079709777e-01	3.117771174992023386e-02
2.732732732732732761e-01	7.332551986354383100e-01	1.115084725298054469e-02
2.742742742742742545e-01	6.218649805167147937e-01	1.011782035447954531e-01
2.752752752752752885e-01	6.275896235166753545e-01	7.337571325092162589e-02
2.762762762762762669e-01	6.792134192284300376e-01	-1.019083413763111068e-03
2.772772772772773009e-01	7.022675621001124302e-01	-4.751486366037838138e-02
2.782782782782782793e-01	5.674764600418585880e-01	6.318714500069888551e-02
2.792792792792792578e-01	7.071257315819325928e-01	-1.011748553183829946e-01
2.802802802802802917e-01	6.895475946252097588e-01	-1.089086451966043700e-01
2.812812812812812702e-01	7.669762611930467378e-01	-2.122234068089285941e-01
2.822822822822823041e-01	6.828496097534959564e-01	-1.545314210074452133e-01
2.832832832832832826e-01	7.155688110032289995e-01	-2.142077184156224723e-01
2.842842842842842610e-01	7.536105097488576821e-01	-2.797022871584141090e-01
2.852852852852852950e-01	7.614209159797863391e-01	-3.154341902947101484e-01
2.862862862862862734e-01	6.222196020499868307e-01	-2.045953898435199370e-01
2.872872872872873073e-01	6.173313347433448950e-01	-2.284826061519577012e-01
2.882882882882882858e-01	6.653573548864986087e-01	-3.056686252419618111e-01
2.892892892892892642e-01	6.775332170411557664e-01	-3.473601666403181576e-01
2.902902902902902982e-01	5.918334420782264127e-01	-2.915025644664753224e-01
2.912912912912912766e-01	5.054969866962267799e-01	-2.353052658124442642e-01
2.922922922922923106e-01	6.083467773874005058e-01	-3.685613938896644126e-01
2.932932932932932890e-01	5.074967531929084341e-01	-2.983548202553412132e-01
2.942942942942942675e-01	4.308737381935210942e-01	-2.525820670355438113e-01
2.952952952952953014e-01	4.812261484759081109e-01	-3.339610438557676364e-01
2.962962962962962798e-01	3.372975436836951335e-01	-2.212046295584640943e-01
2.972972972972973138e-01	3.730964547255029573e-01	-2.882905302499931821e-01
2.982982982982982922e-01	3.096055414112127147e-01	-2.561704674181550234e-01
2.992992992992992707e-01	2.109080007999294126e-01	-1.888966168737000462e-01
3.003003003003003046e-01	5.754543600123786934e-02	-6.697950822713487351e-02
3.013013013013012831e-01	1.428716338453272228e-01	-1.837418332860375481e-01
3.023023023023023170e-01	6.929855731131479013e-02	-1.415644692319025788e-01
3.033033033033032955e-01	-1.176106052200797114e-01	1.402044138784112881e-02
3.043043043043043294e-01	-7.367992861952013528e-02	-6.113205138706362396e-02
3.053053053053053079e-01	-1.456233506099396391e-01	-2.027713595877353447e-02
3.063063063063062863e-01	-2.625461414491114809e-01	6.572119998140774078e-02
3.073073073073073203e-01	-4.389099531805162324e-01	2.113551883044335056e-01
3.083083083083082987e-01	-4.080659646932707219e-01	1.500063952644216103e-01
3.093093093093093326e-01	-4.406348883456211452e-01	1.523256980733984634e-01
3.103103103103103111e-01	-4.529986961063204309e-01	1.347249812140124958e-01
3.113113113113112895e-01	-4.556698675851065805e-01	1.077463548908230151e-01
3.123123123123123235e-01	-5.280502063957356329e-01	1.508209420929658151e-01
3.133133133133133019e-01	-5.673172488772673105e-01	1.611552583227963686e-01
3.143143143143143359e-01	-5.701402605382437372e-01	1.354471793838477045e-01
3.153153153153153143e-01	-6.074029322515915874e-01	1.446086092842935322e-01
3.163163163163162928e-01	-6.502547440116475119e-01	1.598168160952276873e-01
3.173173173173173267e-01	-6.322605516337915788e-01	1.146639911719136151e-01
3.183183183183183051e-01	-6.831710416088074833e-01	1.389276769772287423e-01
3.193193193193193391e-01	-6.983275343483875686e-01	1.279755437704861443e-01
3.203203203203203175e-01	-7.176377448556859884e-01	1.217411242217880663e-01
3.213213213213212960e-01	-7.797363328344498745e-01	1.588843379912072695e-01
3.223223223223223299e-01	-7.506703696380556678e-01	1.054769336993630624e-01
3.233233233233233084e-01	-8.254445377025063646e-01	1.565476639581674378e-01
3.243243243243243423e-01	-8.990671438181486730e-01	2.071282748406028107e-01
3.253253253253253208e-01	-9.394103704413837574e-01	2.251137340143628540e-01
3.263263263263262992e-01	-8.996823120567939425e-01	1.637342445726917006e-01
3.273273273273273332e-01	-7.443642184183746346e-01	-1.250753358661738091e-02
3.283283283283283116e-01	-7.985207886467811100e-01	2.147378916449338426e-02
3.293293293293293456e-01	-7.504092402941271445e-01	-4.604461921080249542e-02
3.303303303303303240e-01	-7.047640809603893386e-01	-1.103090605258725265e-01
3.313313313313313024e-01	-7.811492779419513255e-01	-5.173715569882098020e-02
3.323323323323323364e-01	-7.532008337847390100e-01	-9.667528740594732994e-02
3.333333333333333148e-01	-8.053516052917472079e-01	-6.067379849269061154e-02
3.343343343343343488e-01	-1.023086540051578064e+00	1.417682279417707969e-01
3.353353353353353272e-01	-1.018210751674943015e+00	1.224710279896881193e-01
3.363363363363363057e-01	-1.101411463319242001e+00	1.921360855053538819e-01
3.373373373373373396e-01	-1.103315749497520315e+00	1.814038598122954538e-01
3.383383383383383181e-01	-1.126507818301073494e+00	1.928710546902273615e-01
3.393393393393393520e-01	-1.016678668908768568e+00	7.224026352793966321e-02
3.403403403403403304e-01	-9.395149332060710456e-01	-1.479120052267735019e-02
3.413413413413413644e-01	-9.335258133774012590e-01	-2.970437751651144875e-02
3.423423423423423428e-01	-9.938205451673965962e-01	2.261879289702051210e-02
3.433433433433433213e-01	-1.044601191665457840e+00	6.638825653224955659e-02
3.443443443443443552e-01	-1.052825531985067453e+00	6.856872555169890582e-02
3.453453453453453337e-01	-1.093406163436041911e+00	1.040787737825483728e-01
3.463463463463463676e-01	-1.143907314098500105e+00	1.504876433806894287e-01
3.473473473473473461e-01	-1.144368001719968442e+00	1.478383987696316737e-01
3.483483483483483245e-01	-1.106765720043002554e+00	1.081116089665461466e-01
3.493493493493493585e-01	-1.082099656211697125e+00	8.230856194777103063e-02
3.503503503503503369e-01	-1.104891780792011557e+00	1.049523525917178679e-01
3.513513513513513709e-01	-1.175005683582943883e+00	1.759067173782623561e-01
3.523523523523523493e-01	-1.012829061003731601e+00	1.555852163089888052e-02
3.533533533533533277e-01	-1.030873497961339424e+00	3.641754220606174819e-02
3.543543543543543617e-01	-1.040718188181707138e+00	5.006018961227542974e-02
3.553553553553553401e-01	-1.053477004866683053e+00	6.759658141928703845e-02
3.563563563563563741e-01	-1.167349375165039671e+00	1.872214204428632733e-01
3.573573573573573525e-01	-1.170540972186893347e+00	1.971346914308905740e-01
3.583583583583583310e-01	-1.182441026361155778e+00	2.167189780458006476e-01
3.593593593593593649e-01	-1.191014340435144314e+00	2.339314844368735047e-01
3.603603603603603434e-01	-1.102783396053418352e+00	1.552861493329881215e-01
3.613613613613613773e-01	-1.090522098895593262e+00	1.535473996281554454e-01
3.623623623623623557e-01	-9.952260822731143763e-01	6.970046335143609273e-02
3.633633633633633342e-01	-9.299037883491436673e-01	1.674246117616007279e-02
3.643643643643643681e-01	-8.534159278942270443e-01	-4.647812262909134517e-02
3.653653653653653466e-01	-7.947054014633857522e-01	-9.103150693314454589e-02
3.663663663663663805e-01	-7.942252957438800109e-01	-7.647860442124743141e-02
3.673673673673673590e-01	-8.296396065538480524e-01	-2.517028475307869773e-02
3.683683683683683929e-01	-8.398341845758023894e-01	1.763585870576234171e-03
3.693693693693693714e-01	-8.737613538250134093e-01	5.325877871792539242e-02
3.703703703703703498e-01	-8.297868429795167700e-01	2.766365022447259125e-02
3.713713713713713838e-01	-8.666236142513980001e-01	8.367298804293465952e-02
3.723723723723723622e-01	-8.054880994036425212e-01	4.248426503211522043e-02
3.733733733733733962e-01	-7.778590049599574119e-01	3.555646321434824397e-02
3.743743743743743746e-01	-7.271143128451428295e-01	6.247093920556889834e-03
3.753753753753753530e-01	-6.809373210037044100e-01	-1.778174134866372658e-02
3.763763763763763870e-01	-6.271587845601431788e-01	-4.872118880253650808e-02
3.773773773773773654e-01	-6.790635446482335968e-01	2.669100812644231713e-02
3.783783783783783994e-01	-6.879640173636366596e-01	5.974402006799417464e-02
3.793793793793793778e-01	-6.207543492589681078e-01	1.730811019554190366e-02
3.803803803803803563e-01	-6.997175064789751264e-01	1.216417469786031935e-01
3.813813813813813902e-01	-6.869480268403219680e-01	1.348143804872522500e-01
3.823823823823823687e-01	-8.014737243422181967e-01	2.758281717108966857e-01
3.833833833833834026e-01	-8.497197667504511331e-01	3.510820955094590690e-01
3.843843843843843811e-01	-7.844177751213551320e-01	3.132810660383369417e-01
3.853853853853853595e-01	-8.088077498754437933e-01	3.656378892313159601e-01
3.863863863863863934e-01	-8.465695651513698294e-01	4.318047840459629527e-01
3.873873873873873719e-01	-8.522566808049683029e-01	4.663071218096382919e-01
3.883883883883884058e-01	-7.073365140653063987e-01	3.505838256510752649e-01
3.893893893893893843e-01	-6.248589659603726032e-01	2.976559251026001940e-01
3.903903903903903627e-01	-5.158318456665634821e-01	2.185020089993905956e-01
3.913913913913913967e-01	-4.915113274900252405e-01	2.243487113555036050e-01
3.923923923923923751e-01	-4.588139890408054478e-01	2.220827787491239380e-01
3.933933933933934091e-01	-4.973268850971614974e-01	2.912611736854691658e-01
3.943943943943943875e-01	-4.687200636285124289e-01	2.935236203766422025e-01
3.953953953953953659e-01	-4.251886382450361657e-01	2.810347071770769034e-01
3.963963963963963999e-01	-3.252651952516875111e-01	2.122963238226139304e-01
3.973973973973973783e-01	-1.716950400312192149e-01	9.002293816801210102e-02
3.983983983983984123e-01	-3.169088394464630865e-02	-1.860368641872008760e-02
3.993993993993993907e-01	7.431987910743483028e-02	-9.318718389190186469e-02
4.004004004004003692e-01	1.313029324400131759e-01	-1.187243146012735701e-01
4.014014014014014031e-01	1.320436859293651344e-01	-8.803158390698465063e-02
4.024024024024023816e-01	2.034903897385969829e-01	-1.280883251561962810e-01
4.034034034034034155e-01	2.595690999964129220e-01	-1.528516346250546609e-01
4.044044044044043940e-01	2.016176430130539043e-01	-6.369030504040068541e-02
4.054054054054054279e-01	2.179401237511114919e-01	-4.893930342926253174e-02
4.064064064064064064e-01	3.177494947888268584e-01	-1.178423095640221130e-01
4.074074074074073848e-01	3.041854418769038837e-01	-7.356957113446502272e-02
4.084084084084084187e-01	2.910387167766584904e-01	-2.994220636456956797e-02
4.094094094094093972e-01	2.712896105143494108e-01	2.002935276119699459e-02
4.104104104104104311e-01	1.588998751208708926e-01	1.623534685632723185e-01
4.114114114114114096e-01	2.381196132195084747e-01	1.127504376318217427e-01
4.124124124124123880e-01	2.179233330139964953e-01	1.622164651095985566e-01
4.134134134134134220e-01	2.756522932522896818e-01	1.333813486884564692e-01
4.144144144144144004e-01	4.058553380513262310e-01	3.166767240557694096e-02
4.154154154154154344e-01	4.762141778765586753e-01	-1.063444608260083468e-02
4.164164164164164128e-01	4.995991419827205959e-01	-6.423080083246823779e-03
4.174174174174173912e-01	5.407642544432664788e-01	-2.047954246168792736e-02
4.184184184184184252e-01	6.358540597853454823e-01	-8.897518429171824561e-02
4.194194194194194036e-01	7.802601905621528999e-01	-2.073279359201343208e-01
4.204204204204204376e-01	8.348128461523116606e-01	-2.363937597613845476e-01
4.214214214214214160e-01	8.632732567630527765e-01	-2.399590888248369636e-01
4.224224224224223945e-01	7.632313798460297338e-01	-1.156384982086363644e-01
4.234234234234234284e-01	8.285041094443420517e-01	-1.572728901034398108e-01
4.244244244244244069e-01	8.667751769531670814e-01	-1.725693708124447223e-01
4.254254254254254408e-01	8.616370470006693427e-01	-1.451431235178861634e-01
4.264264264264264193e-01	8.651564226150749715e-01	-1.270828909827370623e-01
4.274274274274273977e-01	7.079827432571119683e-01	5.094054821097604435e-02
4.284284284284284317e-01	6.833846872099709202e-01	9.563789837351954759e-02
4.294294294294294101e-01	6.899342882412858868e-01	1.084172504331195608e-01
4.304304304304304440e-01	6.986934811486917862e-01	1.181975560442133366e-01
4.314314314314314225e-01	6.193260880139165314e-01	2.152966602339007052e-01
4.324324324324324564e-01	6.672827386766257973e-01	1.842463990566854948e-01
4.334334334334334349e-01	6.578904016912605623e-01	2.097030859763409083e-01
4.344344344344344133e-01	6.046147541541027071e-01	2.781851585705162888e-01
4.354354354354354473e-01	6.176197142128052597e-01	2.795136617295084225e-01
4.364364364364364257e-01	7.031788790330688599e-01	2.074008245589664678e-01
4.374374374374374597e-01	6.928135559072617911e-01	2.303120432870503498e-01
4.384384384384384381e-01	7.131974034411985297e-01	2.215612532259524370e-01
4.394394394394394165e-01	7.685531647775492026e-01	1.769142078163137288e-01
4.404404404404404505e-01	8.037032092815289408e-01	1.515379483167580421e-01
4.414414414414414289e-01	7.737386005334072614e-01	1.903317462827430750e-01
4.424424424424424629e-01	7.887199060779243043e-01	1.832263033743095626e-01
4.434434434434434413e-01	8.381403465877359515e-01	1.407206108261254141e-01
4.444444444444444198e-01	9.502044457049293458e-01	3.460330730727834148e-02
4.454454454454454537e-01	9.858152359412871713e-01	3.965479782496283967e-03
4.464464464464464322e-01	1.060167044313390594e+00	-6.639211630796659769e-02
4.474474474474474661e-01	9.656687478859551366e-01	3.111769227107918923e-02
4.484484484484484446e-01	9.359427470873766808e-01	6.286952713989246710e-02
4.494494494494494230e-01	9.470135762557609915e-01	5.283685070253940630e-02
4.504504504504504570e-01	8.934408756187031120e-01	1.064589961480457703e-01
4.514514514514514354e-01	9.707267512522118613e-01	2.823380850661560970e-02
4.524524524524524693e-01	9.304566845166009070e-01	6.657673526208929271e-02
4.534534534534534478e-01	9.368061132347795805e-01	5.731424425515985188e-02
4.544544544544544262e-01	9.753888994813136870e-01	1.483535400988500452e-02
4.554554554554554602e-01	1.101132822260810773e+00	-1.157838617931941094e-01
4.564564564564564386e-01	1.015924689802484737e+00	-3.642539042136816452e-02
4.574574574574574726e-01	8.917027724521355836e-01	8.097828225102454702e-02
4.584584584584584510e-01	8.968410677708161804e-01	6.805990092392288915e-02
4.594594594594594295e-01	8.818609974340143598e-01	7.430573730523704068e-02
4.604604604604604634e-01	8.664400722849874281e-01	8.004691744986491830e-02
4.614614614614614418e-01	8.087729108343318929e-01	1.270983947194805896e-01
4.624624624624624758e-01	7.452052972089947547e-01	1.791248823683139202e-01
4.634634634634634542e-01	7.696828848532304423e-01	1.421921394618035350e-01
4.644644644644644327e-01	7.576067675665983936e-01	1.409113885532697896e-01
4.654654654654654666e-01	9.038447962845586048e-01	-1.957201327578084182e-02
4.664664664664664451e-01	8.171315225207915756e-01	5.202146908120808266e-02
4.674674674674674790e-01	7.538403380211663452e-01	9.933339517222616877e-02
4.684684684684684575e-01	6.022679255031108125e-01	2.340828834626659249e-01
4.694694694694694914e-01	6.485802257219840383e-01	1.701206286438444737e-01
4.704704704704704699e-01	5.307746201679166553e-01	2.694667024861157056e-01
4.714714714714714483e-01	5.120785001788420443e-01	2.689119674670766846e-01
4.724724724724724823e-01	4.409170257077933974e-01	3.200502999538741844e-01
4.734734734734734607e-01	3.646671211598999651e-01	3.755245755420445475e-01
4.744744744744744946e-01	4.643277202276788751e-01	2.543564046408590684e-01
4.754754754754754731e-01	5.296301673487774364e-01	1.668357107004450057e-01
4.764764764764764515e-01	6.444534865897639797e-01	2.910544029710238068e-02
4.774774774774774855e-01	6.025258456347919456e-01	4.746007741885505116e-02
4.784784784784784639e-01	6.564180939189477870e-01	-3.064791706714042885e-02
4.794794794794794979e-01	6.975080503501682738e-01	-9.657241618704548447e-02
4.804804804804804763e-01	8.249198451211119387e-01	-2.494129923512208302e-01
4.814814814814814548e-01	8.613897438234232595e-01	-3.118807657526162513e-01
4.824824824824824887e-01	7.263873656383927901e-01	-2.034196474225895557e-01
4.834834834834834671e-01	6.562939532243401430e-01	-1.603846345399501661e-01
4.844844844844845011e-01	6.971705683645236240e-01	-2.288100320318627867e-01
4.854854854854854795e-01	5.028073631161538160e-01	-6.245875018153446145e-02
4.864864864864864580e-01	5.641197779462627793e-01	-1.522185297022686790e-01
4.874874874874874919e-01	5.716928437523028927e-01	-1.886462711491340150e-01
4.884884884884884704e-01	5.321367466816911973e-01	-1.783236275553515271e-01
4.894894894894895043e-01	4.896010483349164666e-01	-1.653712528505448254e-01
4.904904904904904828e-01	4.800413056181790927e-01	-1.857154502988968559e-01
4.914914914914914612e-01	3.995801457395785627e-01	-1.354492764229703328e-01
4.924924924924924952e-01	4.381282094026024976e-01	-2.044535134383501096e-01
4.934934934934934736e-01	3.994662854395730767e-01	-1.964788334128103053e-01
4.944944944944945076e-01	4.998371422396142294e-01	-3.277376594754457528e-01
4.954954954954954860e-01	4.045890784778648497e-01	-2.635477465529446062e-01
4.964964964964965199e-01	2.845732131016189270e-01	-1.747295015591182610e-01
4.974974974974974984e-01	2.082636225962636312e-01	-1.297261510305936227e-01
4.984984984984984768e-01	9.324752538900112075e-02	-4.609395603669354941e-02
4.994994994994995108e-01	6.322212995945547531e-02	-4.749909090241462295e-02
5.005005005005005447e-01	6.509105523593558540e-02	-8.081409429297699287e-02
5.015015015015015232e-01	2.907588943158681549e-02	-7.622945878389315866e-02
5.025025025025025016e-01	2.042143889147321478e-02	-9.895891045714200196e-02
5.035035035035034801e-01	2.027735804279295201e-02	-1.301210695852924037e-01
5.045045045045044585e-01	-2.928237348199687340e-02	-1.117589584429204003e-01
5.055055055055055480e-01	-7.726305980094594350e-02	-9.483642296322306042e-02
5.065065065065065264e-01	-2.011648685610368803e-01	-1.822583465724669782e-03
5.075075075075075048e-01	-3.775909710042895107e-01	1.439162750400383162e-01
5.085085085085084833e-01	-4.732519867262036661e-01	2.091211174095983227e-01
5.095095095095094617e-01	-3.935725130628621726e-01	9.924665774358110149e-02
5.105105105105105512e-01	-4.334076917656650152e-01	1.091778962812928189e-01
5.115115115115115296e-01	-3.560253999811123782e-01	2.212280854773873706e-03
5.125125125125125081e-01	-4.882351363703973934e-01	1.051885637672312912e-01
5.135135135135134865e-01	-6.250098625892073212e-01	2.131086143452175508e-01
5.145145145145144649e-01	-6.479514872343383747e-01	2.076028742997201304e-01
5.155155155155155544e-01	-6.478907323544342844e-01	1.795301960217730031e-01
5.165165165165165329e-01	-6.535145028377190579e-01	1.576051841533301356e-01
5.175175175175175113e-01	-6.078339757932630372e-01	8.486625757746246723e-02
5.185185185185184897e-01	-5.935138237349116830e-01	4.400484566410578502e-02
5.195195195195194682e-01	-4.267553723233020180e-01	-1.487514804465866480e-01
5.205205205205205576e-01	-4.316936285620512903e-01	-1.692420056010719431e-01
5.215215215215215361e-01	-5.010719694720964235e-01	-1.246982073797086032e-01
5.225225225225225145e-01	-6.193424210949051156e-01	-3.064350195873954963e-02
5.235235235235234930e-01	-6.989720038466233909e-01	2.541307695975791869e-02
5.245245245245244714e-01	-7.007656327073118474e-01	4.299754658091625714e-03
5.255255255255255609e-01	-7.518761232947536177e-01	3.319199842621534113e-02
5.265265265265265393e-01	-7.162920461528903271e-01	-2.389965054905218711e-02
5.275275275275275177e-01	-6.223047811000977925e-01	-1.386625445615701224e-01
5.285285285285284962e-01	-7.886395077440997436e-01	7.649040098182902092e-03
5.295295295295294746e-01	-7.590797198776907395e-01	-4.116160277633984510e-02
5.305305305305305641e-01	-8.716653866087060720e-01	5.296453224287822614e-02
5.315315315315315425e-01	-8.659625175614316106e-01	2.961170859565653846e-02
5.325325325325325210e-01	-8.293192564530784683e-01	-2.385447674031437870e-02
5.335335335335334994e-01	-8.836433348534579180e-01	1.449034325145981406e-02
5.345345345345344779e-01	-9.914204903598209384e-01	1.071477073510445077e-01
5.355355355355355673e-01	-9.923136043510194515e-01	9.379544823115260055e-02
5.365365365365365458e-01	-9.621152677696489519e-01	5.024024345461475249e-02
5.375375375375375242e-01	-9.907937364753703902e-01	6.646355689806215938e-02
5.385385385385385026e-01	-1.042086006718420998e+00	1.062147011646096262e-01
5.395395395395394811e-01	-1.086305968387478504e+00	1.398189786526271572e-01
5.405405405405405705e-01	-1.053553454317934790e+00	9.738671957868427764e-02
5.415415415415415490e-01	-1.100271680392983509e+00	1.353707116982443281e-01
5.425425425425425274e-01	-1.088172914828364091e+00	1.154918601252041821e-01
5.435435435435435059e-01	-9.661840403579955439e-01	-1.331525902312047371e-02
5.445445445445444843e-01	-9.329911931718923856e-01	-5.235776729572350074e-02
5.455455455455455738e-01	-9.684949255673971358e-01	-2.172932792380166678e-02
5.465465465465465522e-01	-9.071336650378291067e-01	-8.698669245211021472e-02
5.475475475475475307e-01	-1.076449043156789243e+00	7.941562337809915384e-02
5.485485485485485091e-01	-1.000529176437198409e+00	1.568616678371159701e-03
5.495495495495495986e-01	-1.016030391750216699e+00	1.613051998346781701e-02
5.505505505505505770e-01	-1.037093262056548726e+00	3.724283509824832805e-02
5.515515515515515554e-01	-1.013519804430650817e+00	1.470753020338166905e-02
5.525525525525525339e-01	-8.918037640668572408e-01	-1.049826760901771960e-01
5.535535535535535123e-01	-9.487065699434202859e-01	-4.506835806200426564e-02
5.545545545545546018e-01	-9.329913568224008635e-01	-5.678935890138225862e-02
5.555555555555555802e-01	-9.085223117755217848e-01	-7.628544123668612453e-02
5.565565565565565587e-01	-1.021532956175070561e+00	4.267199876120897351e-02
5.575575575575575371e-01	-9.763326746330592831e-01	4.386465180825194210e-03
5.585585585585585155e-01	-1.038403496011364169e+00	7.433314919521250008e-02
5.595595595595596050e-01	-1.089882697065925665e+00	1.346415394676393484e-01
5.605605605605605835e-01	-9.744497269588203725e-01	2.898235436495710804e-02
5.615615615615615619e-01	-9.593896996480526518e-01	2.463104298090124100e-02
5.625625625625625403e-01	-9.624085970559923542e-01	3.928299786167899210e-02
5.635635635635635188e-01	-1.044309069122832057e+00	1.337293655307962847e-01
5.645645645645646082e-01	-1.044056317992251959e+00	1.469229420499384986e-01
5.655655655655655867e-01	-9.840177389535826880e-01	1.012178262289630259e-01
5.665665665665665651e-01	-9.517400748461094517e-01	8.414658717850742597e-02
5.675675675675675436e-01	-9.232794807728826880e-01	7.175034303956984161e-02
5.685685685685685220e-01	-8.763744452812844976e-01	4.175169703346659489e-02
5.695695695695696115e-01	-8.340692935736000457e-01	1.717825638069525596e-02
5.705705705705705899e-01	-7.795049740109918357e-01	-1.884656466341427805e-02
5.715715715715715683e-01	-8.132756681966977208e-01	3.425308261320536563e-02
5.725725725725725468e-01	-8.452631269340582509e-01	8.633983546596946113e-02
5.735735735735735252e-01	-7.317793141599507889e-01	-6.294217472389118662e-03
5.745745745745746147e-01	-6.860007347997617577e-01	-3.049318868302097751e-02
5.755755755755755931e-01	-6.904533930810932141e-01	-3.752413059629922110e-03
5.765765765765765716e-01	-6.987779746473002929e-01	2.754675530639583148e-02
5.775775775775775500e-01	-7.121712174229942738e-01	6.457833578560001619e-02
5.785785785785785285e-01	-6.858038806732033033e-01	6.248971273498515888e-02
5.795795795795796179e-01	-6.052902776629510706e-01	6.871191272024401719e-03
5.805805805805805964e-01	-6.580654806874286500e-01	8.513322604540762839e-02
5.815815815815815748e-01	-7.158493173389351982e-01	1.689704418453084056e-01
5.825825825825825532e-01	-7.380717305917244841e-01	2.177870186101449335e-01
5.835835835835835317e-01	-6.851020202298571116e-01	1.919259583303807304e-01
5.845845845845846211e-01	-7.065200371656205069e-01	2.409403053716631660e-01
5.855855855855855996e-01	-6.503874728553219464e-01	2.128644623984160544e-01
5.865865865865865780e-01	-6.324724538029392606e-01	2.234388118621936092e-01
5.875875875875875565e-01	-5.449548735872555838e-01	1.648150754636577564e-01
5.885885885885885349e-01	-5.650832847614578602e-01	2.142132339101248117e-01
5.895895895895896244e-01	-7.017904240823125139e-01	3.805370803981681371e-01
5.905905905905906028e-01	-6.169169344174780800e-01	3.255979711419321743e-01
5.915915915915915813e-01	-5.322191307394525950e-01	2.711226203273642277e-01
5.925925925925925597e-01	-4.966135269313190492e-01	2.659976561888772739e-01
5.935935935935935381e-01	-5.195462633283995935e-01	3.196390781035919337e-01
5.945945945945946276e-01	-4.106599003992538188e-01	2.416590800774036374e-01
5.955955955955956060e-01	-3.025232344556547659e-01	1.645958964830021021e-01
5.965965965965965845e-01	-3.078764458316721186e-01	2.011589804603126364e-01
5.975975975975975629e-01	-2.745829382279749153e-01	1.991808736455712436e-01
5.985985985985985414e-01	-2.442659208356007805e-01	2.002538188132155228e-01
5.995995995995996308e-01	-1.693319159873504509e-01	1.567532981486113863e-01
6.006006006006006093e-01	-2.009130051037675557e-01	2.197803098882351314e-01
6.016016016016015877e-01	-1.460680467756066137e-01	1.963626171389717956e-01
6.026026026026025662e-01	-1.723620668671946299e-01	2.540341687303987461e-01
6.036036036036035446e-01	-1.061586379369644922e-01	2.191275093660333129e-01
6.046046046046046341e-01	-1.005284577929077272e-01	2.446823888608675723e-01
6.056056056056056125e-01	-1.193336638669793837e-01	2.945301071188484165e-01
6.066066066066065909e-01	-7.650719110666803768e-02	2.825729025183592036e-01
6.076076076076075694e-01	-1.141609548460393309e-01	3.508921651377162054e-01
6.086086086086086588e-01	-3.285849995943038171e-02	3.000211160939507682e-01
6.096096096096096373e-01	-8.670110331255705127e-03	3.059999469984290843e-01
6.106106106106106157e-01	-7.670433400936074730e-02	4.039073748671320185e-01
6.116116116116115942e-01	-8.651898806707629397e-02	4.432716764813062760e-01
6.126126126126125726e-01	4.250749718630041779e-02	3.434420618090251454e-01
6.136136136136136621e-01	1.499929016550338445e-01	2.647718794503751694e-01
6.146146146146146405e-01	1.238846564055384875e-01	3.192852042385882494e-01
6.156156156156156189e-01	2.206488860005854646e-01	2.504878230824316709e-01
6.166166166166165974e-01	3.204575630944008213e-01	1.781801081465886338e-01
6.176176176176175758e-01	4.161005045846778994e-01	1.095450480466425014e-01
6.186186186186186653e-01	5.385854566790645448e-01	1.354818967400717167e-02
6.196196196196196437e-01	5.143459703929459392e-01	6.372978910742499448e-02
6.206206206206206222e-01	6.089865077608860311e-01	-5.540268697460826175e-03
6.216216216216216006e-01	6.205142039258496611e-01	7.705793369790492342e-03
6.226226226226225791e-01	6.588153676940632364e-01	-6.442831172272844853e-03
6.236236236236236685e-01	6.635744019579590258e-01	1.230557140472099409e-02
6.246246246246246470e-01	6.878085117392501724e-01	1.091055061311707597e-02
6.256256256256256254e-01	6.009230270390674145e-01	1.199441918855165268e-01
6.266266266266266038e-01	6.709594924383611714e-01	7.134304930724599814e-02
6.276276276276275823e-01	7.903289581859822555e-01	-2.732512381445573180e-02
6.286286286286286717e-01	8.443739975810788945e-01	-6.142337137261522084e-02
6.296296296296296502e-01	8.409828112400888900e-01	-3.885961848504548843e-02
6.306306306306306286e-01	8.029601298112065688e-01	1.754244529587967172e-02
6.316316316316316071e-01	8.132974180797032382e-01	2.477318062552325006e-02
6.326326326326325855e-01	8.296870839356411675e-01	2.512280737128391728e-02
6.336336336336336750e-01	8.394645357628157667e-01	3.123936440231200873e-02
6.346346346346346534e-01	8.053808526554062652e-01	8.035605574112258953e-02
6.356356356356356319e-01	7.823505712371590093e-01	1.175434792861580480e-01
6.366366366366366103e-01	6.963581511666862012e-01	2.168031760062968383e-01
6.376376376376375887e-01	7.516435217598212981e-01	1.738820971618558753e-01
6.386386386386386782e-01	8.508127816924335729e-01	8.616191757500446524e-02
6.396396396396396566e-01	9.432080478029668535e-01	4.289198917462377914e-03
6.406406406406406351e-01	9.508266837485193079e-01	6.256172249751612569e-03
6.416416416416416135e-01	1.049495557091308484e+00	-8.377350877595413081e-02
6.426426426426425920e-01	1.137918922046992520e+00	-1.645126412909904134e-01
6.436436436436436814e-01	1.140147907512979675e+00	-1.600199527908031660e-01
6.446446446446446599e-01	1.019123448995878034e+00	-3.324302554848257429e-02
6.456456456456456383e-01	1.009669797765455179e+00	-1.901179919602347113e-02
6.466466466466466168e-01	1.053017238513691112e+00	-5.856128275841365749e-02
6.476476476476475952e-01	1.041249098276449070e+00	-4.397855890361657138e-02
6.486486486486486847e-01	9.869622981255872229e-01	1.213666807909419276e-02
6.496496496496496631e-01	1.050522861690612375e+00	-5.058343349031868552e-02
6.506506506506506415e-01	1.029035043188388121e+00	-2.924394892446191552e-02
6.516516516516516200e-01	8.921749136947345615e-01	1.064791973817219572e-01
6.526526526526525984e-01	9.540022274573325411e-01	4.252737549300444897e-02
6.536536536536536879e-01	9.853140770269734894e-01	8.105593690837298304e-03
6.546546546546546663e-01	9.903357761103060986e-01	-1.008386456812671028e-03
6.556556556556556448e-01	9.763825219851253179e-01	7.874284448243451529e-03
6.566566566566566232e-01	9.372587076821442542e-01	4.095422745106469531e-02
6.576576576576576016e-01	8.451520774948835246e-01	1.260496747754936697e-01
6.586586586586586911e-01	8.160924115093511899e-01	1.471377793845609627e-01
6.596596596596596696e-01	7.377983806894792274e-01	2.165077530392695015e-01
6.606606606606606480e-01	6.783663664276630145e-01	2.660720389531662233e-01
6.616616616616616264e-01	5.647902018301143023e-01	3.688465617807328290e-01
6.626626626626626049e-01	5.891796381733962473e-01	3.327322515118305013e-01
6.636636636636636943e-01	6.140777197857203440e-01	2.951976580281675533e-01
6.646646646646646728e-01	6.167734125115132970e-01	2.789663111737421541e-01
6.656656656656656512e-01	5.699490482650335643e-01	3.113692638447742578e-01
6.666666666666666297e-01	6.234332801358176690e-01	2.425921236486225929e-01
6.676676676676676081e-01	7.233911982406264762e-01	1.264849229500605299e-01
6.686686686686686976e-01	5.910037106462312506e-01	2.418827229945417212e-01
6.696696696696696760e-01	5.849987502178057852e-01	2.300743912684567460e-01
6.706706706706706544e-01	5.516942601354033471e-01	2.447595993695269589e-01
6.716716716716716329e-01	4.723015731452388510e-01	3.047454263370518723e-01
6.726726726726726113e-01	3.467239431739085886e-01	4.101478088310842041e-01
6.736736736736737008e-01	2.902793801338409141e-01	4.456686873502622159e-01
6.746746746746746792e-01	3.595547917562067486e-01	3.547418446708149320e-01
6.756756756756756577e-01	4.174370976598171801e-01	2.745017713177309027e-01
6.766766766766766361e-01	3.088005351992575420e-01	3.600963385450823839e-01
6.776776776776777256e-01	3.844132545845870275e-01	2.607801813541052449e-01
6.786786786786787040e-01	5.141836801557686520e-01	1.066683146874749522e-01
6.796796796796796825e-01	5.750032412215336786e-01	2.089337941236524276e-02
6.806806806806806609e-01	5.645625796980924260e-01	5.789410879811440758e-03
6.816816816816816393e-01	6.338458524231919133e-01	-8.960248779161206212e-02
6.826826826826827288e-01	6.483641431417075385e-01	-1.307675826798300189e-01
6.836836836836837072e-01	7.042123866861819126e-01	-2.137744587697610332e-01
6.846846846846846857e-01	6.306544442789322469e-01	-1.678601213116315272e-01
6.856856856856856641e-01	4.229855218316146415e-01	1.170755932278089162e-02
6.866866866866866426e-01	5.070560217616972842e-01	-1.008940312072235668e-01
6.876876876876877320e-01	4.290408885325500132e-01	-5.181162422978069504e-02
6.886886886886887105e-01	4.166907107551224287e-01	-6.876719806083775310e-02
6.896896896896896889e-01	5.245940998419270640e-01	-2.063203849496162423e-01
6.906906906906906674e-01	5.155361368818789369e-01	-2.272269466096568102e-01
6.916916916916916458e-01	5.345917236157834429e-01	-2.765321541869314448e-01
6.926926926926927353e-01	4.643307311206132937e-01	-2.367759662445311220e-01
6.936936936936937137e-01	2.753004181428338470e-01	-7.847547667512716485e-02
6.946946946946946921e-01	2.390113225969092703e-01	-7.311083602819665184e-02
6.956956956956956706e-01	2.718894550387667697e-01	-1.370774750321817892e-01
6.966966966966966490e-01	1.453449055458127803e-01	-4.175474171357121400e-02
6.976976976976977385e-01	-2.126900574120254087e-03	7.439281249470748592e-02
6.986986986986987169e-01	-6.354794908676095200e-02	1.044181485274742749e-01
6.996996996996996954e-01	-1.735160552792988642e-02	2.678567775382633548e-02
7.007007007007006738e-01	-1.132397216112719651e-01	9.122833768504559626e-02
7.017017017017016522e-01	-2.403529683621482005e-01	1.869178943690934791e-01
7.027027027027027417e-01	-2.858073617510248354e-01	2.010014372755163092e-01
7.037037037037037202e-01	-2.118310110617287467e-01	9.573809693649715236e-02
7.047047047047046986e-01	-2.134952857741691523e-01	6.623018115402812267e-02
7.057057057057056770e-01	-1.201629427550183205e-01	-5.812872840295602028e-02
7.067067067067066555e-01	-7.668466206161994592e-02	-1.324572708759443329e-01
7.077077077077077449e-01	-8.513067303338867076e-02	-1.546547104643462289e-01
7.087087087087087234e-01	-1.664766548664159060e-02	-2.535440553971414213e-01
7.097097097097097018e-01	-1.840886051544106394e-02	-2.819220170963088745e-01
7.107107107107106803e-01	-1.405310851325410337e-01	-1.896419652682937440e-01
7.117117117117116587e-01	-7.672123121828780534e-02	-2.829674984262445792e-01
7.127127127127127482e-01	-2.088181004995212919e-01	-1.800306280918680668e-01
7.137137137137137266e-01	-2.806175935025824186e-01	-1.370066187038849748e-01
7.147147147147147050e-01	-1.737987654052424724e-01	-2.721879602798326081e-01
7.157157157157156835e-01	-1.951546418452795306e-01	-2.787535807451614334e-01
7.167167167167166619e-01	-2.539930870818906672e-01	-2.473680055057117522e-01
7.177177177177177514e-01	-3.576364568536384292e-01	-1.706817318924143123e-01
7.187187187187187298e-01	-3.757349314018507136e-01	-1.790179229822664309e-01
7.197197197197197083e-01	-4.438585027004719463e-01	-1.367804467281324432e-01
7.207207207207206867e-01	-4.704652163956414279e-01	-1.354856598679043955e-01
7.217217217217216652e-01	-5.651857440038640101e-01	-6.547786103869246421e-02
7.227227227227227546e-01	-6.234533365501293556e-01	-3.129936188960646959e-02
7.237237237237237331e-01	-6.820963878039603134e-01	3.902051989294275103e-03
7.247247247247247115e-01	-7.685332881876224542e-01	6.756795142002636201e-02
7.257257257257256899e-01	-8.885048537500396248e-01	1.654616696885327087e-01
7.267267267267266684e-01	-9.983285818689867641e-01	2.539225359805686866e-01
7.277277277277277578e-01	-9.706396341277399031e-01	2.056068366698495797e-01
7.287287287287287363e-01	-9.156904171819061355e-01	1.307873752955022173e-01
7.297297297297297147e-01	-8.912455700778119105e-01	8.724843971087270500e-02
7.307307307307306932e-01	-8.892884318920150077e-01	6.699225029320776681e-02
7.317317317317316716e-01	-9.239402306430597456e-01	8.415813018452100724e-02
7.327327327327327611e-01	-9.515185556668848132e-01	9.508095977353880901e-02
7.337337337337337395e-01	-9.636498333226188873e-01	9.140363530313322382e-02
7.347347347347347180e-01	-8.093205397604893436e-01	-7.787173464811336654e-02
7.357357357357356964e-01	-9.714545349738964441e-01	7.019348942795200497e-02
7.367367367367367859e-01	-9.414019325889805279e-01	2.696333314381427204e-02
7.377377377377377643e-01	-1.038685423873792590e+00	1.119735184685076712e-01
7.387387387387387427e-01	-1.025238504910562787e+00	8.716967801439756691e-02
7.397397397397397212e-01	-1.033975710334823495e+00	8.547757677502931806e-02
7.407407407407406996e-01	-1.083964643294337726e+00	1.259751309788491591e-01
7.417417417417417891e-01	-1.182126366770219761e+00	2.155927892121781708e-01
7.427427427427427675e-01	-1.069698850925659528e+00	9.557697048692337383e-02
7.437437437437437460e-01	-1.029976501683289136e+00	4.922958446324987580e-02
7.447447447447447244e-01	-1.069721916302361686e+00	8.331977960664715965e-02
7.457457457457457028e-01	-1.040499096563217929e+00	4.941714989419854209e-02
7.467467467467467923e-01	-1.032524895137656884e+00	3.774317565507157024e-02
7.477477477477477708e-01	-9.664903832279923002e-01	-3.100741336650736368e-02
7.487487487487487492e-01	-1.041720420368033251e+00	4.249292817195393646e-02
7.497497497497497276e-01	-1.046881276483609735e+00	4.691218061586288623e-02
7.507507507507507061e-01	-1.007019906794211828e+00	7.298032523823105855e-03
7.517517517517517955e-01	-1.119048907011057414e+00	1.205628351405350074e-01
7.527527527527527740e-01	-1.055672467986106255e+00	5.940955728755170639e-02
7.537537537537537524e-01	-9.037706518695518554e-01	-8.928393727081573861e-02
7.547547547547547309e-01	-8.686743299791478412e-01	-1.201899497842879860e-01
7.557557557557557093e-01	-8.077760330497727459e-01	-1.759200931298378068e-01
7.567567567567567988e-01	-7.702681108994300363e-01	-2.072871280482562195e-01
7.577577577577577772e-01	-8.003964361934645666e-01	-1.700512543263328347e-01
7.587587587587587556e-01	-8.094906211004923025e-01	-1.528898881361411277e-01
7.597597597597597341e-01	-8.134716611460950375e-01	-1.398900112313347099e-01
7.607607607607607125e-01	-8.915788756524283265e-01	-5.182122261915389494e-02
7.617617617617618020e-01	-8.531624697140541835e-01	-7.934316776565353280e-02
7.627627627627627804e-01	-8.352014577352723235e-01	-8.548760531759036496e-02
7.637637637637637589e-01	-8.258450082663534308e-01	-8.211705161319293733e-02
7.647647647647647373e-01	-7.974211019049990412e-01	-9.691611122602905581e-02
7.657657657657657158e-01	-8.827225229314444865e-01	2.894527115013478813e-03
7.667667667667668052e-01	-8.970390482930395981e-01	3.259029283317393944e-02
7.677677677677677837e-01	-8.291249270574517771e-01	-1.908977285535018442e-02
7.687687687687687621e-01	-6.996355682873758308e-01	-1.315063140283182497e-01
7.697697697697697405e-01	-7.346015068120461677e-01	-7.864567841168812468e-02
7.707707707707707190e-01	-7.465105503883592286e-01	-4.803775352408679034e-02
7.717717717717718084e-01	-7.411952754994889370e-01	-3.386845338011157391e-02
7.727727727727727869e-01	-7.525579897513882122e-01	-2.254737809410434224e-03
7.737737737737737653e-01	-7.645345886022065773e-01	3.071926332547803007e-02
7.747747747747747438e-01	-7.513682946705068089e-01	3.927600923947938139e-02
7.757757757757757222e-01	-8.284582196489223005e-01	1.387931306706573498e-01
7.767767767767768117e-01	-8.630868345815103648e-01	1.965309213991393023e-01
7.777777777777777901e-01	-8.416514086517872251e-01	1.988637989652477511e-01
7.787787787787787686e-01	-8.603113412107669111e-01	2.419276592945501791e-01
7.797797797797797470e-01	-8.348141409508677002e-01	2.414458791132447768e-01
7.807807807807807254e-01	-7.018577695736534228e-01	1.340916834789446233e-01
7.817817817817818149e-01	-6.245557179192838815e-01	8.295324637109457999e-02
7.827827827827827933e-01	-5.682845189541444464e-01	5.338122871333128572e-02
7.837837837837837718e-01	-5.987424296991277206e-01	1.110474858854913482e-01
7.847847847847847502e-01	-5.661267313273260493e-01	1.061223939287118112e-01
7.857857857857857287e-01	-5.259038075047434146e-01	9.404495449144462116e-02
7.867867867867868181e-01	-4.530601172214774319e-01	4.977379473749660166e-02
7.877877877877877966e-01	-3.842600459400563606e-01	9.945046016036518388e-03
7.887887887887887750e-01	-4.289397466459820008e-01	8.396621285138911039e-02
7.897897897897897534e-01	-3.776377034556229195e-01	6.234676488011997586e-02
7.907907907907907319e-01	-3.990221453396727291e-01	1.137255792656209907e-01
7.917917917917918214e-01	-3.550606505957303316e-01	1.000405741954198957e-01
7.927927927927927998e-01	-3.667317620080258189e-01	1.422403533704517664e-01
7.937937937937937782e-01	-2.105014006280063188e-01	1.676064939110574747e-02
7.947947947947947567e-01	-2.309047071830789000e-01	6.810619501798362285e-02
7.957957957957957351e-01	-2.477568525886691964e-01	1.160615637530431343e-01
7.967967967967968246e-01	-1.978638162575150072e-01	9.740197840534664531e-02
7.977977977977978030e-01	-2.251298881172386912e-01	1.560008435224522483e-01
7.987987987987987815e-01	-2.127620567303159793e-01	1.750341640515989117e-01
7.997997997997997599e-01	-2.328327129951573982e-01	2.265432796790882719e-01
8.008008008008007383e-01	-1.581719117627464199e-01	1.833271571521193632e-01
8.018018018018018278e-01	-6.275239257847661789e-02	1.193274417622681161e-01
8.028028028028028062e-01	-2.802127045605150302e-02	1.159601788671104083e-01
8.038038038038037847e-01	-5.889878419170897772e-02	1.781145929278820095e-01
8.048048048048047631e-01	3.372749132353129037e-02	1.166473304904036279e-01
8.058058058058058526e-01	1.442027273161994305e-01	3.718240855645185694e-02
8.068068068068068310e-01	2.364348842254503369e-01	-2.421879804294368999e-02
8.078078078078078095e-01	2.901927951708810349e-01	-4.735560979229314071e-02
8.088088088088087879e-01	1.916702704036545579e-01	8.154788320481057284e-02
8.098098098098097664e-01	2.237999400040241726e-01	7.952900847060032086e-02
8.108108108108108558e-01	2.449691607429340390e-01	8.817063399912331012e-02
8.118118118118118343e-01	3.373721305686826488e-01	2.524908321298263703e-02
8.128128128128128127e-01	4.403858087004084432e-01	-4.864175598001080347e-02
8.138138138138137911e-01	3.907752208208662426e-01	2.970429244834699167e-02
8.148148148148147696e-01	4.463297778043727737e-01	2.469402396086950446e-03
8.158158158158158590e-01	5.715978169775808304e-01	-9.492276753115397314e-02
8.168168168168168375e-01	5.732027938778709863e-01	-6.912323808654519119e-02
8.178178178178178159e-01	6.705324097446104803e-01	-1.395468096152903126e-01
8.188188188188187944e-01	6.670636499773082706e-01	-1.096970737156675035e-01
8.198198198198197728e-01	6.569907114181424701e-01	-7.379431421187165885e-02
8.208208208208208623e-01	6.452113629487654656e-01	-3.676184195454923476e-02
8.218218218218218407e-01	6.852150070266731507e-01	-5.211403109985113247e-02
8.228228228228228192e-01	6.161842617889342621e-01	4.094212348025383363e-02
8.238238238238237976e-01	5.783497413600841019e-01	1.021522499951668106e-01
8.248248248248247760e-01	5.147788293639744550e-01	1.884258497167069502e-01
8.258258258258258655e-01	5.905630306910200078e-01	1.346489680693786495e-01
8.268268268268268439e-01	6.506052642642043971e-01	9.589692406384797696e-02
8.278278278278278224e-01	7.982341735917418690e-01	-3.117997873614375415e-02
8.288288288288288008e-01	8.671746255267026582e-01	-8.032693015511416235e-02
8.298298298298297793e-01	8.612307366910787465e-01	-5.536761973341197685e-02
8.308308308308308687e-01	8.969112701198298510e-01	-7.282961401646459443e-02
8.318318318318318472e-01	9.897014296950598089e-01	-1.482161323950096365e-01
8.328328328328328256e-01	1.009567807310210563e+00	-1.515109764545238269e-01
8.338338338338338041e-01	9.609577274116156698e-01	-8.717785749888862235e-02
8.348348348348347825e-01	9.455258503592897101e-01	-5.688698370693423545e-02
8.358358358358358720e-01	9.719958140407661817e-01	-6.937668637173166619e-02
8.368368368368368504e-01	9.394481378707052466e-01	-2.374130937053631207e-02
8.378378378378378288e-01	9.470629193760916609e-01	-1.917389207958308806e-02
8.388388388388388073e-01	9.583954084867628564e-01	-1.924173086699620949e-02
8.398398398398397857e-01	9.772319806269565978e-01	-2.774234027214361742e-02
8.408408408408408752e-01	1.021648615955184969e+00	-6.276192123053503380e-02
8.418418418418418536e-01	9.749038799756073459e-01	-7.568331578317377684e-03
8.428428428428428321e-01	1.066074007612381802e+00	-9.124616093784809756e-02
8.438438438438438105e-01	1.155526349149891718e+00	-1.741701683963329250e-01
8.448448448448447889e-01	1.161084856642369045e+00	-1.741707615892092997e-01
8.458458458458458784e-01	1.124843618006483359e+00	-1.333475244090985834e-01
8.468468468468468568e-01	1.149686376575310476e+00	-1.545887311250445650e-01
8.478478478478478353e-01	1.084758175986604956e+00	-8.704298679034361275e-02
8.488488488488488137e-01	1.018406631727679645e+00	-1.906049526569875141e-02
8.498498498498497922e-01	9.863640234727112377e-01	1.362485100300281360e-02
8.508508508508508816e-01	8.174339560146547390e-01	1.822088116475751862e-01
8.518518518518518601e-01	7.264451212512582634e-01	2.718630370200100232e-01
8.528528528528528385e-01	7.463902953772193483e-01	2.495960706618852720e-01
8.538538538538538170e-01	6.983261850668647241e-01	2.943535018166556494e-01
8.548548548548547954e-01	6.148667335344696339e-01	3.735246570990036208e-01
8.558558558558558849e-01	5.892062852332714540e-01	3.939194325624328918e-01
8.568568568568568633e-01	5.143105189565342350e-01	4.625773564049587838e-01
8.578578578578578417e-01	4.919199794410583637e-01	4.777640522166293202e-01
8.588588588588588202e-01	4.699572393181034036e-01	4.915640709290225452e-01
8.598598598598597986e-01	4.824007287897025265e-01	4.700070540947498543e-01
8.608608608608608881e-01	5.713942326539122041e-01	3.709582288804067485e-01
8.618618618618618665e-01	5.688438256123402592e-01	3.625214638475148243e-01
8.628628628628628450e-01	5.685225875862336409e-01	3.509345438039719323e-01
8.638638638638638234e-01	6.115599169180604422e-01	2.950798458588297368e-01
8.648648648648649129e-01	6.657814470545130314e-01	2.271444110950554540e-01
8.658658658658658913e-01	6.367550897794795883e-01	2.415738888032897824e-01
8.668668668668668698e-01	6.414866010334543400e-01	2.213769572524765250e-01
8.678678678678678482e-01	7.037149742006247877e-01	1.428299161294362962e-01
8.688688688688688266e-01	6.973283077810279451e-01	1.320608037440561544e-01
8.698698698698699161e-01	7.766186403919660419e-01	3.479454607089993434e-02
8.708708708708708945e-01	8.581887682003795925e-01	-6.555387745869367677e-02
8.718718718718718730e-01	8.512846270133045401e-01	-7.821183362458683508e-02
8.728728728728728514e-01	8.322456061859425658e-01	-7.949936768798682163e-02
8.738738738738738299e-01	7.771802661299201942e-01	-4.550494002823979312e-02
8.748748748748749193e-01	8.306860962475417498e-01	-1.208052039531125610e-01
8.758758758758758978e-01	7.138156717302993615e-01	-2.643118310118997005e-02
8.768768768768768762e-01	6.684287692830200855e-01	-4.220408477405790393e-03
8.778778778778778547e-01	5.914488741742663924e-01	4.892655249876098900e-02
8.788788788788788331e-01	5.539531001536828203e-01	6.195615341349947069e-02
8.798798798798799226e-01	4.136737318689190368e-01	1.771603031370400649e-01
8.808808808808809010e-01	4.829230531114408476e-01	8.225151365395139136e-02
8.818818818818818794e-01	3.798211002668766545e-01	1.591351220933404642e-01
8.828828828828828579e-01	3.626742255731073006e-01	1.495307023800089286e-01
8.838838838838838363e-01	3.141040809262831690e-01	1.708430557912078984e-01
8.848848848848849258e-01	2.676392563963068683e-01	1.895705462827706467e-01
8.858858858858859042e-01	2.323626098031566500e-01	1.966577442591695424e-01
8.868868868868868827e-01	2.896322158782587697e-01	1.107744502895462446e-01
8.878878878878878611e-01	2.483270968744560048e-01	1.230699369331146598e-01
8.888888888888888395e-01	2.548929897392255284e-01	8.712715358644718133e-02
8.898898898898899290e-01	2.011144391264045594e-01	1.111906051050836342e-01
8.908908908908909074e-01	1.419186547475911886e-01	1.403624657263806697e-01
8.918918918918918859e-01	1.648723199069265233e-01	8.710574147820027147e-02
8.928928928928928643e-01	2.289900803007713370e-01	-7.564247979209098860e-03
8.938938938938938428e-01	1.721932172963635543e-01	1.846142773670211845e-02
8.948948948948949322e-01	9.084345530564071070e-02	6.885147248190782998e-02
8.958958958958959107e-01	2.227119661065761203e-01	-9.413467082470686198e-02
8.968968968968968891e-01	1.595508851963318708e-01	-6.221836682802714402e-02
8.978978978978978676e-01	5.977669921354727967e-02	6.214794413076832336e-03
8.988988988988988460e-01	1.690997010657606103e-01	-1.345144882539417164e-01
8.998998998998999355e-01	1.544122546633436288e-01	-1.512675224556077336e-01
9.009009009009009139e-01	1.775995753289508552e-02	-4.605881561601214008e-02
9.019019019019018923e-01	-4.156299438222427201e-02	-1.815147050098307041e-02
9.029029029029028708e-01	-5.049557439657909041e-02	-4.057544829006122511e-02
9.039039039039038492e-01	-4.827963466345278065e-02	-7.405788971500243401e-02
9.049049049049049387e-01	-1.612514523345778272e-01	7.768400438361522387e-03
9.059059059059059171e-01	-6.089536403845121487e-02	-1.235814427650396841e-01
9.069069069069068956e-01	-1.364656151081949098e-01	-7.882252563689248759e-02
9.079079079079078740e-01	-2.176240177764041384e-01	-2.826256797744522431e-02
9.089089089089088525e-01	-1.899006267139169701e-01	-8.634125766515507450e-02
9.099099099099099419e-01	-1.442627838415370956e-01	-1.620612357652459756e-01
9.109109109109109204e-01	-2.400475782627623234e-01	-9.605566627945191782e-02
9.119119119119118988e-01	-3.321502699598083419e-01	-3.339984186541078426e-02
9.129129129129128772e-01	-3.217925131059255484e-01	-7.284298964351398897e-02
9.139139139139138557e-01	-4.410034188564349589e-01	1.767276279990315224e-02
9.149149149149149451e-01	-5.421670395062890835e-01	9.055984312939480141e-02
9.159159159159159236e-01	-5.373225333220718047e-01	5.788537103326413247e-02
9.169169169169169020e-01	-5.484832511409614142e-01	4.169021717268917016e-02
9.179179179179178805e-01	-5.643692106924018681e-01	3.072145029028106045e-02
9.189189189189188589e-01	-5.658738433801329126e-01	5.899057242540250989e-03
9.199199199199199484e-01	-6.210480568515301947e-01	3.529997930969186459e-02
9.209209209209209268e-01	-6.514689540568014969e-01	4.052680551137799458e-02
9.219219219219219053e-01	-6.122552603141935279e-01	-2.327682553018994849e-02
9.229229229229228837e-01	-5.982491350241742056e-01	-6.124443851172001185e-02
9.239239239239238621e-01	-5.356568270193856618e-01	-1.471460901438006452e-01
9.249249249249249516e-01	-5.580700876172626224e-01	-1.473669795286892681e-01
9.259259259259259300e-01	-4.820470555004374158e-01	-2.453265860726115410e-01
9.269269269269269085e-01	-5.229352392166306540e-01	-2.256557091183591934e-01
9.279279279279278869e-01	-5.375493469181139572e-01	-2.315186596562011090e-01
9.289289289289288654e-01	-5.429829919297057828e-01	-2.458015755029230309e-01
9.299299299299299548e-01	-5.005854015756417974e-01	-3.071357324981658365e-01
9.309309309309309333e-01	-3.821542862907044147e-01	-4.437046946728386287e-01
9.319319319319319117e-01	-4.314937570956124957e-01	-4.116864152906089536e-01
9.329329329329328901e-01	-4.883661316496935578e-01	-3.713014485310500712e-01
9.339339339339339796e-01	-5.689592891184227508e-01	-3.063456115593896634e-01
9.349349349349349581e-01	-5.800150090142921488e-01	-3.100616618076141862e-01
9.359359359359359365e-01	-6.758816167397093677e-01	-2.280866667223064859e-01
9.369369369369369149e-01	-7.922444805720237904e-01	-1.247215212239887183e-01
9.379379379379378934e-01	-7.068015834220806592e-01	-2.222553895322807449e-01
9.389389389389389828e-01	-8.405541995802173760e-01	-9.967504112954106432e-02
9.399399399399399613e-01	-9.410693210292474520e-01	-9.402436270864233947e-03
9.409409409409409397e-01	-9.240900364318050952e-01	-3.568435792138369145e-02
9.419419419419419182e-01	-8.700954517847943048e-01	-9.803250111732386696e-02
9.429429429429428966e-01	-8.720058396968396464e-01	-1.035183327849981127e-01
9.439439439439439861e-01	-7.327737247165720946e-01	-2.491820145809348075e-01
9.449449449449449645e-01	-7.819911648000176241e-01	-2.054251286567713164e-01
9.459459459459459429e-01	-8.285417758351220074e-01	-1.633586594237547152e-01
9.469469469469469214e-01	-8.096936918856870724e-01	-1.857100386483252485e-01
9.479479479479478998e-01	-7.168243846010159404e-01	-2.810983304272272054e-01
9.489489489489489893e-01	-7.117121943474074008e-01	-2.877427034816619766e-01
9.499499499499499677e-01	-7.443918055821778790e-01	-2.556069582464195467e-01
9.509509509509509462e-01	-7.786385732752370004e-01	-2.209152019465269179e-01
9.519519519519519246e-01	-7.840352237038576977e-01	-2.140851483342888217e-01
9.529529529529529031e-01	-7.204123470566616838e-01	-2.752876246501760882e-01
9.539539539539539925e-01	-7.451118851981703983e-01	-2.471830824566432216e-01
9.549549549549549710e-01	-7.151040664833258065e-01	-2.728046604568523659e-01
9.559559559559559494e-01	-6.908842195451019297e-01	-2.916613673775262372e-01
9.569569569569569278e-01	-6.662790691060969106e-01	-3.099317818683334780e-01
9.579579579579579063e-01	-7.132473199079414350e-01	-2.556634633282085511e-01
9.589589589589589957e-01	-6.234176409635033833e-01	-3.372349614588175948e-01
9.599599599599599742e-01	-7.409953214353220963e-01	-2.104491532478549587e-01
9.609609609609609526e-01	-8.168682110056519896e-01	-1.244272945238521499e-01
9.619619619619619311e-01	-8.267201923103703054e-01	-1.034955385182342313e-01
9.629629629629629095e-01	-7.735083969814520177e-01	-1.447077098988228672e-01
9.639639639639639990e-01	-7.636805210824861856e-01	-1.416279785001105518e-01
9.649649649649649774e-01	-8.229651725908295745e-01	-6.854050010745504906e-02
9.659659659659659559e-01	-8.609601458692293097e-01	-1.586112936392580774e-02
9.669669669669669343e-01	-8.412860128777126523e-01	-1.998381506151869491e-02
9.679679679679679127e-01	-7.436708650081682581e-01	-1.011958439476510208e-01
9.689689689689690022e-01	-6.394892887644311186e-01	-1.881388498383004260e-01
9.699699699699699806e-01	-6.097512806313616363e-01	-1.998198827093835561e-01
9.709709709709709591e-01	-6.628878815645690148e-01	-1.278257573505248157e-01
9.719719719719719375e-01	-6.129849620488494466e-01	-1.580892506498762229e-01
9.729729729729729160e-01	-5.619094742269314935e-01	-1.887628310257949416e-01
9.739739739739740054e-01	-4.628118043071733911e-01	-2.667162868150158017e-01
9.749749749749749839e-01	-3.671054887792855603e-01	-3.405569901072206807e-01
9.759759759759759623e-01	-4.207106843945389585e-01	-2.643864060892422430e-01
9.769769769769769407e-01	-4.608692103397960538e-01	-2.009850294900735190e-01
9.779779779779779192e-01	-4.758066562951379086e-01	-1.621502544579767613e-01
9.789789789789790087e-01	-4.950222032734862831e-01	-1.184065309931767174e-01
9.799799799799799871e-01	-5.006532781388131070e-01	-8.764068706199157344e-02
9.809809809809809655e-01	-4.946089696706779115e-01	-6.796848854775994209e-02
9.819819819819819440e-01	-4.961948357188912806e-01	-4.010980751849330117e-02
9.829829829829829224e-01	-5.382767717799578078e-01	2.877527149608116730e-02
9.839839839839840119e-01	-4.160413959380887539e-01	-6.615313786396070928e-02
9.849849849849849903e-01	-4.886745627179893137e-01	3.426381627311197997e-02
9.859859859859859688e-01	-4.744547929167418077e-01	4.827718054430524264e-02
9.869869869869869472e-01	-4.756637473829019025e-01	7.814069729898626138e-02
9.879879879879879256e-01	-4.239461351258146382e-01	5.547074031556059603e-02
9.889889889889890151e-01	-3.153482373846190345e-01	-2.371513311005513103e-02
9.899899899899899935e-01	-3.325339035744628302e-01	2.321784218559358459e-02
9.909909909909909720e-01	-3.094928981564104009e-01	3.023001486357856926e-02
9.919919919919919504e-01	-2.935029020782839448e-01	4.456934761138903189e-02
9.929929929929930399e-01	-2.861047601328305934e-01	6.774669388818385651e-02
9.939939939939940183e-01	-2.377578998130968069e-01	5.019124643726038948e-02
9.949949949949949968e-01	-1.778239776664807259e-01	2.123421353792226407e-02
9.959959959959959752e-01	-1.513615137322347759e-01	2.590348355193644592e-02
9.969969969969969537e-01	-1.275169109163457049e-01	3.331467458871566201e-02
9.979979979979980431e-01	-9.961460982040942769e-02	3.676131977592926592e-02
9.989989989989990216e-01	-1.110840715893104819e-01	7.964188067019016548e-02
1.000000000000000000e+00	-4.969122073537499823e-02	4.969122073537377698e-02
