# Time	FTRLS_Output	FTRLS_Error
0.000000000000000000e+00	0.000000000000000000e+00	0.000000000000000000e+00
1.001001001001000992e-03	0.000000000000000000e+00	0.000000000000000000e+00
2.002002002002001985e-03	0.000000000000000000e+00	0.000000000000000000e+00
3.003003003003002977e-03	0.000000000000000000e+00	0.000000000000000000e+00
4.004004004004003969e-03	0.000000000000000000e+00	0.000000000000000000e+00
5.005005005005004962e-03	0.000000000000000000e+00	0.000000000000000000e+00
6.006006006006005954e-03	0.000000000000000000e+00	0.000000000000000000e+00
7.007007007007006946e-03	0.000000000000000000e+00	0.000000000000000000e+00
8.008008008008007939e-03	0.000000000000000000e+00	0.000000000000000000e+00
9.009009009009008931e-03	0.000000000000000000e+00	0.000000000000000000e+00
1.001001001001000992e-02	0.000000000000000000e+00	0.000000000000000000e+00
1.101101101101101092e-02	0.000000000000000000e+00	0.000000000000000000e+00
1.201201201201201191e-02	0.000000000000000000e+00	0.000000000000000000e+00
1.301301301301301290e-02	0.000000000000000000e+00	0.000000000000000000e+00
1.401401401401401389e-02	0.000000000000000000e+00	0.000000000000000000e+00
1.501501501501501488e-02	0.000000000000000000e+00	0.000000000000000000e+00
1.601601601601601588e-02	0.000000000000000000e+00	0.000000000000000000e+00
1.701701701701701513e-02	0.000000000000000000e+00	0.000000000000000000e+00
1.801801801801801786e-02	0.000000000000000000e+00	0.000000000000000000e+00
1.901901901901902059e-02	0.000000000000000000e+00	0.000000000000000000e+00
2.002002002002001985e-02	0.000000000000000000e+00	0.000000000000000000e+00
2.102102102102101910e-02	0.000000000000000000e+00	0.000000000000000000e+00
2.202202202202202183e-02	0.000000000000000000e+00	0.000000000000000000e+00
2.302302302302302456e-02	0.000000000000000000e+00	0.000000000000000000e+00
2.402402402402402382e-02	0.000000000000000000e+00	0.000000000000000000e+00
2.502502502502502307e-02	0.000000000000000000e+00	7.076624788865043536e-01
2.602602602602602580e-02	1.233701901534099754e+00	-5.041738104119113384e-01
2.702702702702702853e-02	1.238362245370867365e+00	-4.876899401181430393e-01
2.802802802802802778e-02	1.869724258031017161e+00	-1.098650045332292491e+00
2.902902902902902704e-02	1.919311482018927428e+00	-1.128597843103833709e+00
3.003003003003002977e-02	1.550361745074551711e+00	-7.407905817338077403e-01
3.103103103103103250e-02	1.674922232852936288e+00	-8.472940942502050765e-01
3.203203203203203175e-02	1.304198699034865516e+00	-4.593319900790477917e-01
3.303303303303303101e-02	9.792146026062067410e-01	-1.179447746669759489e-01
3.403403403403403027e-02	1.552781434873709454e+00	-6.759601596405560020e-01
3.503503503503503647e-02	1.759216008114143692e+00	-8.677103354158597348e-01
3.603603603603603572e-02	2.153033891085438079e+00	-1.247725391502841452e+00
3.703703703703703498e-02	2.185611477977440487e+00	-1.267395371097166379e+00
3.803803803803804118e-02	1.697375916177852995e+00	-7.671601853492487910e-01
3.903903903903904044e-02	1.755488848915971012e+00	-8.141933433864677605e-01
4.004004004004003969e-02	1.535252409878759217e+00	-5.838079351955824947e-01
4.104104104104103895e-02	1.429944867618005766e+00	-4.692922651956847879e-01
4.204204204204203821e-02	1.354606981668522003e+00	-3.856961984323724613e-01
4.304304304304304440e-02	2.588473349466124063e+00	-1.612262498491694451e+00
4.404404404404404366e-02	1.804212935966643672e+00	-8.216673490440159489e-01
4.504504504504504292e-02	1.855328245763372852e+00	-8.674195188231947906e-01
4.604604604604604912e-02	1.598199613148141962e+00	-6.059046454933282311e-01
4.704704704704704837e-02	2.282011772062170873e+00	-1.286311800355333101e+00
4.804804804804804763e-02	1.506406521107839458e+00	-5.082861490696931606e-01
4.904904904904904689e-02	1.969287014835172211e+00	-9.697332396134084043e-01
5.005005005005004615e-02	1.756330253957789189e+00	-7.563314901291917636e-01
5.105105105105105234e-02	2.187033952211293819e+00	-1.187579054382224442e+00
5.205205205205205160e-02	1.896527854450035910e+00	-8.986051394217926536e-01
5.305305305305305086e-02	1.668856364620624255e+00	-6.734526340866117122e-01
5.405405405405405705e-02	2.042881474133005248e+00	-1.050981038874128526e+00
5.505505505505505631e-02	2.193499189695308882e+00	-1.206082896238519941e+00
5.605605605605605557e-02	2.070764340165454076e+00	-1.088808600867947396e+00
5.705705705705705483e-02	2.148181126163133392e+00	-1.172656953681294745e+00
5.805805805805805409e-02	1.838452174019476804e+00	-8.703242211173579657e-01
5.905905905905906028e-02	1.918057545285978716e+00	-9.582831509327897068e-01
6.006006006006005954e-02	1.801267041508139322e+00	-8.507952842080277467e-01
6.106106106106105880e-02	1.883833609516595953e+00	-9.436043688068369573e-01
6.206206206206206499e-02	1.710623138846247393e+00	-7.815661658918846566e-01
6.306306306306305731e-02	1.386528975993866153e+00	-4.695629741978526450e-01
6.406406406406406351e-02	1.993474644795976802e+00	-1.089506361333960616e+00
6.506506506506506970e-02	1.783876823510734955e+00	-8.938001526888290638e-01
6.606606606606606202e-02	1.354937853134996262e+00	-4.796329524571831815e-01
6.706706706706706822e-02	2.025042659019616220e+00	-1.165375078838871037e+00
6.806806806806806054e-02	1.535235349674562544e+00	-6.920551772883398733e-01
6.906906906906906674e-02	1.822484071585312781e+00	-9.966250906217695160e-01
7.007007007007007293e-02	2.018172313483378666e+00	-1.210451179409572031e+00
7.107107107107106525e-02	1.793486926955245586e+00	-1.004702359522614108e+00
7.207207207207207145e-02	2.091648825403766843e+00	-1.322580818829449889e+00
7.307307307307307764e-02	1.276396984261787937e+00	-5.278060359267973123e-01
7.407407407407406996e-02	1.777195187227787798e+00	-1.049821545654738841e+00
7.507507507507507616e-02	1.380285697732934524e+00	-6.748486305869814128e-01
7.607607607607608236e-02	1.270939938390919677e+00	-5.881370212277305942e-01
7.707707707707707467e-02	1.321917595196961503e+00	-6.624240216610653986e-01
7.807807807807808087e-02	1.367338109568528637e+00	-7.318060237241444943e-01
7.907907907907907319e-02	1.440940218189498800e+00	-8.299980696440757422e-01
8.008008008008007939e-02	9.840160613696568026e-01	-3.982679838278174733e-01
8.108108108108108558e-02	1.615253726726307626e+00	-1.055278940588712189e+00
8.208208208208207790e-02	1.421538418837075657e+00	-8.878906584349530728e-01
8.308308308308308410e-02	7.071572203467266782e-01	-2.003641863784541011e-01
8.408408408408407642e-02	1.653283681700035146e+00	-1.173846519411225309e+00
8.508508508508508261e-02	1.743050981304479219e+00	-1.291443784927583938e+00
8.608608608608608881e-02	1.457992737606345512e+00	-1.034662081549810875e+00
8.708708708708708113e-02	9.569728655392593097e-01	-5.623373627898182736e-01
8.808808808808808732e-02	6.081314890356965819e-01	-2.425813772104775667e-01
8.908908908908909352e-02	1.249070086270528845e+00	-9.129668417283129944e-01
9.009009009009008584e-02	7.096974274434196817e-01	-4.033734078366358888e-01
9.109109109109109204e-02	1.193691633372527816e+00	-9.174497489934533290e-01
9.209209209209209823e-02	7.970956501819360662e-01	-5.512090644280859264e-01
9.309309309309309055e-02	9.939857142580534877e-01	-7.786975735129630927e-01
9.409409409409409675e-02	7.275977297172278035e-01	-5.431209229137352601e-01
9.509509509509508907e-02	7.774389498403838639e-01	-6.239558979441672815e-01
9.609609609609609526e-02	4.829774568692674075e-01	-3.606399324908101112e-01
9.709709709709710146e-02	1.002293808507804362e+00	-9.112227858211636722e-01
9.809809809809809378e-02	3.977539477278708713e-01	-3.380394828446605104e-01
9.909909909909909997e-02	4.210263944550413084e-01	-3.927275363719230361e-01
1.001001001001000923e-01	8.513222460716882711e-01	-8.544669782794243051e-01
1.011011011011010985e-01	-2.781260649783092731e-01	2.435408521664920445e-01
1.021021021021021047e-01	-3.238719643631405298e-01	2.578804707365198734e-01
1.031031031031030970e-01	3.488004177168793074e-01	-4.461329360851815085e-01
1.041041041041041032e-01	-4.273906105302929248e-01	2.988133152484244714e-01
1.051051051051051094e-01	5.412882273607572126e-01	-7.009831551483067802e-01
1.061061061061061017e-01	-3.054545425423153548e-01	1.147998975092509033e-01
1.071071071071071079e-01	-4.879784889945262827e-01	2.665526566729674030e-01
1.081081081081081141e-01	3.364806306897037969e-01	-5.884586920748289263e-01
1.091091091091091064e-01	1.245839889813531581e-01	-4.068651094553246694e-01
1.101101101101101126e-01	1.850624737577984125e-01	-4.973675179892879106e-01
1.111111111111111049e-01	-1.975461576406976616e-01	-1.444739856849705517e-01
1.121121121121121111e-01	-8.458913604767639427e-01	4.744943266691960537e-01
1.131131131131131173e-01	1.182063846001361537e-02	-4.122273046278174813e-01
1.141141141141141097e-01	-7.729027243241223255e-01	3.438823702617960221e-01
1.151151151151151159e-01	-4.797726461150484401e-01	2.256284343596925979e-02
1.161161161161161082e-01	-4.961928695983793824e-01	1.124573288089208978e-02
1.171171171171171144e-01	-9.212913456716848026e-01	4.090864177185706829e-01
1.181181181181181206e-01	-7.314763446706015193e-01	1.925201223103850667e-01
1.191191191191191129e-01	-6.877194333577055785e-01	1.225448665923128955e-01
1.201201201201201191e-01	-9.271246994454064305e-01	3.362906644394486610e-01
1.211211211211211253e-01	-1.474050629675967450e+00	8.581413761087879344e-01
1.221221221221221176e-01	-1.078548136260458978e+00	4.381727095874331512e-01
1.231231231231231238e-01	-7.910220073486531334e-01	1.268136465430391713e-01
1.241241241241241300e-01	-1.513124987026997159e+00	8.257404983978869906e-01
1.251251251251251362e-01	-1.395862153583244059e+00	6.859812612888154248e-01
1.261261261261261146e-01	-1.536545957220968095e+00	8.048706311192901364e-01
1.271271271271271208e-01	-8.224712032363099556e-01	6.972496473835532171e-02
1.281281281281281270e-01	-1.258445481646602415e+00	4.853726882578849322e-01
1.291291291291291332e-01	-1.384976205415279882e+00	5.923413146735951873e-01
1.301301301301301394e-01	-1.828475170697190233e+00	1.017061984234324257e+00
1.311311311311311179e-01	-1.437656015122645181e+00	6.082669035975627470e-01
1.321321321321321240e-01	-1.877321474667417833e+00	1.030776584337357527e+00
1.331331331331331302e-01	-1.693516510549185838e+00	8.306529522632547513e-01
1.341341341341341364e-01	-1.959991679864737879e+00	1.081662701281969063e+00
1.351351351351351426e-01	-1.570346565988429255e+00	6.774207078388608805e-01
1.361361361361361211e-01	-1.638941246435469123e+00	7.323014836585801657e-01
1.371371371371371273e-01	-1.926242794812924597e+00	1.006785663422719468e+00
1.381381381381381335e-01	-1.764754908776707820e+00	8.333896193168538469e-01
1.391391391391391397e-01	-2.285829236305274126e+00	1.343476774770955506e+00
1.401401401401401459e-01	-2.452661969136870290e+00	1.500254186252418798e+00
1.411411411411411521e-01	-1.844695211277443736e+00	8.831739010303181203e-01
1.421421421421421305e-01	-1.955309786709793940e+00	9.856257550521063671e-01
1.431431431431431367e-01	-1.821680179138240208e+00	8.447923037767476329e-01
1.441441441441441429e-01	-1.259556666797661206e+00	2.764309490019570825e-01
1.451451451451451491e-01	-1.746606351177337757e+00	7.582149605438650575e-01
1.461461461461461553e-01	-2.370298949430369895e+00	1.377619262546849743e+00
1.471471471471471337e-01	-1.711614608110858970e+00	7.156282420717546833e-01
1.481481481481481399e-01	-2.532410352642786577e+00	1.534102194371518291e+00
1.491491491491491461e-01	-2.257993781016652601e+00	1.258351013354422676e+00
1.501501501501501523e-01	-2.133818026400111645e+00	1.133829151924397483e+00
1.511511511511511585e-01	-1.542707711455771458e+00	5.433615749937905637e-01
1.521521521521521647e-01	-2.363358054359388838e+00	1.365642865163127384e+00
1.531531531531531432e-01	-2.395455369794555534e+00	1.400357724344289512e+00
1.541541541541541493e-01	-2.155083108683864435e+00	1.163587015086479548e+00
1.551551551551551555e-01	-2.335261267951988629e+00	1.348347172898828550e+00
1.561561561561561617e-01	-1.736983690310218043e+00	7.556275095566585831e-01
1.571571571571571679e-01	-2.455171069539260120e+00	1.480343222864725972e+00
1.581581581581581464e-01	-2.470582661063073893e+00	1.503247112665783591e+00
1.591591591591591526e-01	-2.222664146827328047e+00	1.263777452102678112e+00
1.601601601601601588e-01	-2.231702620683450711e+00	1.282212980328637286e+00
1.611611611611611650e-01	-1.410251187522233662e+00	4.710975099024656831e-01
1.621621621621621712e-01	-1.708950979005025239e+00	7.810619517085157781e-01
1.631631631631631496e-01	-1.972488975064137007e+00	1.056782146563967517e+00
1.641641641641641558e-01	-2.381434688507850339e+00	1.478815560838816046e+00
1.651651651651651620e-01	-1.665490076726621194e+00	7.768512100742651638e-01
1.661661661661661682e-01	-2.251044557524633838e+00	1.377264687611905236e+00
1.671671671671671744e-01	-2.407683040581766853e+00	1.549626209726079562e+00
1.681681681681681528e-01	-1.475098210164419443e+00	6.336129128643690489e-01
1.691691691691691590e-01	-1.737540244926141675e+00	9.134585888227771955e-01
1.701701701701701652e-01	-1.504471952504095267e+00	6.986088355464257216e-01
1.711711711711711714e-01	-1.661533890189532237e+00	8.746861948179419644e-01
1.721721721721721776e-01	-1.447613768574841586e+00	6.805595737192426942e-01
1.731731731731731838e-01	-1.901557551929840884e+00	1.155055363601789065e+00
1.741741741741741623e-01	-1.988437613305416463e+00	1.263225614545018693e+00
1.751751751751751685e-01	-1.377720755573765166e+00	6.745160764930810959e-01
1.761761761761761746e-01	-1.832101006092583306e+00	1.151599014737330950e+00
1.771771771771771808e-01	-1.748251589793775151e+00	1.091125204524586723e+00
1.781781781781781870e-01	-1.622195840209425644e+00	9.890948642826047355e-01
1.791791791791791655e-01	-1.417167055427631217e+00	8.087175344334133209e-01
1.801801801801801717e-01	-1.488038658236015888e+00	9.048422610297419677e-01
1.811811811811811779e-01	-1.782368478954329483e+00	1.225001902692687050e+00
1.821821821821821841e-01	-1.486922597397403845e+00	9.559369972680833438e-01
1.831831831831831903e-01	-1.957035238211396688e+00	1.452955682420072225e+00
1.841841841841841965e-01	-9.597252633803293742e-01	4.830502139339022394e-01
1.851851851851851749e-01	-1.641143000320956613e+00	1.192343820120494113e+00
1.861861861861861811e-01	-1.431669675970919764e+00	1.011190162701705475e+00
1.871871871871871873e-01	-9.960505616857836531e-01	6.043065089653857358e-01
1.881881881881881935e-01	-1.200792219833584307e+00	8.381710060519169669e-01
1.891891891891891997e-01	-3.784859579696848164e-01	4.534616322762713425e-02
1.901901901901901781e-01	-1.259867010012906796e+00	9.565380615382794716e-01
1.911911911911911843e-01	-6.796451434879905440e-01	4.064269898795242475e-01
1.921921921921921905e-01	-7.124764570078422343e-01	4.696392716292548952e-01
1.931931931931931967e-01	-1.030381551619738545e+00	8.181654654372306767e-01
1.941941941941942029e-01	-4.091363560621250062e-01	2.277512201894742461e-01
1.951951951951951814e-01	-5.782723202549470143e-01	4.278974984410099935e-01
1.961961961961961876e-01	-2.015372437007818540e-01	8.232143496460760101e-02
1.971971971971971938e-01	-1.199857676780228394e-01	3.204685926696095033e-02
1.981981981981981999e-01	3.969605194365152245e-01	-4.535355686203079717e-01
1.991991991991992061e-01	1.990367845080632248e-01	-2.241920298974391657e-01
2.002002002002001846e-01	-3.011805275127704129e-01	3.074699608288374297e-01
2.012012012012011908e-01	-1.905153346900577138e-01	2.282432273687744484e-01
2.022022022022021970e-01	3.230618063156521225e-01	-2.539327617208677612e-01
2.032032032032032032e-01	2.467489597435936488e-01	-1.462871218914256199e-01
2.042042042042042094e-01	3.098769381625983144e-01	-1.781816493269743618e-01
2.052052052052052156e-01	-3.725000952726685854e-01	5.352986074377625858e-01
2.062062062062061940e-01	2.226237764788512041e-01	-2.888302524195443532e-02
2.072072072072072002e-01	5.251159649339968982e-02	1.719798121441722949e-01
2.082082082082082064e-01	4.622892066830663338e-01	-2.072691302827562310e-01
2.092092092092092126e-01	3.995724884065700588e-01	-1.142759223325203743e-01
2.102102102102102188e-01	8.054093792577369237e-01	-4.901184406822343131e-01
2.112112112112111972e-01	6.793539784629363254e-01	-3.343804446683462661e-01
2.122122122122122034e-01	8.997742670770741968e-01	-5.254592671530554648e-01
2.132132132132132096e-01	5.509602133394378987e-01	-1.476738908554574015e-01
2.142142142142142158e-01	4.458167310463489463e-01	-1.395787803305204022e-02
2.152152152152152220e-01	6.863063803376805438e-01	-2.263020429390697474e-01
2.162162162162162282e-01	8.749578243582862846e-01	-3.872628805446517442e-01
2.172172172172172067e-01	1.066545211427552653e+00	-5.516419211867404915e-01
2.182182182182182129e-01	1.757482350773798663e+00	-1.215879879225608917e+00
2.192192192192192191e-01	1.055486777107621288e+00	-4.877206910129134876e-01
2.202202202202202252e-01	8.083983316775348316e-01	-2.150300698399143506e-01
2.212212212212212314e-01	1.060430543992606500e+00	-4.420468620763907674e-01
2.222222222222222099e-01	1.071224390332386589e+00	-4.284367806458481143e-01
2.232232232232232161e-01	1.429094789683003741e+00	-7.625388765006323455e-01
2.242242242242242223e-01	8.044004339263669534e-01	-1.147353449481054444e-01
2.252252252252252285e-01	1.384827091678779043e+00	-6.727348062477537249e-01
2.262262262262262347e-01	1.466645954341541103e+00	-7.328306290648133325e-01
2.272272272272272131e-01	1.536381110461586763e+00	-7.815683829007883388e-01
2.282282282282282193e-01	1.305275552415561036e+00	-5.302118235359596365e-01
2.292292292292292255e-01	1.465385910685080395e+00	-6.708376067726368186e-01
2.302302302302302317e-01	1.119572705212144914e+00	-3.063255199884118429e-01
2.312312312312312379e-01	1.466161318219733722e+00	-6.350194359040404191e-01
2.322322322322322163e-01	1.491263085832364110e+00	-6.430483859195623708e-01
2.332332332332332225e-01	1.846382518253254945e+00	-9.819337627933903967e-01
2.342342342342342287e-01	1.362265795382707534e+00	-4.824377995662784135e-01
2.352352352352352349e-01	2.034860815274276646e+00	-1.140523602143249438e+00
2.362362362362362411e-01	2.308329080039144721e+00	-1.400367020159598574e+00
2.372372372372372473e-01	1.156506530806907795e+00	-2.358174677540445519e-01
2.382382382382382258e-01	2.011524884738493224e+00	-1.079019247258786063e+00
2.392392392392392320e-01	2.129082270619014672e+00	-1.185682172347433783e+00
2.402402402402402382e-01	1.722544426018061126e+00	-7.691827536406320442e-01
2.412412412412412444e-01	1.824768929549346996e+00	-8.623884203127135661e-01
2.422422422422422505e-01	1.932552370530440378e+00	-9.621046800106434205e-01
2.432432432432432290e-01	1.889001346466655296e+00	-9.114461075189692618e-01
2.442442442442442352e-01	1.903171267899900210e+00	-9.194751417202902122e-01
2.452452452452452414e-01	1.467506338961176438e+00	-4.786420591977407213e-01
2.462462462462462476e-01	2.418678420336404677e+00	-1.425623831196036972e+00
2.472472472472472538e-01	2.414152906406794585e+00	-1.417889995708240036e+00
2.482482482482482600e-01	1.797391895653243976e+00	-7.989058237827215692e-01
2.492492492492492384e-01	1.591637200949113984e+00	-5.919153266787252621e-01
2.502502502502502724e-01	2.253823772139415205e+00	-1.253854676271668467e+00
2.512512512512512508e-01	1.894965097744242710e+00	-8.957376055481632848e-01
2.522522522522522292e-01	2.133282580456952182e+00	-1.135784783862452407e+00
2.532532532532532632e-01	1.983359538685365075e+00	-9.885778192027797617e-01
2.542542542542542416e-01	2.318110463106483277e+00	-1.327028516437463557e+00
2.552552552552552756e-01	2.324421337392096554e+00	-1.338019200696382249e+00
2.562562562562562540e-01	1.850931250051306431e+00	-8.701843328312666159e-01
2.572572572572572325e-01	1.623398387764649176e+00	-6.492765073259127995e-01
2.582582582582582664e-01	1.539598781454913023e+00	-5.730652038968715445e-01
2.592592592592592449e-01	2.255997169118194368e+00	-1.298007656802705467e+00
2.602602602602602788e-01	1.642534562763607653e+00	-6.940364292038124772e-01
2.612612612612612573e-01	1.842474623202078998e+00	-9.044057963059126681e-01
2.622622622622622357e-01	1.801073750496785530e+00	-8.743618450915001672e-01
2.632632632632632697e-01	1.957848284539334571e+00	-1.043409685094168537e+00
2.642642642642642481e-01	1.305766939248873548e+00	-4.045058937029286650e-01
2.652652652652652820e-01	1.983625007193666523e+00	-1.096432732785062480e+00
2.662662662662662605e-01	2.071773886532381592e+00	-1.199527688512895374e+00
2.672672672672672389e-01	1.901818185924814664e+00	-1.045380590031467882e+00
2.682682682682682729e-01	1.740814815962013817e+00	-9.010327155034744129e-01
2.692692692692692513e-01	1.845121186916153899e+00	-1.022825005317343994e+00
2.702702702702702853e-01	1.919522304650916222e+00	-1.115525174283975129e+00
2.712712712712712637e-01	8.254351669401854830e-01	-4.053212505378078756e-02
2.722722722722722422e-01	2.346090545463998644e+00	-1.581057748006107433e+00
2.732732732732732761e-01	1.797940242847679393e+00	-1.053534196959260427e+00
2.742742742742742545e-01	1.418282151855267736e+00	-6.952389677937574897e-01
2.752752752752752885e-01	1.458240829631696212e+00	-7.572754928640992311e-01
2.762762762762762669e-01	1.709747582609044914e+00	-1.031553246794377987e+00
2.772772772772773009e-01	1.463004128426158124e+00	-8.082514299864240748e-01
2.782782782782782793e-01	7.796999181500448017e-01	-1.490363131074873282e-01
2.792792792792792578e-01	2.082885872310809017e+00	-1.476934996047259308e+00
2.802802802802802917e-01	1.315141550307735718e+00	-7.345026008791303296e-01
2.812812812812812702e-01	1.642934653308312232e+00	-1.088181798924193977e+00
2.822822822822823041e-01	1.030737981852823282e+00	-5.024197931067725387e-01
2.832832832832832826e-01	1.722377343810078676e+00	-1.221016251222472260e+00
2.842842842842842610e-01	1.255382714537955025e+00	-7.814744919475113960e-01
2.852852852852852950e-01	1.312789431028032805e+00	-8.668027053429565587e-01
2.862862862862862734e-01	7.096859554100700684e-01	-2.920617432036031746e-01
2.872872872872873073e-01	1.400324971159419229e+00	-1.011476242568031925e+00
2.882882882882882858e-01	1.172884603444465768e+00	-8.131958737999289699e-01
2.892892892892892642e-01	1.327424064615659205e+00	-9.972510142148216516e-01
2.902902902902902982e-01	6.286819520925835958e-01	-3.283510744808325055e-01
2.912912912912912766e-01	6.106101262658848450e-01	-3.404184053821023292e-01
2.922922922922923106e-01	1.472240082153343455e+00	-1.232454698655607306e+00
2.932932932932932890e-01	3.003610677419581987e-01	-9.121913480439097777e-02
2.942942942942942675e-01	5.387050650507829719e-01	-3.604133938928056891e-01
2.952952952952953014e-01	8.952845142722858363e-01	-7.480194096521453062e-01
2.962962962962962798e-01	5.008126261655180267e-01	-3.847197120402869874e-01
2.972972972972973138e-01	5.886842343382918674e-01	-5.038783098627821477e-01
2.982982982982982922e-01	1.964453852615263285e-01	-1.430103112684686095e-01
2.992992992992992707e-01	3.871475491126143975e-01	-3.651361651863850311e-01
3.003003003003003046e-01	-2.343038717378147784e-01	2.248697995119177673e-01
3.013013013013012831e-01	6.777849515471568997e-01	-7.186551509878672528e-01
3.023023023023023170e-01	2.723724834469396991e-02	-9.950316026528174818e-02
3.033033033033032955e-01	-2.187379131716584990e-01	1.151477493394199164e-01
3.043043043043043294e-01	1.506888773069961496e-01	-2.855008573135798811e-01
3.053053053053053079e-01	-2.880418186770968836e-01	1.221413321083837100e-01
3.063063063063062863e-01	-6.518850657224033451e-01	4.550601242546996050e-01
3.073073073073073203e-01	-7.253770552722036413e-01	4.978222903961209145e-01
3.083083083083082987e-01	-1.248077197642998154e-01	-1.332518496645492823e-01
3.093093093093093326e-01	-4.729777084576503032e-01	1.846685181854276214e-01
3.103103103103103111e-01	-5.331121973913415246e-01	2.148384824990335895e-01
3.113113113113112895e-01	-1.910207162946879478e-01	-1.569027963995956176e-01
3.123123123123123235e-01	-9.897475274654582433e-01	6.125182631626884255e-01
3.133133133133133019e-01	-9.294225181639619304e-01	5.232605276094910440e-01
3.143143143143143359e-01	-8.860629968089616115e-01	4.513699156545655788e-01
3.153153153153153143e-01	-7.878715334286091609e-01	3.250772104613111058e-01
3.163163163163162928e-01	-8.924036272101834033e-01	4.019656992937635787e-01
3.173173173173173267e-01	-1.044451915358170613e+00	5.268553548962926492e-01
3.183183183183183051e-01	-1.025899635656034148e+00	4.816562710244554069e-01
3.193193193193193391e-01	-1.099492669087171581e+00	5.291406785092701570e-01
3.203203203203203175e-01	-1.366197940229249896e+00	7.703013195953519743e-01
3.213213213213212960e-01	-1.457227574092092581e+00	8.363755792488499763e-01
3.223223223223223299e-01	-1.156450094161549869e+00	5.112566582228572631e-01
3.233233233233233084e-01	-1.595629315270862270e+00	9.267324415265233428e-01
3.243243243243243423e-01	-1.742393376455289689e+00	1.050454507477743826e+00
3.253253253253253208e-01	-1.511866932467466729e+00	7.975702960404458253e-01
3.263263263263262992e-01	-1.518740435078456796e+00	7.827923675943545545e-01
3.273273273273273332e-01	-7.638540731353041791e-01	6.982321130312163504e-03
3.283283283283283116e-01	-1.784556004619684888e+00	1.007509005137397162e+00
3.293293293293293456e-01	-1.287319152354221563e+00	4.908652928492919232e-01
3.303303303303303240e-01	-1.390785970901212476e+00	5.757128294149506109e-01
3.313313313313313024e-01	-2.068986610331487341e+00	1.236100176690714925e+00
3.323323323323323364e-01	-1.455792241035028578e+00	6.059161198443422380e-01
3.333333333333333148e-01	-2.146036454364841806e+00	1.280011050580403875e+00
3.343343343343343488e-01	-2.678572680237531145e+00	1.797254368127723989e+00
3.353353353353353272e-01	-1.637299756813942686e+00	7.415600331286877900e-01
3.363363363363363057e-01	-2.459321306816588670e+00	1.550045929002700440e+00
3.373373373373373396e-01	-1.758890709888001558e+00	8.369788202027766966e-01
3.383383383383383181e-01	-2.161731202938256491e+00	1.228094439327410470e+00
3.393393393393393520e-01	-1.410710194540564011e+00	4.662717891597351061e-01
3.403403403403403304e-01	-1.627215498140312189e+00	6.729093644115637929e-01
3.413413413413413644e-01	-2.153469787800213364e+00	1.190239596906300656e+00
3.423423423423423428e-01	-2.254264065987497290e+00	1.283062313717121317e+00
3.433433433433433213e-01	-2.452058892334494367e+00	1.473845957201286083e+00
3.443443443443443552e-01	-2.217149024578580541e+00	1.232892218145211993e+00
3.453453453453453337e-01	-2.178492774053932823e+00	1.189165384400439285e+00
3.463463463463463676e-01	-2.218286399596447467e+00	1.224866728878636790e+00
3.473473473473473461e-01	-2.059168800188799331e+00	1.062639197238462563e+00
3.483483483483483245e-01	-1.924239917657882382e+00	9.255858065814259739e-01
3.493493493493493585e-01	-2.001092715968607827e+00	1.001301621704681732e+00
3.503503503503503369e-01	-2.374873526471127594e+00	1.374934098270833793e+00
3.513513513513513709e-01	-2.605072123976141185e+00	1.605973157771459547e+00
3.523523523523523493e-01	-1.688421330845421009e+00	6.911507914725882884e-01
3.533533533533533277e-01	-2.363314930071961584e+00	1.368858974316683907e+00
3.543543543543543617e-01	-2.354734698700128970e+00	1.364076700130697262e+00
3.553553553553553401e-01	-2.311809126262559300e+00	1.325928702815163174e+00
3.563563563563563741e-01	-2.742143248670681377e+00	1.762015293948504979e+00
3.573573573573573525e-01	-2.288928787411165011e+00	1.315522506655162349e+00
3.583583583583583310e-01	-2.275387378708602970e+00	1.309665330393247729e+00
3.593593593593593649e-01	-1.886979591980760818e+00	9.298967359824900081e-01
3.603603603603603434e-01	-1.845773795828833164e+00	8.982765491084029330e-01
3.613613613613613773e-01	-2.049974971279381997e+00	1.113000272011944070e+00
3.623623623623623557e-01	-1.723501581772248770e+00	7.979759628505704860e-01
3.633633633633633342e-01	-1.892936229542459881e+00	9.797749023694762860e-01
3.643643643643643681e-01	-1.993544029602581480e+00	1.093649979079263090e+00
3.653653653653653466e-01	-1.913962289201682765e+00	1.028225380805152467e+00
3.663663663663663805e-01	-2.001505944618076960e+00	1.130802044452949406e+00
3.673673673673673590e-01	-2.038513587105267977e+00	1.183703695798341116e+00
3.683683683683683929e-01	-1.962019315627236971e+00	1.123948716922010815e+00
3.693693693693693714e-01	-2.215124764725413531e+00	1.394622189618325514e+00
3.703703703703703498e-01	-1.714939762299359405e+00	9.128165695443152261e-01
3.713713713713713838e-01	-2.100305870964318977e+00	1.317355244755855637e+00
3.723723723723723622e-01	-1.455899112579748689e+00	6.928952782082213879e-01
3.733733733733733962e-01	-1.778711153905666364e+00	1.036408612160057086e+00
3.743743743743743746e-01	-1.640292741456670811e+00	9.194255225320848712e-01
3.753753753753753530e-01	-1.446238002587752813e+00	7.475189402353846768e-01
3.763763763763763870e-01	-1.344410367403871653e+00	6.685303940411919665e-01
3.773773773773773654e-01	-2.038756721569920494e+00	1.386384185048129325e+00
3.783783783783783994e-01	-1.540574346828826435e+00	9.123543495331839503e-01
3.793793793793793778e-01	-1.127961890498713649e+00	5.245156514352874444e-01
3.803803803803803563e-01	-1.930951557384810613e+00	1.352875797884438569e+00
3.813813813813813902e-01	-1.184219871302506277e+00	6.320862249494365592e-01
3.823823823823823687e-01	-2.008219544505665421e+00	1.482573991874343911e+00
3.833833833833834026e-01	-1.550435481881103472e+00	1.051797810640111352e+00
3.843843843843843811e-01	-1.148328247076726427e+00	6.771915379937082369e-01
3.853853853853853595e-01	-1.659320614759244972e+00	1.216150754115117083e+00
3.863863863863863934e-01	-1.384899236483725593e+00	9.701344553783186608e-01
3.873873873873873719e-01	-1.496061557623894922e+00	1.110111998628565022e+00
3.883883883883884058e-01	-4.047508564815694987e-01	4.799816806733836483e-02
3.893893893893893843e-01	-8.324092516307208811e-01	5.052062107729484719e-01
3.903903903903903627e-01	-6.372201881904874243e-01	3.398903515233145378e-01
3.913913913913913967e-01	-8.356529833856859435e-01	5.684903672511643080e-01
3.923923923923923751e-01	-8.160816786747941975e-01	5.793504683831126600e-01
3.933933933933934091e-01	-1.173985912764121453e+00	9.679202013524290660e-01
3.943943943943943875e-01	-6.709744193914138899e-01	4.957779761395436635e-01
3.953953953953953659e-01	-7.654741151520784159e-01	6.213201840841191537e-01
3.963963963963963999e-01	-1.605395311721042884e-01	4.757065974303070766e-02
3.973973973973973783e-01	-1.218927716495912805e-03	-8.045317414671120104e-02
3.983983983983984123e-01	1.779248954564231211e-01	-2.282194658197895243e-01
3.993993993993993907e-01	4.452214610362686953e-02	-6.338945088809390394e-02
4.004004004004003692e-01	-3.716321217319579207e-01	3.842107395706975126e-01
4.014014014014014031e-01	-4.828194668404972023e-01	5.268315688628777416e-01
4.024024024024023816e-01	2.120471387011969855e-01	-1.366450741187962836e-01
4.034034034034034155e-01	1.452029298908700250e-01	-3.848546451951176395e-02
4.044044044044043940e-01	-4.985857757211012431e-01	6.365131136937545175e-01
4.054054054054054279e-01	2.744797629764390567e-01	-1.054789426545900966e-01
4.064064064064064064e-01	4.929018512785903194e-01	-2.929946660537855463e-01
4.074074074074073848e-01	3.187499831116291649e-01	-8.813411236919030389e-02
4.084084084084084187e-01	3.068750096962899465e-01	-4.577849928420102410e-02
4.094094094094093972e-01	1.633896602696467415e-01	1.279293030058996639e-01
4.104104104104104311e-01	1.827743284861642337e-02	3.029759108355267738e-01
4.114114114114114096e-01	8.286121350571489241e-01	-4.777420842058187067e-01
4.124124124124123880e-01	5.313212791513457489e-01	-1.511814810277506971e-01
4.134134134134134220e-01	6.114403280240588989e-01	-2.024066860833127479e-01
4.144144144144144004e-01	1.326677318156972651e+00	-8.891543077000694240e-01
4.154154154154154344e-01	1.043388687421993533e+00	-5.778089556280356920e-01
4.164164164164164128e-01	1.002931823183070170e+00	-5.097557612835963425e-01
4.174174174174173912e-01	9.891789523387010119e-01	-4.688942403571224604e-01
4.184184184184184252e-01	1.513706594167153474e+00	-9.668277186735262374e-01
4.194194194194194036e-01	1.645074246823885700e+00	-1.072141992181867121e+00
4.204204204204204376e-01	1.448485723548821325e+00	-8.500666371578942115e-01
4.214214214214214160e-01	1.388746432352941484e+00	-7.654322644147256716e-01
4.224224224224223945e-01	5.495305325048240874e-01	9.806234913256928198e-02
4.234234234234234284e-01	1.327389093909032702e+00	-6.561578745681304614e-01
4.244244244244244069e-01	1.291989383658052049e+00	-5.977835775173296895e-01
4.254254254254254408e-01	1.419186881940951439e+00	-7.026929584581682597e-01
4.264264264264264193e-01	1.756156089717974655e+00	-1.018082558085636746e+00
4.274274274274273977e-01	5.784339421748588839e-01	1.804893492932291288e-01
4.284284284284284317e-01	1.335331843466253110e+00	-5.563092578827626422e-01
4.294294294294294101e-01	1.664608968181675808e+00	-8.662574295072703601e-01
4.304304304304304440e-01	1.462460101857030015e+00	-6.455690646641248920e-01
4.314314314314314225e-01	1.182895519312849419e+00	-3.482727710650321828e-01
4.324324324324324564e-01	1.978528473895255768e+00	-1.126999336161944587e+00
4.334334334334334349e-01	1.824292951059397705e+00	-9.566994633917962343e-01
4.344344344344344133e-01	1.450033241521771155e+00	-5.672333287971521587e-01
4.354354354354354473e-01	1.915373472310056613e+00	-1.018240096367742931e+00
4.364364364364364257e-01	2.115744943975245373e+00	-1.205165240383210046e+00
4.374374374374374597e-01	1.880215073047829089e+00	-9.570894738535169477e-01
4.384384384384384381e-01	2.175912011772604515e+00	-1.241153355105453659e+00
4.394394394394394165e-01	1.959764723441040912e+00	-1.014297350847177981e+00
4.404404404404404505e-01	1.825827562991640285e+00	-8.705864053933533020e-01
4.414414414414414289e-01	1.592484011721698067e+00	-6.284136649055477308e-01
4.424424424424424629e-01	1.966939695555738554e+00	-9.949934861035046874e-01
4.434434434434434413e-01	2.074141500001114746e+00	-1.095280542587253381e+00
4.444444444444444198e-01	2.313340503107236934e+00	-1.328532750095029247e+00
4.454454454454454537e-01	1.999573795896849360e+00	-1.009793080173065905e+00
4.464464464464464322e-01	2.201739086899948905e+00	-1.207964158894524909e+00
4.474474474474474661e-01	1.750837207285121266e+00	-7.540507671280869406e-01
4.484484484484484446e-01	1.817218507687415663e+00	-8.184062334601465150e-01
4.494494494494494230e-01	2.046563249173769528e+00	-1.046712822215469130e+00
4.504504504504504570e-01	1.737444135824210978e+00	-7.375442640574620956e-01
4.514514514514514354e-01	2.357642653424282919e+00	-1.358682093665455337e+00
4.524524524524524693e-01	2.255184624109109137e+00	-1.258151204330419048e+00
4.534534534534534478e-01	2.198049721693750680e+00	-1.203929364203811136e+00
4.544544544544544262e-01	2.215874638142679043e+00	-1.225650384651480351e+00
4.554554554554554602e-01	2.775055019860412031e+00	-1.789706059392795368e+00
4.564564564564564386e-01	1.953850222871879927e+00	-9.743509234907633543e-01
4.574574574574574726e-01	1.363101581084735558e+00	-3.904205263815754279e-01
4.584584584584584510e-01	2.141721769084857119e+00	-1.176820800390117938e+00
4.594594594594594295e-01	2.050792345006611228e+00	-1.094625610267359939e+00
4.604604604604604634e-01	1.879292385676043065e+00	-9.328053959411907181e-01
4.614614614614614418e-01	1.703608771466798233e+00	-7.677374659129857504e-01
4.624624624624624758e-01	1.860577394495974257e+00	-9.362472149186655823e-01
4.634634634634634542e-01	2.041488856681265673e+00	-1.129613832366231696e+00
4.644644644644644327e-01	1.791554087317810184e+00	-8.930359311979420012e-01
4.654654654654654666e-01	2.737180898834429943e+00	-1.852908115825652180e+00
4.664664664664664451e-01	1.602530651757229085e+00	-7.333776601552294272e-01
4.674674674674674790e-01	1.626217805828145790e+00	-7.730440726347532765e-01
4.684684684684684575e-01	1.093918776176956431e+00	-2.575679672111796936e-01
4.694694694694694914e-01	1.894343217861120587e+00	-1.075642363495292075e+00
4.704704704704704699e-01	1.106847917001222648e+00	-3.066065943471902866e-01
4.714714714714714483e-01	1.552531551899735573e+00	-7.715410842538168446e-01
4.724724724724724823e-01	1.604564988081846000e+00	-8.435976624201784180e-01
4.734734734734734607e-01	1.422904659038894737e+00	-6.827129623369502243e-01
4.744744744744744946e-01	2.194742261798811267e+00	-1.476058136930273434e+00
4.754754754754754731e-01	1.915993646574837950e+00	-1.219527768525615397e+00
4.764764764764764515e-01	1.980812483318892925e+00	-1.307253556432026453e+00
4.774774774774774855e-01	1.205823440937898061e+00	-5.558375178842510644e-01
4.784784784784784639e-01	1.823325483929502999e+00	-1.197555307077695641e+00
4.794794794794794979e-01	1.567433124347911599e+00	-9.664974901847888100e-01
4.804804804804804763e-01	1.602828758073746140e+00	-1.027321905303855143e+00
4.814814814814814548e-01	1.642494973742061770e+00	-1.092985995671254873e+00
4.824824824824824887e-01	9.579144071640424141e-01	-4.349466889482391796e-01
4.834834834834834671e-01	1.060560940885902248e+00	-5.646516222015123265e-01
4.844844844844845011e-01	1.432226292773005172e+00	-9.638657564403443345e-01
4.854854854854854795e-01	2.103625936804791041e-01	2.299860192541402504e-01
4.864864864864864580e-01	1.533703873742530810e+00	-1.121802625498536710e+00
4.874874874874874919e-01	1.163726464874080158e+00	-7.806798922709112798e-01
4.884884884884884704e-01	9.064661213332997347e-01	-5.526530022069600090e-01
4.894894894894895043e-01	9.365803698861900894e-01	-6.123505744018185037e-01
4.904904904904904828e-01	4.499612927563317322e-01	-1.556354374370494953e-01
4.914914914914914612e-01	6.139142376394113310e-01	-3.497833683228031010e-01
4.924924924924924952e-01	1.035713700554831806e+00	-8.020390045905794185e-01
4.934934934934934736e-01	1.052158207502227105e+00	-8.491707554754643894e-01
4.944944944944945076e-01	1.457937535446986566e+00	-1.285838052682818144e+00
4.954954954954954860e-01	4.907792291995249911e-01	-3.497378972746047476e-01
4.964964964964965199e-01	2.329329312685874120e-01	-1.230892197260867321e-01
4.974974974974974984e-01	2.137801633260908718e-01	-1.352426917604208634e-01
4.984984984984984768e-01	-1.908404978364719104e-02	6.623761913595475892e-02
4.994994994994995108e-01	2.161914455852801953e-01	-2.004684065282393290e-01
5.005005005005005447e-01	2.986188519196083524e-01	-3.143418909766497737e-01
5.015015015015015232e-01	8.932264217437922704e-02	-1.364762115266855702e-01
5.025025025025025016e-01	4.025198141535022422e-01	-4.810572857191710572e-01
5.035035035035034801e-01	-1.072558334191079793e-01	-2.587878123391479379e-03
5.045045045045044585e-01	-2.146831218222947091e-01	7.364178989737743541e-02
5.055055055055055480e-01	-3.637613442261042329e-01	1.916618614619352290e-01
5.065065065065065264e-01	-7.868755411888799234e-01	5.838880891621183178e-01
5.075075075075075048e-01	-8.344799421738894329e-01	6.008052462096382662e-01
5.085085085085084833e-01	-7.757287615876726772e-01	5.115978922710673338e-01
5.095095095095094617e-01	-2.388019474941252898e-02	-2.704456605698685179e-01
5.105105105105105512e-01	-2.076889236067889222e-01	-1.165408718775832742e-01
5.115115115115115296e-01	-1.150778262932491691e-01	-2.387352928330893354e-01
5.125125125125125081e-01	-1.076854218528401352e+00	6.938076459252352501e-01
5.135135135135134865e-01	-1.357386161205723418e+00	9.454849129617336478e-01
5.145145145145144649e-01	-9.934480249835929699e-01	5.530994120489747257e-01
5.155155155155155544e-01	-7.754902998024016947e-01	3.071297634697404133e-01
5.165165165165165329e-01	-7.268534148437417741e-01	2.309440961593528518e-01
5.175175175175175113e-01	-6.066365596226223067e-01	8.366884140682173676e-02
5.185185185185184897e-01	-9.211341442882833297e-01	3.716251662174774317e-01
5.195195195195194682e-01	-5.038174470147219752e-01	-7.168940575516669078e-02
5.205205205205205576e-01	-1.207732329510456282e+00	6.067966953473330483e-01
5.215215215215215361e-01	-1.491807339480314187e+00	8.660371626285091606e-01
5.225225225225225145e-01	-1.803999175927015308e+00	1.154013252873370643e+00
5.235235235235234930e-01	-1.596544118927842426e+00	9.229851920409769539e-01
5.245245245245244714e-01	-1.275621657879140614e+00	5.791557798299203919e-01
5.255255255255255609e-01	-1.703666140449335176e+00	9.849820155807968991e-01
5.265265265265265393e-01	-1.149008632524891604e+00	4.088169358229490902e-01
5.275275275275275177e-01	-1.039523506765218208e+00	2.785561811035502933e-01
5.285285285285284962e-01	-2.338543284156234581e+00	1.557552816510317850e+00
5.295295295295294746e-01	-1.315341281601633217e+00	5.150999589476026319e-01
5.305305305305305641e-01	-2.386267446578917095e+00	1.567566592213089249e+00
5.315315315315315425e-01	-1.551275146647957071e+00	7.149243376821819984e-01
5.325325325325325210e-01	-1.309326921543211064e+00	4.561531883498182172e-01
5.335335335335334994e-01	-1.724279028328988828e+00	8.551260367269907237e-01
5.345345345345344779e-01	-2.213853068816923120e+00	1.329580285808146689e+00
5.355355355355355673e-01	-2.026627952748921935e+00	1.128109796629054973e+00
5.365365365365365458e-01	-1.960078177217434270e+00	1.048203152902400070e+00
5.375375375375375242e-01	-1.960614381464329758e+00	1.036284201887021528e+00
5.385385385385385026e-01	-1.989662174904983871e+00	1.053790869351172610e+00
5.395395395395394811e-01	-1.984420752672543919e+00	1.037933762937692572e+00
5.405405405405405705e-01	-1.903607774498279559e+00	9.474410397590290467e-01
5.415415415415415490e-01	-2.401992985060750208e+00	1.437092016366011027e+00
5.425425425425425274e-01	-2.111068567027598153e+00	1.138387512324438244e+00
5.435435435435435059e-01	-1.546851861880000900e+00	5.673525624988848826e-01
5.445445445445444843e-01	-2.199199413464769215e+00	1.213850452997153440e+00
5.455455455455455738e-01	-2.235224869847709517e+00	1.245000616356510825e+00
5.465465465465465522e-01	-1.740134696498119249e+00	7.460143390081799275e-01
5.475475475475475307e-01	-2.951652674770442353e+00	1.954619254991752264e+00
5.485485485485485091e-01	-1.722283936976751306e+00	7.233233772179240573e-01
5.495495495495495986e-01	-2.329746597959577503e+00	1.329846726192828621e+00
5.505505505505505770e-01	-2.068999337328125243e+00	1.069148910369824845e+00
5.515515515515515554e-01	-2.097914661326536034e+00	1.099102387099266886e+00
5.525525525525525339e-01	-1.822677623230062327e+00	8.258911830730278902e-01
5.535535535535535123e-01	-2.211279864165401676e+00	1.217504936159977014e+00
5.545545545545546018e-01	-2.349481109201332352e+00	1.359700393477549341e+00
5.555555555555555802e-01	-1.680041292490763505e+00	6.952335394785555955e-01
5.565565565565565587e-01	-2.888697587894870633e+00	1.909836630481009045e+00
5.575575575575575371e-01	-2.099747382011933006e+00	1.127801172559698806e+00
5.585585585585585155e-01	-2.544183379002044276e+00	1.580113032185892497e+00
5.595595595595596050e-01	-2.335679677795574616e+00	1.380438520197288188e+00
5.605605605605605835e-01	-1.397550848196696727e+00	4.520834756028334622e-01
5.615615615615615619e-01	-2.055669867290162323e+00	1.120911210623011023e+00
5.625625625625625403e-01	-1.955837618402869404e+00	1.032712019208556153e+00
5.635635635635635188e-01	-2.591006516887214506e+00	1.680426813295178734e+00
5.645645645645646082e-01	-2.223687138190380441e+00	1.326553762248066981e+00
5.655655655655655867e-01	-1.893835990014213655e+00	1.011036077289594104e+00
5.665665665665665651e-01	-1.808249131042696467e+00	9.406556433750944413e-01
5.675675675675675436e-01	-1.689441469755331493e+00	8.379123320220186466e-01
5.685685685685685220e-01	-1.864667757345083166e+00	1.030045009097265263e+00
5.695695695695696115e-01	-1.657636409940000943e+00	8.407453727470961535e-01
5.705705705705705899e-01	-1.643548500060174389e+00	8.451969613857682750e-01
5.715715715715715683e-01	-2.370151905517897006e+00	1.591129319934404762e+00
5.725725725725725468e-01	-1.707334072940044800e+00	9.484107814719560103e-01
5.735735735735735252e-01	-1.428753723061326086e+00	6.906801914289861788e-01
5.745745745745746147e-01	-1.441078647897672926e+00	7.245847244148901911e-01
5.755755755755755931e-01	-1.714017626205148304e+00	1.019811820064425056e+00
5.765765765765765716e-01	-1.818377825142799997e+00	1.147146605801895536e+00
5.775775775775775500e-01	-1.883353727600483252e+00	1.235760845963088883e+00
5.785785785785785285e-01	-1.510337621831507882e+00	8.870234538932897372e-01
5.795795795795796179e-01	-1.038186550580066703e+00	4.397674641891400338e-01
5.805805805805805964e-01	-2.015923958858322873e+00	1.442991704216301851e+00
5.815815815815815748e-01	-1.532235197714005626e+00	9.853563222203788330e-01
5.825825825825825532e-01	-1.641794549307573181e+00	1.121509837325993519e+00
5.835835835835835317e-01	-9.457405034649080111e-01	4.525644415654316299e-01
5.845845845845846211e-01	-1.330340595273645343e+00	8.647608634796879468e-01
5.855855855855855996e-01	-1.256241835147948960e+00	8.187188246910430678e-01
5.865865865865865780e-01	-1.115949690625625434e+00	7.069160486848797831e-01
5.875875875875875565e-01	-8.385263332309899065e-01	4.583865351073920791e-01
5.885885885885885349e-01	-1.049299928809197313e+00	6.984298779578642646e-01
5.895895895895896244e-01	-1.871447667811305005e+00	1.550194324127160517e+00
5.905905905905906028e-01	-6.276410792772274538e-01	3.363221160016815481e-01
5.915915915915915813e-01	-5.997871737943225590e-01	3.386906633822341917e-01
5.925925925925925597e-01	-7.572892626365752555e-01	5.266733918941335357e-01
5.935935935935935381e-01	-9.828934593535556541e-01	7.829862741287479944e-01
5.945945945945946276e-01	-4.472719696909229770e-01	2.782711493690728233e-01
5.955955955955956060e-01	-3.742609318247312467e-01	2.363335938520785828e-01
5.965965965965965845e-01	-5.836165591838924360e-01	4.768990938125329260e-01
5.975975975975975629e-01	-4.361225896985645445e-01	3.607205251161608728e-01
5.985985985985985414e-01	-6.121710053163645915e-01	5.681589032939793338e-01
5.995995995995996308e-01	-3.021491655171315016e-01	2.895705476783924648e-01
6.006006006006006093e-01	-6.923899561412935055e-01	7.112572609257611367e-01
6.016016016016015877e-01	2.609015836076120781e-02	2.420441200260396719e-02
6.026026026026025662e-01	-3.552515524987812645e-01	4.369236543619853808e-01
6.036036036036035446e-01	1.014631953200150899e-01	1.150567610905374460e-02
6.046046046046046341e-01	-3.836106138212817540e-01	5.277645448892416269e-01
6.056056056056056125e-01	-4.378125429016089393e-02	2.189776975420299199e-01
6.066066066066065909e-01	1.819284570109573340e-01	2.413725440073380413e-02
6.076076076076075694e-01	-2.648436160162677133e-01	5.015748263079445879e-01
6.086086086086086588e-01	3.820664484539783023e-01	-1.149038323194578881e-01
6.096096096096096373e-01	2.848227106360612937e-01	1.250712603111209242e-02
6.106106106106106157e-01	-1.045380939943499343e-01	4.317411348521212333e-01
6.116116116116115942e-01	9.946184671691550572e-02	2.572908416973144763e-01
6.126126126126125726e-01	7.913258630897995749e-01	-4.053763040944740048e-01
6.136136136136136621e-01	9.545525265320236041e-01	-5.397877454266146735e-01
6.146146146146146405e-01	6.898190759861083654e-01	-2.466492153419816424e-01
6.156156156156156189e-01	9.269914087014251569e-01	-4.558546996184080213e-01
6.166166166166165974e-01	9.268957991207658065e-01	-4.282581278797763513e-01
6.176176176176175758e-01	1.023302194568440182e+00	-4.976566419371197814e-01
6.186186186186186653e-01	1.405904329641705530e+00	-8.537706832886338137e-01
6.196196196196196437e-01	5.369398632524161608e-01	4.113589624795477295e-02
6.206206206206206222e-01	1.313084742389865500e+00	-7.096385033264402953e-01
6.216216216216216006e-01	1.020479706616598259e+00	-3.922597093209581054e-01
6.226226226226225791e-01	1.126554954079452830e+00	-4.741824175576624389e-01
6.236236236236236685e-01	1.156368382695000419e+00	-4.804884093323203986e-01
6.246246246246246470e-01	1.183324956374695036e+00	-4.846058940223277878e-01
6.256256256256256254e-01	9.549689335164899262e-01	-2.341017145919059850e-01
6.266266266266266038e-01	1.466898834082734693e+00	-7.245962923371275233e-01
6.276276276276275823e-01	2.014459472985310029e+00	-1.251455638613783616e+00
6.286286286286286717e-01	1.491227929397206164e+00	-7.082773031887424908e-01
6.296296296296296502e-01	1.559528731920914124e+00	-7.574055391658707226e-01
6.306306306306306286e-01	1.376599980234940235e+00	-5.560974051278539942e-01
6.316316316316316071e-01	1.605622391608296118e+00	-7.675517929030696296e-01
6.326326326326325855e-01	1.846077662810842401e+00	-9.912677715039173165e-01
6.336336336336336750e-01	1.607232529885652461e+00	-7.365286297205246857e-01
6.346346346346346534e-01	1.616002570992132625e+00	-7.302656625956037706e-01
6.356356356356356319e-01	1.941382618989180742e+00	-1.041488568465863684e+00
6.366366366366366103e-01	1.541260950647428407e+00	-6.280996234744453677e-01
6.376376376376375887e-01	1.956203013748499586e+00	-1.030677394826822413e+00
6.386386386386386782e-01	2.172170397588212509e+00	-1.235195698320774582e+00
6.396396396396396566e-01	2.383280420290118329e+00	-1.435783173569689097e+00
6.406406406406406351e-01	1.929852413353359442e+00	-9.727695573550885211e-01
6.416416416416416135e-01	2.437866155395356671e+00	-1.472144107080002318e+00
6.426426426426425920e-01	2.352948082808821617e+00	-1.379541802052819399e+00
6.436436436436436814e-01	1.695618270341760381e+00	-7.154903156195838720e-01
6.446446446446446599e-01	1.641607611693890467e+00	-6.557271882464950075e-01
6.456456456456456383e-01	1.953802351352540212e+00	-9.631443527831085039e-01
6.466466466466466168e-01	2.412104927466714788e+00	-1.417648971711437333e+00
6.476476476476475952e-01	2.062266637357774268e+00	-1.064996097984941770e+00
6.486486486486486847e-01	1.896967419364024243e+00	-8.978684531593428275e-01
6.496496496496496631e-01	2.620619463677714034e+00	-1.620680035477420233e+00
6.506506506506506415e-01	2.216149827041840048e+00	-1.216358732777913954e+00
6.516516516516516200e-01	1.351833001391335554e+00	-3.531788903148790348e-01
6.526526526526525984e-01	2.215429936660823440e+00	-1.218900333710486450e+00
6.536536536536536879e-01	2.283887723260670022e+00	-1.290468052542859123e+00
6.546546546546546663e-01	2.185276785441958136e+00	-1.195949395788464820e+00
6.556556556556556448e-01	2.258818118979612599e+00	-1.274561312546243830e+00
6.566566566566566232e-01	2.082134710643539055e+00	-1.103921775510330106e+00
6.576576576576576016e-01	1.654445145993352462e+00	-6.832433937229752674e-01
6.586586586586586911e-01	1.955106251049071986e+00	-9.918760601551598333e-01
6.596596596596596696e-01	1.750940690926518162e+00	-7.966345571977694329e-01
6.606606606606606480e-01	1.734632192836411457e+00	-7.901937874555822194e-01
6.616616616616616264e-01	1.607408453867568143e+00	-6.737716902567210120e-01
6.626626626626626049e-01	2.153332418388591130e+00	-1.231420528703364381e+00
6.636636636636636943e-01	2.012702667094653730e+00	-1.103427289280765944e+00
6.646646646646646728e-01	1.802699979194615665e+00	-9.069602555093602136e-01
6.656656656656656512e-01	1.709211023940903740e+00	-8.278927118310959177e-01
6.666666666666666297e-01	1.882463045977361027e+00	-1.016437642192920876e+00
6.676676676676676081e-01	2.216473620498283115e+00	-1.366597499307596220e+00
6.686686686686686976e-01	1.167547185628611039e+00	-3.346607519878380677e-01
6.696696696696696760e-01	1.924512745466878227e+00	-1.109439603980615807e+00
6.706706706706706544e-01	1.585749400272648213e+00	-7.892955407677179069e-01
6.716716716716716329e-01	1.097376387464095826e+00	-3.203293879818051026e-01
6.726726726726726113e-01	1.031665930434772172e+00	-2.747941784297793788e-01
6.736736736736737008e-01	1.330432627765083975e+00	-5.944845602809808449e-01
6.746746746746746792e-01	1.656137503859913762e+00	-9.418408674328920815e-01
6.756756756756756577e-01	1.670796332326004219e+00	-9.788574633484561360e-01
6.766766766766766361e-01	1.193881308494558091e+00	-5.249844347502181652e-01
6.776776776776777256e-01	1.794023998022135080e+00	-1.148830562083442697e+00
6.786786786786787040e-01	1.883806179402445435e+00	-1.262954184559201831e+00
6.796796796796796825e-01	1.497927699914028965e+00	-9.020310792801300437e-01
6.806806806806806609e-01	1.118624520375556264e+00	-5.482725297976523970e-01
6.816816816816816393e-01	1.636105718208919590e+00	-1.091862353577339739e+00
6.826826826826827288e-01	1.470305497566036124e+00	-9.527089371041586041e-01
6.836836836836837072e-01	1.458044606738270632e+00	-9.676066788218498083e-01
6.846846846846846857e-01	9.027252399394138926e-01	-4.399309169721131729e-01
6.856856856856856641e-01	1.220955449388702319e-01	3.125975362155253290e-01
6.866866866866866426e-01	1.706539214080939892e+00	-1.300377223526466119e+00
6.876876876876877320e-01	4.136732407287203594e-01	-3.644397642595104125e-02
6.886886886886887105e-01	8.714867188181777413e-01	-5.235632061238930657e-01
6.896896896896896889e-01	1.617283961674750747e+00	-1.299010246782439815e+00
6.906906906906906674e-01	8.858355620453564061e-01	-5.975263717731342794e-01
6.916916916916916458e-01	1.031179464448548133e+00	-7.731198950196961350e-01
6.926926926926927353e-01	1.515779015990207645e-01	7.597686327706140719e-02
6.936936936936937137e-01	-1.570233320773245511e-03	1.983951747884799277e-01
6.946946946946946921e-01	3.399797906369139144e-01	-1.740793040682012960e-01
6.956956956956956706e-01	8.159319534880998814e-01	-6.811199734815148732e-01
6.966966966966966490e-01	2.846086622373279473e-01	-1.810184984050863810e-01
6.976976976976977385e-01	7.636730699112662113e-02	-4.101395070539387566e-03
6.986986986986987169e-01	3.414930326685738371e-01	-3.006228332278605420e-01
6.996996996996996954e-01	5.696356810924260161e-01	-5.602016088665295879e-01
7.007007007007006738e-01	-3.351384926913571483e-01	3.131271087651307794e-01
7.017017017017016522e-01	-3.256474588891625777e-01	2.722123848961078840e-01
7.027027027027027417e-01	-2.608449439656212454e-01	1.760390194901127192e-01
7.037037037037037202e-01	2.906156674925625127e-01	-4.067085816177941071e-01
7.047047047047046986e-01	-5.924580137758217457e-02	-8.801930324255885507e-02
7.057057057057056770e-01	5.095183890461374432e-01	-6.878100602041117284e-01
7.067067067067066555e-01	4.941247157595912709e-02	-2.585544045135234059e-01
7.077077077077077449e-01	-3.392042897984778871e-01	9.941890630074298740e-02
7.087087087087087234e-01	2.441721878267578624e-02	-2.946089396664587912e-01
7.097097097097097018e-01	-3.836784550492497448e-01	8.334757743749982017e-02
7.107107107107106803e-01	-7.410567595516687200e-01	4.108837091508339423e-01
7.117117117117116587e-01	-3.557318696134037506e-01	-3.956860031128606181e-03
7.127127127127127482e-01	-8.682217094888928788e-01	4.793729808975035200e-01
7.137137137137137266e-01	-7.987611710169374435e-01	3.811369588104700501e-01
7.147147147147147050e-01	-3.331982341286002236e-01	-1.127884915564748569e-01
7.157157157157156835e-01	-8.664365874236810150e-01	3.925283648332400510e-01
7.167167167167166619e-01	-1.165095356573955465e+00	6.637342639863530458e-01
7.177177177177177514e-01	-1.109201737461549708e+00	5.808835487154969668e-01
7.187187187187187298e-01	-6.678399584359007157e-01	1.130871040517835713e-01
7.197197197197197083e-01	-1.243487999164430313e+00	6.628490497358259237e-01
7.207207207207206867e-01	-1.251787674449521992e+00	6.458367981859761686e-01
7.217217217217216652e-01	-1.348660241563569784e+00	7.179966365210133095e-01
7.227227227227227546e-01	-1.170781210957085205e+00	5.160285125173493803e-01
7.237237237237237331e-01	-1.413632663322903271e+00	7.354383275082372329e-01
7.247247247247247115e-01	-1.876519156896201412e+00	1.175553820128605320e+00
7.257257257257256899e-01	-1.689734953463749800e+00	9.666917694022428842e-01
7.267267267267266684e-01	-1.752748672742352687e+00	1.008342626853934609e+00
7.277277277277277578e-01	-1.076478729306332704e+00	3.114459318484423811e-01
7.287287287287287363e-01	-1.265542309397714504e+00	4.806392675113105861e-01
7.297297297297297147e-01	-1.382978682345122223e+00	5.789815519781830178e-01
7.307307307307306932e-01	-1.796231979569961279e+00	9.739357979711540381e-01
7.317317317317316716e-01	-1.946961106242089956e+00	1.107179005783551329e+00
7.327327327327327611e-01	-1.887307241147665238e+00	1.030869645254319344e+00
7.337337337337337395e-01	-2.113895122985249841e+00	1.241648924965764067e+00
7.347347347347347180e-01	-9.736469723936489462e-01	8.645469798504623604e-02
7.357357357357356964e-01	-2.574475811317955110e+00	1.673214765772010670e+00
7.367367367367367859e-01	-1.683649909026589508e+00	7.692113095814232526e-01
7.377377377377377643e-01	-2.325042931767811183e+00	1.398331026362526153e+00
7.387387387387387427e-01	-1.965130005571240179e+00	1.027061178675074959e+00
7.397397397397397212e-01	-2.292363953470252014e+00	1.343865819910457837e+00
7.407407407407406996e-01	-2.384306013526419132e+00	1.426316501210930454e+00
7.417417417417417891e-01	-2.396594837593531757e+00	1.430061260035490278e+00
7.427427427427427675e-01	-1.456547729514669376e+00	4.824258490759332219e-01
7.437437437437437460e-01	-2.101673677411350472e+00	1.120926760191311100e+00
7.447447447447447244e-01	-2.327965802266283024e+00	1.341563665570568498e+00
7.457457457457457028e-01	-1.904699143682648810e+00	9.136171970136294229e-01
7.467467467467467923e-01	-2.095284031564781380e+00	1.100502312082196177e+00
7.477477477477477708e-01	-1.870851943669769701e+00	8.733541470752700375e-01
7.487487487487487492e-01	-2.722766605580527521e+00	1.723539113384448207e+00
7.497497497497497276e-01	-2.022028061268928312e+00	1.022058965401181574e+00
7.507507507507507061e-01	-1.865992245827132745e+00	8.662703715567440232e-01
7.517517517517517955e-01	-2.672637907666354895e+00	1.674151835795832488e+00
7.527527527527527740e-01	-1.982471582095462814e+00	9.862086713969082652e-01
7.537537537537537524e-01	-1.567078624595289016e+00	5.740240354549214219e-01
7.547547547547547309e-01	-2.129096797907162220e+00	1.140232518143726281e+00
7.557557557557557093e-01	-1.843161232330114085e+00	8.594651061505035328e-01
7.567567567567567988e-01	-1.879295254161217565e+00	9.017400152135313096e-01
7.577577577577577772e-01	-2.323876741267299817e+00	1.353429050747502416e+00
7.587587587587587556e-01	-2.061918619686523346e+00	1.099538110449890027e+00
7.597597597597597341e-01	-2.593126576048039755e+00	1.639764903670609897e+00
7.607607607607607125e-01	-2.202995079064205441e+00	1.259594980792623220e+00
7.617617617617618020e-01	-1.950490171397041506e+00	1.017984533917333678e+00
7.627627627627627804e-01	-1.772179166513152326e+00	8.514901034602896379e-01
7.637637637637637589e-01	-1.979752203103246844e+00	1.071790143223700476e+00
7.647647647647647373e-01	-1.720411890794931065e+00	8.260746776639029676e-01
7.657657657657657158e-01	-2.294256772704823089e+00	1.414428776888392081e+00
7.667667667667668052e-01	-1.933073027485783468e+00	1.068624272025917810e+00
7.677677677677677837e-01	-1.870784987609388050e+00	1.022570287696586089e+00
7.687687687687687621e-01	-1.229370793079936020e+00	3.982289107642419390e-01
7.697697697697697405e-01	-1.873199238330815808e+00	1.059952053107081404e+00
7.707707707707707190e-01	-1.936249510521972139e+00	1.141701206609526231e+00
7.717717717717718084e-01	-1.728334228754289992e+00	9.532704998746894809e-01
7.727727727727727869e-01	-2.005980894262838543e+00	1.251168166702040008e+00
7.737737737737737653e-01	-1.592016803827271731e+00	8.582014785505431842e-01
7.747747747747747438e-01	-1.736585269806502296e+00	1.024492984375474869e+00
7.757757757757757222e-01	-2.172845929829257283e+00	1.483180840850992332e+00
7.767767767767768117e-01	-1.551415480306526318e+00	8.848595671241552552e-01
7.777777777777777901e-01	-1.593372502630913790e+00	9.505848929443743156e-01
7.787787787787787686e-01	-1.991511816890770836e+00	1.373128134974554104e+00
7.797797797797797470e-01	-1.427395757354743333e+00	8.340274955171204097e-01
7.807807807807807254e-01	-8.620266154063637165e-01	2.942605293116549170e-01
7.817817817817818149e-01	-1.129390306398193822e+00	5.877878348500045202e-01
7.827827827827827933e-01	-1.041233443998009989e+00	5.263301537571968280e-01
7.837837837837837718e-01	-1.635224053050193360e+00	1.147529109236556932e+00
7.847847847847847502e-01	-9.731938651032175924e-01	5.131895277046033543e-01
7.857857857857857287e-01	-1.022337479872219346e+00	5.904786268589206077e-01
7.867867867867868181e-01	-8.384388367972516187e-01	4.351525143132707885e-01
7.877877877877877966e-01	-8.160674696205988399e-01	4.417524696965789976e-01
7.887887887887887750e-01	-1.348577075351427457e+00	1.003603541556834511e+00
7.897897897897897534e-01	-8.572973627783514461e-01	5.420064242028485024e-01
7.907907907907907319e-01	-1.030473075078410572e+00	7.451765090043588335e-01
7.917917917917918214e-01	-7.353541990718628352e-01	4.803341226715523993e-01
7.927927927927927998e-01	-9.551577227215897192e-01	7.306663140840157222e-01
7.937937937937937782e-01	-1.667511463397679250e-01	-2.698960489713264632e-02
7.947947947947947567e-01	-8.200685966165975893e-01	6.572700844515022567e-01
7.957957957957957351e-01	-7.704171754299786734e-01	6.387218865943525836e-01
7.967967967967968246e-01	-3.850086897264065056e-01	2.845468518742381159e-01
7.977977977977978030e-01	-6.994577139225328644e-01	6.303286693277464492e-01
7.987987987987987815e-01	-4.216810332569661535e-01	3.839531405782490858e-01
7.997997997997997599e-01	-4.911539720751224025e-01	4.848645387590532763e-01
8.008008008008007383e-01	3.249946509406747563e-01	-2.998394055513017853e-01
8.018018018018018278e-01	1.885418205262114344e-01	-1.319667713424199362e-01
8.028028028028028062e-01	-2.186094518229493924e-02	1.097998535933538411e-01
8.038038038038037847e-01	-6.069162174969946338e-02	1.799074304858724882e-01
8.048048048048047631e-01	4.476977832188703821e-01	-2.973229614049354708e-01
8.058058058058058526e-01	3.329593305930339531e-01	-1.515741947203826656e-01
8.068068068068068310e-01	4.290797138823904677e-01	-2.168636276998838208e-01
8.078078078078078095e-01	3.194212307480878144e-01	-7.658404536949992014e-02
8.088088088088087879e-01	-1.638351410183269408e-01	4.370532946267920993e-01
8.098098098098097664e-01	4.170640703861788201e-01	-1.137351219115543266e-01
8.108108108108108558e-01	3.403481522558150507e-01	-7.208357513757701618e-03
8.118118118118118343e-01	7.920007038081861017e-01	-4.293794900265208159e-01
8.128128128128128127e-01	9.781315993592633040e-01	-5.863875466388657198e-01
8.138138138138137911e-01	4.938668312184778530e-01	-7.338731794926461882e-02
8.148148148148147696e-01	9.282844701847703384e-01	-4.794852899843106142e-01
8.158158158158158590e-01	1.416253139842094999e+00	-9.395780903956680863e-01
8.168168168168168375e-01	6.829988672487365964e-01	-1.789193114574108012e-01
8.178178178178178159e-01	1.525696202630178799e+00	-9.947106025008586316e-01
8.188188188188187944e-01	7.414069271986586385e-01	-1.840403509370178714e-01
8.198198198198197728e-01	1.090334400365734924e+00	-5.071380031594641125e-01
8.208208208208208623e-01	1.138898268395717839e+00	-5.304487474015016080e-01
8.218218218218218407e-01	1.201249367823407743e+00	-5.681483918965857249e-01
8.228228228228228192e-01	9.767470387396391951e-01	-3.196206534704510993e-01
8.238238238238237976e-01	1.109943994558064251e+00	-4.294420032028133383e-01
8.248248248248247760e-01	1.136878756310786054e+00	-4.336740772301046487e-01
8.258258258258258655e-01	1.510034570620868433e+00	-7.848225718604697754e-01
8.268268268268268439e-01	1.558033681218897515e+00	-8.115314928908451408e-01
8.278278278278278224e-01	2.238359681368073506e+00	-1.471305486512475280e+00
8.288288288288288008e-01	2.010012989742831380e+00	-1.223165294371242773e+00
8.298298298298297793e-01	1.429793352067103784e+00	-6.239302351094370147e-01
8.308308308308308687e-01	1.746968240419387364e+00	-9.228865843160221072e-01
8.318318318318318472e-01	2.011419427398365656e+00	-1.169934130098315483e+00
8.328328328328328256e-01	1.733267881140607258e+00	-8.752110502849205220e-01
8.338338338338338041e-01	1.744675327895826245e+00	-8.708954579830991971e-01
8.348348348348347825e-01	1.821438400380590794e+00	-9.327995337282353194e-01
8.358358358358358720e-01	2.129896808537619979e+00	-1.227277680868585463e+00
8.368368368368368504e-01	1.592178558248173781e+00	-6.764717297480048463e-01
8.378378378378378288e-01	1.789645187212105748e+00	-8.617561599155971752e-01
8.388388388388388073e-01	2.085101740623026778e+00	-1.145948063003260131e+00
8.398398398398397857e-01	2.059334035877466995e+00	-1.109844395522654015e+00
8.408408408408408752e-01	2.054967062408886491e+00	-1.096080367684236556e+00
8.418418418418418536e-01	1.878983054310461975e+00	-9.116475059131720071e-01
8.428428428428428321e-01	2.339140450702988261e+00	-1.364312604028454556e+00
8.438438438438438105e-01	2.752620924257270119e+00	-1.771264743503711436e+00
8.448448448448447889e-01	2.203314634568679597e+00	-1.216400539515519963e+00
8.458458458458458784e-01	2.020728559884882980e+00	-1.029232466287498315e+00
8.468468468468468568e-01	2.349262945560353089e+00	-1.354165300110087067e+00
8.478478478478478353e-01	1.935814628178020635e+00	-9.380994389817592927e-01
8.488488488488488137e-01	1.875150592519928994e+00	-8.758044560579480997e-01
8.498498498498497922e-01	2.142570132939145111e+00	-1.142581258463430949e+00
8.508508508508508816e-01	1.275518710752431062e+00	-2.758759430902011367e-01
8.518518518518518601e-01	1.742546578206365160e+00	-7.442384199350968732e-01
8.528528528528528385e-01	1.998277998715076276e+00	-1.002291632675971655e+00
8.538538538538538170e-01	1.655427478518135098e+00	-6.627477916346147246e-01
8.548548548548547954e-01	1.755575465480275099e+00	-7.671840748468018445e-01
8.558558558558558849e-01	1.943219487020700686e+00	-9.600937692249963407e-01
8.568568568568568633e-01	1.528404344147672012e+00	-5.515164687861789927e-01
8.578578578578578417e-01	1.924047644415996849e+00	-9.543636127583091655e-01
8.588588588588588202e-01	1.868168492723249585e+00	-9.066471824761236364e-01
8.598598598598597986e-01	2.038954439970634969e+00	-1.086546657086182588e+00
8.608608608608608881e-01	2.395884833788919810e+00	-1.453532372254600968e+00
8.618618618618618665e-01	2.059540443711203483e+00	-1.128175154251348289e+00
8.628628628628628450e-01	1.991551122855826694e+00	-1.072093991465621121e+00
8.638638638638638234e-01	1.994284141812839861e+00	-1.087644379035949793e+00
8.648648648648649129e-01	2.012514010125272979e+00	-1.119588151975704493e+00
8.658658658658658913e-01	1.572729002525739217e+00	-6.944000239429698462e-01
8.668668668668668698e-01	1.843030542593599330e+00	-9.801669843076684652e-01
8.678678678678678482e-01	1.950395777993354729e+00	-1.103850887663293534e+00
8.688688688688688266e-01	1.352648640861431328e+00	-5.232595293363472289e-01
8.698698698698699161e-01	2.057133154706775713e+00	-1.245719968243909737e+00
8.708708708708708945e-01	2.098529860927920598e+00	-1.305894970186234794e+00
8.718718718718718730e-01	1.493056559558238572e+00	-7.199837661695208668e-01
8.728728728728728514e-01	1.584280436537762515e+00	-8.315341980398067712e-01
8.738738738738738299e-01	1.334327123201628273e+00	-6.026517970999478724e-01
8.748748748748749193e-01	1.814313081979224584e+00	-1.104432189684795507e+00
8.758758758758758978e-01	1.198194650821347240e+00	-5.108101621922378488e-01
8.768768768768768762e-01	1.433046838979712856e+00	-7.688384781740985607e-01
8.778778778778778547e-01	1.175339734610096887e+00	-5.349643079370695053e-01
8.788788788788788331e-01	1.432515557607279444e+00	-8.166063040400971529e-01
8.798798798798799226e-01	7.733157035918457600e-01	-1.824816685858866583e-01
8.808808808808809010e-01	1.756285818997281867e+00	-1.191111252231889628e+00
8.818818818818818794e-01	9.536129368856697264e-01	-4.146567145254526077e-01
8.828828828828828579e-01	1.239261358351492426e+00	-7.270564303983761967e-01
8.838838838838838363e-01	1.096563431308887671e+00	-6.116162945913965476e-01
8.848848848848849258e-01	8.570068607049594611e-01	-3.997970580258819462e-01
8.858858858858859042e-01	7.506510419264942335e-01	-3.216306878641680411e-01
8.868868868868868827e-01	1.295951691918734827e+00	-8.955450257509298684e-01
8.878878878878878611e-01	7.541088568800151659e-01	-3.827118230724445014e-01
8.888888888888888395e-01	9.571472935414970795e-01	-6.151271502158244253e-01
8.898898898898899290e-01	5.395554512730190710e-01	-2.272504070415308774e-01
8.908908908908909074e-01	5.303490331858171647e-01	-2.480679127118453065e-01
8.918918918918918859e-01	8.386998024550170738e-01	-5.867217410698902791e-01
8.928928928928928643e-01	9.290231322418034399e-01	-7.075972999202412295e-01
8.938938938938938428e-01	5.066774791790621402e-01	-3.160228341459964674e-01
8.948948948948949322e-01	2.322381352597008633e-02	1.364711142615784578e-01
8.958958958958959107e-01	1.087077065909317630e+00	-9.584997706274483997e-01
8.968968968968968891e-01	8.225016320761636968e-02	1.508235516068835713e-02
8.978978978978978676e-01	-2.138593564514701117e-01	2.798508500780942376e-01
8.988988988988988460e-01	1.094767416939945948e+00	-1.060182204128127026e+00
8.998998998998999355e-01	3.806461485413158846e-02	-3.491988264639570017e-02
9.009009009009009139e-01	-3.777104342084092181e-01	3.494115761252921670e-01
9.019019019019018923e-01	-1.900141142260898253e-01	1.302996493428824898e-01
9.029029029029028708e-01	9.419446549242856126e-02	-1.852654881790688768e-01
9.039039039039038492e-01	-2.995859415981492677e-02	-9.237893021864028442e-02
9.049049049049049387e-01	-4.352090652699413531e-01	2.817260133737250483e-01
9.059059059059059171e-01	3.802116403415277124e-01	-5.646884471450186460e-01
9.069069069069068956e-01	-4.550260584161831545e-01	2.397379176710957571e-01
9.079079079079078740e-01	-7.439349883073841374e-01	4.980484025535347747e-01
9.089089089089088525e-01	-9.895719893118941346e-02	-1.772846854478826173e-01
9.099099099099099419e-01	-3.429151042364867591e-02	-2.720325091831343745e-01
9.109109109109109204e-01	-8.045433483079723613e-01	4.684401037657581202e-01
9.119119119119118988e-01	-1.070095224965197378e+00	7.045451131399782518e-01
9.129129129129128772e-01	-3.273560222253659169e-01	-6.727948052407362045e-02
9.139139139139138557e-01	-1.411825865470501151e+00	9.884952094139694001e-01
9.149149149149149451e-01	-1.205646705277789943e+00	7.540395089008956608e-01
9.159159159159159236e-01	-5.386762656464654242e-01	5.923910335765775192e-02
9.169169169169169020e-01	-9.376340592246775740e-01	4.308410252564053300e-01
9.179179179179178805e-01	-1.070589203237868769e+00	5.369414428357479618e-01
9.189189189189188589e-01	-9.241157605184661117e-01	3.641409743808734500e-01
9.199199199199199484e-01	-1.142768842733871137e+00	5.570207651920328074e-01
9.209209209209209268e-01	-1.589494812528327694e+00	9.785526639829041917e-01
9.219219219219219053e-01	-7.892314728434164373e-01	1.536993869990329609e-01
9.229229229229228837e-01	-8.156220968705472085e-01	1.561285233346529910e-01
9.239239239239238621e-01	-1.246490829807313627e+00	5.636879126441273202e-01
9.249249249249249516e-01	-1.348930618551948735e+00	6.434935514059968442e-01
9.259259259259259300e-01	-6.290230421190377008e-01	-9.835059945401125603e-02
9.269269269269269085e-01	-1.536720540535454704e+00	7.881295922004648569e-01
9.279279279279278869e-01	-1.581098588440580377e+00	8.120305818662653108e-01
9.289289289289288654e-01	-1.421008346935910494e+00	6.322237795032816798e-01
9.299299299299299548e-01	-1.091880560426851332e+00	2.841594263530436981e-01
9.309309309309309333e-01	-1.095675041234674296e+00	2.698160602711312528e-01
9.319319319319319117e-01	-1.744754842283020801e+00	9.015746698967993522e-01
9.329329329329328901e-01	-1.591709617116758624e+00	7.320420369360149948e-01
9.339339339339339796e-01	-2.193687246025951332e+00	1.318382345348138918e+00
9.349349349349349581e-01	-1.885648915793303626e+00	9.955722449713972910e-01
9.359359359359359365e-01	-2.093763727762855797e+00	1.189795444300839833e+00
9.369369369369369149e-01	-2.179359736800577263e+00	1.262393735004564643e+00
9.379379379379378934e-01	-1.322956233128938841e+00	3.938992601745774369e-01
9.389389389389389828e-01	-2.160421560029666566e+00	1.220192319319908236e+00
9.399399399399399613e-01	-2.098655482759556268e+00	1.148183725459444471e+00
9.409409409409409397e-01	-1.830744140411062926e+00	8.709697460578741390e-01
9.419419419419419182e-01	-1.541655834334755948e+00	5.735278814326377761e-01
9.429429429429428966e-01	-1.828322250025337325e+00	8.527980775434995664e-01
9.439439439439439861e-01	-1.088160298062874398e+00	1.062045587653674961e-01
9.449449449449449645e-01	-2.037185867384093463e+00	1.049769573927304522e+00
9.459459459459459429e-01	-1.936163003749123535e+00	9.442625684902468119e-01
9.469469469469469214e-01	-1.947548562238642145e+00	9.521448317046298238e-01
9.479479479479478998e-01	-1.576535175168041425e+00	5.786124601397982792e-01
9.489489489489489893e-01	-1.889359821097760683e+00	8.899049232686913058e-01
9.499499499499499677e-01	-2.101822300550030498e+00	1.101823536721433072e+00
9.509509509509509462e-01	-2.393129703973712274e+00	1.393575928751948467e+00
9.519519519519519246e-01	-2.001393639207589281e+00	1.003273267169442651e+00
9.529529529529529031e-01	-1.614553678311450025e+00	6.188537066046122526e-01
9.539539539539539925e-01	-2.212091841106888168e+00	1.219796873452074548e+00
9.549549549549549710e-01	-1.903102114540444756e+00	9.151933876002665835e-01
9.559559559559559494e-01	-1.995747625748833132e+00	1.013202038826205076e+00
9.569569569569569278e-01	-1.780233601021153689e+00	8.040227500467233002e-01
9.579579579579579063e-01	-2.323611568648215275e+00	1.354700785412065400e+00
9.589589589589589957e-01	-1.259801116133628662e+00	2.991485137113076842e-01
9.599599599599599742e-01	-2.442577947286974638e+00	1.491133472603797472e+00
9.609609609609609526e-01	-2.123940302318761741e+00	1.182644796789257491e+00
9.619619619619619311e-01	-1.669108191919270068e+00	7.388924610906655310e-01
9.629629629629629095e-01	-1.865605742904740572e+00	9.473896360244656867e-01
9.639639639639639990e-01	-1.661585656775184550e+00	7.562771571925878122e-01
9.649649649649649774e-01	-2.073729703212463082e+00	1.182224030514178459e+00
9.659659659659659559e-01	-1.910901267821349281e+00	1.034079992588194052e+00
9.669669669669669343e-01	-1.859546055832515865e+00	9.982762278932845179e-01
9.679679679679679127e-01	-1.313166511842400519e+00	4.682998028865812401e-01
9.689689689689690022e-01	-1.579080252482178981e+00	7.514521138794474364e-01
9.699699699699699806e-01	-1.507261406419790006e+00	6.976902430790448140e-01
9.709709709709709591e-01	-1.954364545197655678e+00	1.163650906282561959e+00
9.719719719719719375e-01	-1.379384971945360361e+00	6.083107592466346913e-01
9.729729729729729160e-01	-1.590188330576594700e+00	8.395160253238682646e-01
9.739739739739740054e-01	-1.163526681625347114e+00	4.339985905031579216e-01
9.749749749749749839e-01	-9.075205403513491031e-01	1.998580614648428622e-01
9.759759759759759623e-01	-1.625121631449626847e+00	9.400245409658456452e-01
9.769769769769769407e-01	-1.615395329946156977e+00	9.535410901162874042e-01
9.779779779779779192e-01	-1.728475251813816227e+00	1.090518341060701557e+00
9.789789789789790087e-01	-1.442299875459649217e+00	8.288711411929862161e-01
9.799799799799799871e-01	-1.474960853814607287e+00	8.866668886138026062e-01
9.809809809809809655e-01	-1.179721602081332366e+00	6.171441438628945120e-01
9.819819819819819440e-01	-1.297524082234643661e+00	7.612194389972590791e-01
9.829829829829829224e-01	-1.313814131705288712e+00	8.043126314214120720e-01
9.839839839839840119e-01	-7.951004589570923597e-01	3.129059251550428966e-01
9.849849849849849903e-01	-1.396965808841340362e+00	9.425550623964630281e-01
9.859859859859859688e-01	-8.858489313634270168e-01	4.596713189909904518e-01
9.869869869869869472e-01	-1.109477866160486714e+00	7.119548160765710731e-01
9.879879879879879256e-01	-6.770326251746389135e-01	3.085572303643848713e-01
9.889889889889890151e-01	-3.976514144481210211e-01	5.858804395344685556e-02
9.899899899899899935e-01	-8.918766820469041789e-01	5.825606206580349333e-01
9.909909909909909720e-01	-5.835647122453568869e-01	3.043018289525250553e-01
9.919919919919919504e-01	-6.070646587453303322e-01	3.581311042784354193e-01
9.929929929929930399e-01	-8.755654830509438380e-01	6.572074168062971289e-01
9.939939939939940183e-01	-4.716175915990525880e-01	2.840509382232161428e-01
9.949949949949949968e-01	-3.937442801994936459e-01	2.371545160709351840e-01
9.959959959959959752e-01	-2.842752927038532662e-01	1.588172625235549362e-01
9.969969969969969537e-01	-4.251491772655083823e-01	3.309469409378783533e-01
9.979979979979980431e-01	-2.641019053428512176e-01	2.012486152983710697e-01
9.989989989989990216e-01	-6.172286424939901206e-01	5.857864515748698597e-01
1.000000000000000000e+00	-3.010350897399962089e-01	3.010350897399949877e-01
