# Time	FTRLS_Output	FTRLS_Error
0.000000000000000000e+00	0.000000000000000000e+00	0.000000000000000000e+00
1.001001001001000992e-03	0.000000000000000000e+00	0.000000000000000000e+00
2.002002002002001985e-03	0.000000000000000000e+00	0.000000000000000000e+00
3.003003003003002977e-03	0.000000000000000000e+00	0.000000000000000000e+00
4.004004004004003969e-03	0.000000000000000000e+00	0.000000000000000000e+00
5.005005005005004962e-03	0.000000000000000000e+00	0.000000000000000000e+00
6.006006006006005954e-03	0.000000000000000000e+00	0.000000000000000000e+00
7.007007007007006946e-03	0.000000000000000000e+00	0.000000000000000000e+00
8.008008008008007939e-03	0.000000000000000000e+00	0.000000000000000000e+00
9.009009009009008931e-03	0.000000000000000000e+00	0.000000000000000000e+00
1.001001001001000992e-02	0.000000000000000000e+00	0.000000000000000000e+00
1.101101101101101092e-02	0.000000000000000000e+00	0.000000000000000000e+00
1.201201201201201191e-02	0.000000000000000000e+00	0.000000000000000000e+00
1.301301301301301290e-02	0.000000000000000000e+00	0.000000000000000000e+00
1.401401401401401389e-02	0.000000000000000000e+00	0.000000000000000000e+00
1.501501501501501488e-02	0.000000000000000000e+00	0.000000000000000000e+00
1.601601601601601588e-02	0.000000000000000000e+00	0.000000000000000000e+00
1.701701701701701513e-02	0.000000000000000000e+00	0.000000000000000000e+00
1.801801801801801786e-02	0.000000000000000000e+00	0.000000000000000000e+00
1.901901901901902059e-02	0.000000000000000000e+00	0.000000000000000000e+00
2.002002002002001985e-02	0.000000000000000000e+00	0.000000000000000000e+00
2.102102102102101910e-02	0.000000000000000000e+00	0.000000000000000000e+00
2.202202202202202183e-02	0.000000000000000000e+00	0.000000000000000000e+00
2.302302302302302456e-02	0.000000000000000000e+00	0.000000000000000000e+00
2.402402402402402382e-02	0.000000000000000000e+00	0.000000000000000000e+00
2.502502502502502307e-02	0.000000000000000000e+00	0.000000000000000000e+00
2.602602602602602580e-02	0.000000000000000000e+00	0.000000000000000000e+00
2.702702702702702853e-02	0.000000000000000000e+00	0.000000000000000000e+00
2.802802802802802778e-02	0.000000000000000000e+00	0.000000000000000000e+00
2.902902902902902704e-02	0.000000000000000000e+00	0.000000000000000000e+00
3.003003003003002977e-02	0.000000000000000000e+00	0.000000000000000000e+00
3.103103103103103250e-02	0.000000000000000000e+00	0.000000000000000000e+00
3.203203203203203175e-02	0.000000000000000000e+00	0.000000000000000000e+00
3.303303303303303101e-02	0.000000000000000000e+00	0.000000000000000000e+00
3.403403403403403027e-02	0.000000000000000000e+00	0.000000000000000000e+00
3.503503503503503647e-02	0.000000000000000000e+00	0.000000000000000000e+00
3.603603603603603572e-02	0.000000000000000000e+00	0.000000000000000000e+00
3.703703703703703498e-02	0.000000000000000000e+00	0.000000000000000000e+00
3.803803803803804118e-02	0.000000000000000000e+00	0.000000000000000000e+00
3.903903903903904044e-02	0.000000000000000000e+00	0.000000000000000000e+00
4.004004004004003969e-02	0.000000000000000000e+00	0.000000000000000000e+00
4.104104104104103895e-02	0.000000000000000000e+00	0.000000000000000000e+00
4.204204204204203821e-02	0.000000000000000000e+00	0.000000000000000000e+00
4.304304304304304440e-02	0.000000000000000000e+00	0.000000000000000000e+00
4.404404404404404366e-02	0.000000000000000000e+00	0.000000000000000000e+00
4.504504504504504292e-02	0.000000000000000000e+00	0.000000000000000000e+00
4.604604604604604912e-02	0.000000000000000000e+00	0.000000000000000000e+00
4.704704704704704837e-02	0.000000000000000000e+00	0.000000000000000000e+00
4.804804804804804763e-02	0.000000000000000000e+00	0.000000000000000000e+00
4.904904904904904689e-02	0.000000000000000000e+00	0.000000000000000000e+00
5.005005005005004615e-02	0.000000000000000000e+00	0.000000000000000000e+00
5.105105105105105234e-02	0.000000000000000000e+00	0.000000000000000000e+00
5.205205205205205160e-02	0.000000000000000000e+00	0.000000000000000000e+00
5.305305305305305086e-02	0.000000000000000000e+00	0.000000000000000000e+00
5.405405405405405705e-02	0.000000000000000000e+00	0.000000000000000000e+00
5.505505505505505631e-02	0.000000000000000000e+00	0.000000000000000000e+00
5.605605605605605557e-02	0.000000000000000000e+00	0.000000000000000000e+00
5.705705705705705483e-02	0.000000000000000000e+00	0.000000000000000000e+00
5.805805805805805409e-02	0.000000000000000000e+00	0.000000000000000000e+00
5.905905905905906028e-02	0.000000000000000000e+00	0.000000000000000000e+00
6.006006006006005954e-02	0.000000000000000000e+00	0.000000000000000000e+00
6.106106106106105880e-02	0.000000000000000000e+00	0.000000000000000000e+00
6.206206206206206499e-02	0.000000000000000000e+00	0.000000000000000000e+00
6.306306306306305731e-02	0.000000000000000000e+00	0.000000000000000000e+00
6.406406406406406351e-02	0.000000000000000000e+00	0.000000000000000000e+00
6.506506506506506970e-02	0.000000000000000000e+00	0.000000000000000000e+00
6.606606606606606202e-02	0.000000000000000000e+00	0.000000000000000000e+00
6.706706706706706822e-02	0.000000000000000000e+00	0.000000000000000000e+00
6.806806806806806054e-02	0.000000000000000000e+00	0.000000000000000000e+00
6.906906906906906674e-02	0.000000000000000000e+00	0.000000000000000000e+00
7.007007007007007293e-02	0.000000000000000000e+00	0.000000000000000000e+00
7.107107107107106525e-02	0.000000000000000000e+00	0.000000000000000000e+00
7.207207207207207145e-02	0.000000000000000000e+00	0.000000000000000000e+00
7.307307307307307764e-02	0.000000000000000000e+00	0.000000000000000000e+00
7.407407407407406996e-02	0.000000000000000000e+00	0.000000000000000000e+00
7.507507507507507616e-02	0.000000000000000000e+00	0.000000000000000000e+00
7.607607607607608236e-02	0.000000000000000000e+00	0.000000000000000000e+00
7.707707707707707467e-02	0.000000000000000000e+00	0.000000000000000000e+00
7.807807807807808087e-02	0.000000000000000000e+00	0.000000000000000000e+00
7.907907907907907319e-02	0.000000000000000000e+00	0.000000000000000000e+00
8.008008008008007939e-02	0.000000000000000000e+00	0.000000000000000000e+00
8.108108108108108558e-02	0.000000000000000000e+00	0.000000000000000000e+00
8.208208208208207790e-02	0.000000000000000000e+00	0.000000000000000000e+00
8.308308308308308410e-02	0.000000000000000000e+00	0.000000000000000000e+00
8.408408408408407642e-02	0.000000000000000000e+00	0.000000000000000000e+00
8.508508508508508261e-02	0.000000000000000000e+00	0.000000000000000000e+00
8.608608608608608881e-02	0.000000000000000000e+00	0.000000000000000000e+00
8.708708708708708113e-02	0.000000000000000000e+00	0.000000000000000000e+00
8.808808808808808732e-02	0.000000000000000000e+00	0.000000000000000000e+00
8.908908908908909352e-02	0.000000000000000000e+00	0.000000000000000000e+00
9.009009009009008584e-02	0.000000000000000000e+00	0.000000000000000000e+00
9.109109109109109204e-02	0.000000000000000000e+00	0.000000000000000000e+00
9.209209209209209823e-02	0.000000000000000000e+00	0.000000000000000000e+00
9.309309309309309055e-02	0.000000000000000000e+00	0.000000000000000000e+00
9.409409409409409675e-02	0.000000000000000000e+00	0.000000000000000000e+00
9.509509509509508907e-02	0.000000000000000000e+00	0.000000000000000000e+00
9.609609609609609526e-02	0.000000000000000000e+00	0.000000000000000000e+00
9.709709709709710146e-02	0.000000000000000000e+00	0.000000000000000000e+00
9.809809809809809378e-02	0.000000000000000000e+00	0.000000000000000000e+00
9.909909909909909997e-02	0.000000000000000000e+00	0.000000000000000000e+00
1.001001001001000923e-01	0.000000000000000000e+00	0.000000000000000000e+00
1.011011011011010985e-01	0.000000000000000000e+00	0.000000000000000000e+00
1.021021021021021047e-01	0.000000000000000000e+00	0.000000000000000000e+00
1.031031031031030970e-01	0.000000000000000000e+00	0.000000000000000000e+00
1.041041041041041032e-01	0.000000000000000000e+00	0.000000000000000000e+00
1.051051051051051094e-01	0.000000000000000000e+00	0.000000000000000000e+00
1.061061061061061017e-01	0.000000000000000000e+00	0.000000000000000000e+00
1.071071071071071079e-01	0.000000000000000000e+00	0.000000000000000000e+00
1.081081081081081141e-01	0.000000000000000000e+00	0.000000000000000000e+00
1.091091091091091064e-01	0.000000000000000000e+00	0.000000000000000000e+00
1.101101101101101126e-01	0.000000000000000000e+00	0.000000000000000000e+00
1.111111111111111049e-01	0.000000000000000000e+00	0.000000000000000000e+00
1.121121121121121111e-01	0.000000000000000000e+00	0.000000000000000000e+00
1.131131131131131173e-01	0.000000000000000000e+00	0.000000000000000000e+00
1.141141141141141097e-01	0.000000000000000000e+00	0.000000000000000000e+00
1.151151151151151159e-01	0.000000000000000000e+00	0.000000000000000000e+00
1.161161161161161082e-01	0.000000000000000000e+00	0.000000000000000000e+00
1.171171171171171144e-01	0.000000000000000000e+00	0.000000000000000000e+00
1.181181181181181206e-01	0.000000000000000000e+00	0.000000000000000000e+00
1.191191191191191129e-01	0.000000000000000000e+00	0.000000000000000000e+00
1.201201201201201191e-01	0.000000000000000000e+00	0.000000000000000000e+00
1.211211211211211253e-01	0.000000000000000000e+00	0.000000000000000000e+00
1.221221221221221176e-01	0.000000000000000000e+00	0.000000000000000000e+00
1.231231231231231238e-01	0.000000000000000000e+00	0.000000000000000000e+00
1.241241241241241300e-01	0.000000000000000000e+00	0.000000000000000000e+00
1.251251251251251362e-01	0.000000000000000000e+00	0.000000000000000000e+00
1.261261261261261146e-01	0.000000000000000000e+00	0.000000000000000000e+00
1.271271271271271208e-01	0.000000000000000000e+00	0.000000000000000000e+00
1.281281281281281270e-01	0.000000000000000000e+00	0.000000000000000000e+00
1.291291291291291332e-01	0.000000000000000000e+00	0.000000000000000000e+00
1.301301301301301394e-01	0.000000000000000000e+00	0.000000000000000000e+00
1.311311311311311179e-01	0.000000000000000000e+00	0.000000000000000000e+00
1.321321321321321240e-01	0.000000000000000000e+00	0.000000000000000000e+00
1.331331331331331302e-01	0.000000000000000000e+00	0.000000000000000000e+00
1.341341341341341364e-01	0.000000000000000000e+00	0.000000000000000000e+00
1.351351351351351426e-01	0.000000000000000000e+00	0.000000000000000000e+00
1.361361361361361211e-01	0.000000000000000000e+00	0.000000000000000000e+00
1.371371371371371273e-01	0.000000000000000000e+00	0.000000000000000000e+00
1.381381381381381335e-01	0.000000000000000000e+00	0.000000000000000000e+00
1.391391391391391397e-01	0.000000000000000000e+00	0.000000000000000000e+00
1.401401401401401459e-01	0.000000000000000000e+00	0.000000000000000000e+00
1.411411411411411521e-01	0.000000000000000000e+00	0.000000000000000000e+00
1.421421421421421305e-01	0.000000000000000000e+00	0.000000000000000000e+00
1.431431431431431367e-01	0.000000000000000000e+00	0.000000000000000000e+00
1.441441441441441429e-01	0.000000000000000000e+00	0.000000000000000000e+00
1.451451451451451491e-01	0.000000000000000000e+00	0.000000000000000000e+00
1.461461461461461553e-01	0.000000000000000000e+00	0.000000000000000000e+00
1.471471471471471337e-01	0.000000000000000000e+00	0.000000000000000000e+00
1.481481481481481399e-01	0.000000000000000000e+00	0.000000000000000000e+00
1.491491491491491461e-01	0.000000000000000000e+00	0.000000000000000000e+00
1.501501501501501523e-01	0.000000000000000000e+00	0.000000000000000000e+00
1.511511511511511585e-01	0.000000000000000000e+00	0.000000000000000000e+00
1.521521521521521647e-01	0.000000000000000000e+00	0.000000000000000000e+00
1.531531531531531432e-01	0.000000000000000000e+00	0.000000000000000000e+00
1.541541541541541493e-01	0.000000000000000000e+00	0.000000000000000000e+00
1.551551551551551555e-01	0.000000000000000000e+00	0.000000000000000000e+00
1.561561561561561617e-01	0.000000000000000000e+00	0.000000000000000000e+00
1.571571571571571679e-01	0.000000000000000000e+00	0.000000000000000000e+00
1.581581581581581464e-01	0.000000000000000000e+00	0.000000000000000000e+00
1.591591591591591526e-01	0.000000000000000000e+00	0.000000000000000000e+00
1.601601601601601588e-01	0.000000000000000000e+00	0.000000000000000000e+00
1.611611611611611650e-01	0.000000000000000000e+00	0.000000000000000000e+00
1.621621621621621712e-01	0.000000000000000000e+00	0.000000000000000000e+00
1.631631631631631496e-01	0.000000000000000000e+00	0.000000000000000000e+00
1.641641641641641558e-01	0.000000000000000000e+00	0.000000000000000000e+00
1.651651651651651620e-01	0.000000000000000000e+00	0.000000000000000000e+00
1.661661661661661682e-01	0.000000000000000000e+00	0.000000000000000000e+00
1.671671671671671744e-01	0.000000000000000000e+00	0.000000000000000000e+00
1.681681681681681528e-01	0.000000000000000000e+00	0.000000000000000000e+00
1.691691691691691590e-01	0.000000000000000000e+00	0.000000000000000000e+00
1.701701701701701652e-01	0.000000000000000000e+00	0.000000000000000000e+00
1.711711711711711714e-01	0.000000000000000000e+00	0.000000000000000000e+00
1.721721721721721776e-01	0.000000000000000000e+00	0.000000000000000000e+00
1.731731731731731838e-01	0.000000000000000000e+00	0.000000000000000000e+00
1.741741741741741623e-01	0.000000000000000000e+00	0.000000000000000000e+00
1.751751751751751685e-01	0.000000000000000000e+00	0.000000000000000000e+00
1.761761761761761746e-01	0.000000000000000000e+00	0.000000000000000000e+00
1.771771771771771808e-01	0.000000000000000000e+00	0.000000000000000000e+00
1.781781781781781870e-01	0.000000000000000000e+00	0.000000000000000000e+00
1.791791791791791655e-01	0.000000000000000000e+00	0.000000000000000000e+00
1.801801801801801717e-01	0.000000000000000000e+00	0.000000000000000000e+00
1.811811811811811779e-01	0.000000000000000000e+00	0.000000000000000000e+00
1.821821821821821841e-01	0.000000000000000000e+00	0.000000000000000000e+00
1.831831831831831903e-01	0.000000000000000000e+00	0.000000000000000000e+00
1.841841841841841965e-01	0.000000000000000000e+00	0.000000000000000000e+00
1.851851851851851749e-01	0.000000000000000000e+00	0.000000000000000000e+00
1.861861861861861811e-01	0.000000000000000000e+00	0.000000000000000000e+00
1.871871871871871873e-01	0.000000000000000000e+00	0.000000000000000000e+00
1.881881881881881935e-01	0.000000000000000000e+00	0.000000000000000000e+00
1.891891891891891997e-01	0.000000000000000000e+00	0.000000000000000000e+00
1.901901901901901781e-01	0.000000000000000000e+00	0.000000000000000000e+00
1.911911911911911843e-01	0.000000000000000000e+00	0.000000000000000000e+00
1.921921921921921905e-01	0.000000000000000000e+00	0.000000000000000000e+00
1.931931931931931967e-01	0.000000000000000000e+00	0.000000000000000000e+00
1.941941941941942029e-01	0.000000000000000000e+00	0.000000000000000000e+00
1.951951951951951814e-01	0.000000000000000000e+00	0.000000000000000000e+00
1.961961961961961876e-01	0.000000000000000000e+00	0.000000000000000000e+00
1.971971971971971938e-01	0.000000000000000000e+00	0.000000000000000000e+00
1.981981981981981999e-01	0.000000000000000000e+00	0.000000000000000000e+00
1.991991991991992061e-01	0.000000000000000000e+00	0.000000000000000000e+00
2.002002002002001846e-01	0.000000000000000000e+00	6.289433316067026374e-03
2.012012012012011908e-01	-3.911427792375512733e-03	4.163932047109223517e-02
2.022022022022021970e-01	3.553125565427444482e-02	3.359778894050990256e-02
2.032032032032032032e-01	2.739633600737697780e-02	7.306550184479104759e-02
2.042042042042042094e-01	3.033893333633670350e-02	1.013563554992872456e-01
2.052052052052052156e-01	-2.207867351800131550e-02	1.848771856830953575e-01
2.062062062062061940e-01	2.167530143583995886e-02	1.720654498010568134e-01
2.072072072072072002e-01	6.864698481571927975e-03	2.176267101560000750e-01
2.082082082082082064e-01	3.939804360880409112e-02	2.156220327915060186e-01
2.092092092092092126e-01	3.295575476826331784e-02	2.523408113057863389e-01
2.102102102102102188e-01	6.829654118571158727e-02	2.469943973897910094e-01
2.112112112112111972e-01	5.295831728810942302e-02	2.920152165064806571e-01
2.122122122122122034e-01	7.156718116723087553e-02	3.027478187567878565e-01
2.132132132132132096e-01	3.826732997798647923e-02	3.650189925059940110e-01
2.142142142142142158e-01	2.160026620968679562e-02	4.102585868036101036e-01
2.152152152152152220e-01	3.723444541393857582e-02	4.227698919846722414e-01
2.162162162162162282e-01	4.312569169569675787e-02	4.445692521179377965e-01
2.172172172172172067e-01	6.366403942139775562e-02	4.512392508194144058e-01
2.182182182182182129e-01	1.440912957833470065e-01	3.975111757648427391e-01
2.192192192192192191e-01	8.267680173209271399e-02	4.850892843626151141e-01
2.202202202202202252e-01	7.338251551592511746e-02	5.199857463216953635e-01
2.212212212212212314e-01	9.060906356912359905e-02	5.277746183470921615e-01
2.222222222222222099e-01	7.863739832150197506e-02	5.641502113650365136e-01
2.232232232232232161e-01	1.315658711448436102e-01	5.349900420375277577e-01
2.242242242242242223e-01	1.957999985743386073e-02	6.700850891208276483e-01
2.252252252252252285e-01	1.014209592224256107e-01	6.106713262085996519e-01
2.262262262262262347e-01	1.118141954861975179e-01	6.220011297905302383e-01
2.272272272272272131e-01	1.261954848698875753e-01	6.286172426909109046e-01
2.282282282282282193e-01	6.800099198324913163e-02	7.070627368963522397e-01
2.292292292292292255e-01	5.996868164842782123e-02	7.345796222640157414e-01
2.302302302302302317e-01	-1.126703576976438581e-02	8.245142209934974709e-01
2.312312312312312379e-01	1.371031216853244375e-02	8.174315701471608353e-01
2.322322322322322163e-01	1.878326086010525739e-02	8.294314390526964509e-01
2.332332332332332225e-01	1.074750425055545355e-01	7.569737129543100407e-01
2.342342342342342287e-01	2.490732762291163888e-02	8.549206681935175300e-01
2.352352352352352349e-01	1.288520735564963882e-01	7.654851395745306819e-01
2.362362362362362411e-01	1.721400101516828984e-01	7.358220497278632477e-01
2.372372372372372473e-01	-6.568723802863837835e-02	9.863763010815016496e-01
2.382382382382382258e-01	7.390466464341388653e-02	8.586009728362933302e-01
2.392392392392392320e-01	1.119710535328402590e-01	8.314290447387406857e-01
2.402402402402402382e-01	5.819445291394390735e-02	8.951672194634852087e-01
2.412412412412412444e-01	9.908732451822474530e-02	8.632931847184086571e-01
2.422422422422422505e-01	1.580125215774732805e-01	8.124351689423237044e-01
2.432432432432432290e-01	9.210430969819460856e-02	8.854509292494914252e-01
2.442442442442442352e-01	9.968674423219658909e-02	8.840093819474134085e-01
2.452452452452452414e-01	-1.039113166470024413e-02	9.992554114281360089e-01
2.462462462462462476e-01	2.238331448778996258e-01	7.692214442624680792e-01
2.472472472472472538e-01	2.331856171737852201e-01	7.630772935247691624e-01
2.482482482482482600e-01	1.508311914158530775e-01	8.476548804546693017e-01
2.492492492492492384e-01	7.450444809791521850e-02	9.252174261724734894e-01
2.502502502502502724e-01	2.445434937440369161e-01	7.554256021237099050e-01
2.512512512512512508e-01	1.479782436590896810e-01	8.512492485369897999e-01
2.522522522522522292e-01	2.181520295816331001e-01	7.793457670128667303e-01
2.532532532532532632e-01	2.222765521439744041e-01	7.725051673386109652e-01
2.542542542542542416e-01	3.165462317341958265e-01	6.745357149348238934e-01
2.552552552552552756e-01	3.300544665662357713e-01	6.563476701294785887e-01
2.562562562562562540e-01	2.102752067322381513e-01	7.704717104878016087e-01
2.572572572572572325e-01	1.049427072255263993e-01	8.691791732132099213e-01
2.582582582582582664e-01	5.560083515278762406e-02	9.109327424052539035e-01
2.592592592592592449e-01	2.439480065632246286e-01	7.140415057522642162e-01
2.602602602602602788e-01	9.997892806145304567e-02	8.485192054983421439e-01
2.612612612612612573e-01	1.418084640877103897e-01	7.962603628084559126e-01
2.622622622622622357e-01	1.443747857018572722e-01	7.823371197034281188e-01
2.632632632632632697e-01	2.530709448951292684e-01	6.613676545500367654e-01
2.642642642642642481e-01	2.780318551297327606e-02	8.734578600329716558e-01
2.652652652652652820e-01	2.074109178229673611e-01	6.797813565856367646e-01
2.662662662662662605e-01	3.253598493577818940e-01	5.468863486617043801e-01
2.672672672672672389e-01	2.765318521612447067e-01	5.799057437321020192e-01
2.682682682682682729e-01	2.724848318609909836e-01	5.672972685975483653e-01
2.692692692692692513e-01	3.048732101705625697e-01	5.174229714282473358e-01
2.702702702702702853e-01	3.122410638903084235e-01	4.917560664766325584e-01
2.712712712712712637e-01	-6.415558993802647492e-02	8.490586318244311981e-01
2.722722722722722422e-01	3.364205656787151444e-01	4.286122317791760672e-01
2.732732732732732761e-01	2.876651136422821997e-01	4.567409322461366550e-01
2.742742742742742545e-01	1.547265095690210923e-01	5.683166744924891267e-01
2.752752752752752885e-01	1.864835473204306537e-01	5.144817894471662711e-01
2.762762762762762669e-01	3.186372963489628174e-01	3.595570394657041091e-01
2.772772772772773009e-01	2.892741955894873596e-01	3.654785028502466893e-01
2.782782782782782793e-01	5.063539308318334292e-02	5.800282119593741514e-01
2.792792792792792578e-01	4.739733314495738203e-01	1.319775448139757779e-01
2.802802802802802917e-01	3.452829912048505645e-01	2.353559582237548242e-01
2.812812812812812702e-01	4.390218741434551708e-01	1.157309802406629728e-01
2.822822822822823041e-01	2.397355583227837039e-01	2.885826304232670392e-01
2.832832832832832826e-01	5.666660929106420719e-01	-6.530500032303554470e-02
2.842842842842842610e-01	4.010830948538857132e-01	7.282512773655785976e-02
2.852852852852852950e-01	3.599074951722820437e-01	8.607923051279414706e-02
2.862862862862862734e-01	1.119106884158259929e-01	3.057135237906408731e-01
2.872872872872873073e-01	3.595036386838053044e-01	2.934508990758188940e-02
2.882882882882882858e-01	3.978114399009829993e-01	-3.812271025644620170e-02
2.892892892892892642e-01	4.543568481853813568e-01	-1.241837977845437480e-01
2.902902902902902982e-01	2.797934744256859174e-01	2.053740318606517290e-02
2.912912912912912766e-01	2.031227928762615875e-01	6.706892800752092820e-02
2.922922922922923106e-01	5.276676389588851324e-01	-2.878822554611490392e-01
2.932932932932932890e-01	1.472187578428845178e-01	6.192317509468270309e-02
2.942942942942942675e-01	1.929945699695786165e-01	-1.470289881160133372e-02
2.952952952952953014e-01	3.120235301041806020e-01	-1.647584254840401274e-01
2.962962962962962798e-01	2.255119432629495990e-01	-1.094190291377185459e-01
2.972972972972973138e-01	2.005098645333674434e-01	-1.157039400578576960e-01
2.982982982982982922e-01	8.923727681014084756e-02	-3.580220281708313551e-02
2.992992992992992707e-01	1.444025202828461696e-01	-1.223911363566168031e-01
3.003003003003003046e-01	-1.520910732301640200e-01	1.426570010042670089e-01
3.013013013013012831e-01	2.286478844856391635e-01	-2.695180839263494610e-01
3.023023023023023170e-01	1.343177571032257711e-01	-2.065836690238135320e-01
3.033033033033032955e-01	3.220809863773460568e-03	-1.068109736960120432e-01
3.043043043043043294e-01	1.950927791127876343e-01	-3.299047591193713935e-01
3.053053053053053079e-01	-1.755520831600515530e-02	-1.483452782527080183e-01
3.063063063063062863e-01	-1.375376937695136914e-01	-5.928724769819004869e-02
3.073073073073073203e-01	-1.727592317702718594e-01	-5.479553310581086745e-02
3.083083083083082987e-01	-7.331049207073817020e-02	-1.847490773581109413e-01
3.093093093093093326e-01	-2.255432899462712637e-01	-6.276590032595141810e-02
3.103103103103103111e-01	-3.244930709074123620e-01	6.219356015104426927e-03
3.113113113113112895e-01	-2.245694771809805812e-01	-1.233540355133029842e-01
3.123123123123123235e-01	-4.186176793950532327e-01	4.138841509228341486e-02
3.133133133133133019e-01	-5.185652815781315317e-01	1.124032910236605898e-01
3.143143143143143359e-01	-5.021402567670778527e-01	6.744717561268182004e-02
3.153153153153153143e-01	-5.030174315969780929e-01	4.022310862968003775e-02
3.163163163163162928e-01	-5.665483917519882340e-01	7.611046383556840933e-02
3.173173173173173267e-01	-5.977989277518790390e-01	8.020236729000107534e-02
3.183183183183183051e-01	-6.173794819690852087e-01	7.313611733750646771e-02
3.193193193193193391e-01	-6.756122003041121760e-01	1.052602097262107517e-01
3.203203203203203175e-01	-7.827881974791136566e-01	1.868915768452157344e-01
3.213213213213212960e-01	-7.822727816698223924e-01	1.614207868265797874e-01
3.223223223223223299e-01	-7.011726568483177546e-01	5.597922090962514918e-02
3.233233233233233084e-01	-9.067755448439698274e-01	2.378786710996309006e-01
3.243243243243243423e-01	-9.565333832492497468e-01	2.645945142717038845e-01
3.253253253253253208e-01	-9.019611637152800121e-01	1.876645272882591087e-01
3.263263263263262992e-01	-8.811269570896107517e-01	1.451788896055085099e-01
3.273273273273273332e-01	-6.702324031411126537e-01	-8.663934886387936185e-02
3.283283283283283116e-01	-9.803463283167765940e-01	2.032993288344888683e-01
3.293293293293293456e-01	-8.254095015315520145e-01	2.895564202662237463e-02
3.303303303303303240e-01	-7.711092272036438322e-01	-4.396391428261803291e-02
3.313313313313313024e-01	-1.015212224981720590e+00	1.823257913409482844e-01
3.323323323323323364e-01	-7.896070066383530373e-01	-6.026911455233330273e-02
3.333333333333333148e-01	-1.010281645554669483e+00	1.442562417702316635e-01
3.343343343343343488e-01	-1.232219650567114133e+00	3.509013384573068661e-01
3.353353353353353272e-01	-9.748041992765029695e-01	7.906447559124807345e-02
3.363363363363363057e-01	-1.283749679957528311e+00	3.744743021436401920e-01
3.373373373373373396e-01	-1.076254844941983757e+00	1.543429552567588958e-01
3.383383383383383181e-01	-1.224585766141477183e+00	2.909490025306310512e-01
3.393393393393393520e-01	-9.019650161538732558e-01	-4.247338922695564900e-02
3.403403403403403304e-01	-8.264598747298396164e-01	-1.278462589989087794e-01
3.413413413413413644e-01	-9.955055510998483959e-01	3.227536020593568811e-02
3.423423423423423428e-01	-1.058055622547535934e+00	8.685387027715985031e-02
3.433433433433433213e-01	-1.193214274735960867e+00	2.150013396027525836e-01
3.443443443443443552e-01	-1.270574020364050982e+00	2.863172139306824349e-01
3.453453453453453337e-01	-1.319826496970318841e+00	3.304991073168253024e-01
3.463463463463463676e-01	-1.302088397824918919e+00	3.086687271071082428e-01
3.473473473473473461e-01	-1.308557089959641928e+00	3.120274870093051600e-01
3.483483483483483245e-01	-1.182433447253959491e+00	1.837793361775030831e-01
3.493493493493493585e-01	-1.162120315620763122e+00	1.623292213568370279e-01
3.503503503503503369e-01	-1.288364208571257663e+00	2.884247803709639735e-01
3.513513513513513709e-01	-1.500030697814666913e+00	5.009317316099853867e-01
3.523523523523523493e-01	-1.167342190208998431e+00	1.700716508361657109e-01
3.533533533533533277e-01	-1.329379699726815467e+00	3.349237439715377906e-01
3.543543543543543617e-01	-1.354177052696007744e+00	3.635190541265760356e-01
3.553553553553553401e-01	-1.336689473988348142e+00	3.508090505409521276e-01
3.563563563563563741e-01	-1.592801252839858517e+00	6.126732981176821191e-01
3.573573573573573525e-01	-1.451394327935071171e+00	4.779880471790683982e-01
3.583583583583583310e-01	-1.418470826528317019e+00	4.527487782129618887e-01
3.593593593593593649e-01	-1.274817216165180955e+00	3.177343601669101458e-01
3.603603603603603434e-01	-1.207886176828443014e+00	2.603889301080127838e-01
3.613613613613613773e-01	-1.359904556211895654e+00	4.229298569444578382e-01
3.623623623623623557e-01	-1.283094703522918989e+00	3.575690846012407054e-01
3.633633633633633342e-01	-1.318062696784943366e+00	4.049013696119597716e-01
3.643643643643643681e-01	-1.285636947535900854e+00	3.857428970125824641e-01
3.653653653653653466e-01	-1.303453116976949877e+00	4.177162085804195790e-01
3.663663663663663805e-01	-1.290278452153680311e+00	4.195745519885528685e-01
3.673673673673673590e-01	-1.247641898084647982e+00	3.928320067777212321e-01
3.683683683683683929e-01	-1.307734426655057458e+00	4.696638279498313029e-01
3.693693693693693714e-01	-1.449287482368622371e+00	6.287849072615343538e-01
3.703703703703703498e-01	-1.362545098293068691e+00	5.604219055380245118e-01
3.713713713713713838e-01	-1.531883376146740972e+00	7.489327499382776310e-01
3.723723723723723622e-01	-1.378159246169823104e+00	6.151554117982958036e-01
3.733733733733733962e-01	-1.446158805229426969e+00	7.038562634838178012e-01
3.743743743743743746e-01	-1.364163936752504913e+00	6.432967178279189735e-01
3.753753753753753530e-01	-1.333754792063854389e+00	6.350357297114862520e-01
3.763763763763763870e-01	-1.245201614671651136e+00	5.693216413089714489e-01
3.773773773773773654e-01	-1.470951810427685968e+00	8.185792739058946887e-01
3.783783783783783994e-01	-1.341632644796060481e+00	7.134126475004179957e-01
3.793793793793793778e-01	-1.203797773834147211e+00	6.003515347707210070e-01
3.803803803803803563e-01	-1.483552756603912171e+00	9.054769971035402376e-01
3.813813813813813902e-01	-1.216569189075291657e+00	6.644355427222219390e-01
3.823823823823823687e-01	-1.515603747966334902e+00	9.899581953350133912e-01
3.833833833833834026e-01	-1.348002536421909703e+00	8.493648651809175831e-01
3.843843843843843811e-01	-1.285133899767678001e+00	8.139971906846598104e-01
3.853853853853853595e-01	-1.426064269655975547e+00	9.828944090118476584e-01
3.863863863863863934e-01	-1.359923991010228095e+00	9.451592099048211626e-01
3.873873873873873719e-01	-1.474611745917642658e+00	1.088662186922312536e+00
3.883883883883884058e-01	-1.086585191309156206e+00	7.298325028949250726e-01
3.893893893893893843e-01	-1.277269969560506313e+00	9.500669287027339038e-01
3.903903903903903627e-01	-1.143770856409906500e+00	8.464410197427336691e-01
3.913913913913913967e-01	-1.230765536144873717e+00	9.636029200103520820e-01
3.923923923923923751e-01	-1.253424673914056431e+00	1.016693463622375004e+00
3.933933933933934091e-01	-1.378497880475545667e+00	1.172432169063853280e+00
3.943943943943943875e-01	-1.304450165840802978e+00	1.129253722588932751e+00
3.953953953953953659e-01	-1.370126578621055691e+00	1.225972647553096317e+00
3.963963963963963999e-01	-1.224590003451943465e+00	1.111621132022869940e+00
3.973973973973973783e-01	-1.179698726867704384e+00	1.098026625004497214e+00
3.983983983983984123e-01	-1.183525399209652162e+00	1.133230828846285787e+00
3.993993993993993907e-01	-1.255964423062177593e+00	1.237097118277710628e+00
4.004004004004003692e-01	-1.386407734374112133e+00	1.398986352212851836e+00
4.014014014014014031e-01	-1.471597415461766589e+00	1.515609517484147073e+00
4.024024024024023816e-01	-1.325115672790127208e+00	1.400517737372527938e+00
4.034034034034034155e-01	-1.371313502702479425e+00	1.478030968073837714e+00
4.044044044044043940e-01	-1.673394265819235116e+00	1.811321603791888446e+00
4.054054054054054279e-01	-1.386335154895267818e+00	1.555335975217116751e+00
4.064064064064064064e-01	-1.299397550566560477e+00	1.499304735791365140e+00
4.074074074074073848e-01	-1.317992810164474893e+00	1.548608680906913726e+00
4.084084084084084187e-01	-1.359084502580608644e+00	1.620181012992697678e+00
4.094094094094093972e-01	-1.445541547013038164e+00	1.736860510288584569e+00
4.104104104104104311e-01	-1.620261627707714425e+00	1.941514971391857580e+00
4.114114114114114096e-01	-1.399358530327456718e+00	1.750228581178786991e+00
4.124124124124123880e-01	-1.548483165226620661e+00	1.928622963350215658e+00
4.134134134134134220e-01	-1.526496760261373264e+00	1.935530402202119360e+00
4.144144144144144004e-01	-1.213101378327982260e+00	1.650624388784885488e+00
4.154154154154154344e-01	-1.241440694672136358e+00	1.707020426466094198e+00
4.164164164164164128e-01	-1.244187333765494063e+00	1.737363395664967891e+00
4.174174174174173912e-01	-1.272862986991328160e+00	1.793147698972906712e+00
4.184184184184184252e-01	-1.190061744503870367e+00	1.736940619997497492e+00
4.194194194194194036e-01	-1.075736121061766415e+00	1.648668375703784994e+00
4.204204204204204376e-01	-1.039936560538387456e+00	1.638355646929314569e+00
4.214214214214214160e-01	-1.016900061705768410e+00	1.640214229643984112e+00
4.224224224224223945e-01	-1.331643238192686152e+00	1.979236119830079410e+00
4.234234234234234284e-01	-1.156232753521702739e+00	1.827463972862604979e+00
4.244244244244244069e-01	-1.099771723377292343e+00	1.793977529518014702e+00
4.254254254254254408e-01	-1.075799528138453587e+00	1.792293451621236766e+00
4.264264264264264193e-01	-9.572235997773527183e-01	1.695297131409690738e+00
4.274274274274273977e-01	-1.433213400753060141e+00	2.192136692221148042e+00
4.284284284284284317e-01	-1.241484086934549813e+00	2.020506672518040503e+00
4.294294294294294101e-01	-1.139180520612657732e+00	1.937532059287063291e+00
4.304304304304304440e-01	-1.149514649424931534e+00	1.966405686617836768e+00
4.314314314314314225e-01	-1.280066654308160246e+00	2.114689402555977260e+00
4.324324324324324564e-01	-1.003176024978663650e+00	1.854705162711975053e+00
4.334334334334334349e-01	-1.060437505112916234e+00	1.928030992780517705e+00
4.344344344344344133e-01	-1.157621821448450161e+00	2.040421734173069268e+00
4.354354354354354473e-01	-1.069413301652713866e+00	1.966546677595027548e+00
4.364364364364364257e-01	-1.060463062453182559e+00	1.971042766045217887e+00
4.374374374374374597e-01	-1.017874598207332948e+00	1.941000197401645089e+00
4.384384384384384381e-01	-9.269356979701853794e-01	1.861694354637336346e+00
4.394394394394394165e-01	-1.021835278170661665e+00	1.967302650764524596e+00
4.404404404404404505e-01	-1.049461137370472308e+00	2.004702294968759180e+00
4.414414414414414289e-01	-1.157678846100826275e+00	2.121749192916976501e+00
4.424424424424424629e-01	-1.060883053241684637e+00	2.032829262693918615e+00
4.434434434434434413e-01	-1.009315220252094525e+00	1.988176177665955890e+00
4.444444444444444198e-01	-8.845528695843407618e-01	1.869360622596548449e+00
4.454454454454454537e-01	-8.860691715110380340e-01	1.875849887234821489e+00
4.464464464464464322e-01	-8.741411045956977155e-01	1.867916032601121712e+00
4.474474474474474661e-01	-1.112237189222173628e+00	2.109023629379207954e+00
4.484484484484484446e-01	-1.095501304202806780e+00	2.094313578430075928e+00
4.494494494494494230e-01	-9.626008811657408293e-01	1.962451308124041116e+00
4.504504504504504570e-01	-1.134038519817424318e+00	2.133938391584173200e+00
4.514514514514514354e-01	-8.929202402265892236e-01	1.891880799985416584e+00
4.524524524524524693e-01	-9.081313125437354694e-01	1.905164732322425669e+00
4.534534534534534478e-01	-8.928860921117897087e-01	1.887006449601729141e+00
4.544544544544544262e-01	-9.089409397492339560e-01	1.899165193240432536e+00
4.554554554554554602e-01	-6.884159592480505463e-01	1.673764919715667210e+00
4.564564564564564386e-01	-8.966214349934055194e-01	1.876120734374522092e+00
4.574574574574574726e-01	-1.098015163865108113e+00	2.070696218568268243e+00
4.584584584584584510e-01	-7.886329536945433372e-01	1.753533922389282296e+00
4.594594594594594295e-01	-8.502127873232260269e-01	1.806379522062477427e+00
4.604604604604604634e-01	-8.570498574574353379e-01	1.803536847192287684e+00
4.614614614614614418e-01	-9.273956398445625249e-01	1.863266945398375007e+00
4.624624624624624758e-01	-8.739002019162878110e-01	1.798230381493596486e+00
4.634634634634634542e-01	-8.089893715525213747e-01	1.720864395867555352e+00
4.644644644644644327e-01	-7.930935357125686869e-01	1.691611691832436870e+00
4.654654654654654666e-01	-4.124350507783779429e-01	1.296707833787155817e+00
4.664664664664664451e-01	-7.996261286633645771e-01	1.668779120265364124e+00
4.674674674674674790e-01	-8.381226813947092458e-01	1.691296414588101760e+00
4.684684684684684575e-01	-1.086779368796720657e+00	1.923130177762497395e+00
4.694694694694694914e-01	-8.560232642554248539e-01	1.674724118621253366e+00
4.704704704704704699e-01	-1.199012749384228194e+00	1.999254072038260555e+00
4.714714714714714483e-01	-9.463040937930788932e-01	1.727294561438997622e+00
4.724724724724724823e-01	-1.053470027507191542e+00	1.814437353168859124e+00
4.734734734734734607e-01	-1.159576162631801965e+00	1.899767859333746589e+00
4.744744744744744946e-01	-8.107723180732300250e-01	1.529456442941767857e+00
4.754754754754754731e-01	-8.042978180614098749e-01	1.500763696110632317e+00
4.764764764764764515e-01	-7.337881222154808425e-01	1.407347049102347203e+00
4.774774774774774855e-01	-9.798491359205158124e-01	1.629835058974162809e+00
4.784784784784784639e-01	-6.261687507296003208e-01	1.251938927581407679e+00
4.794794794794794979e-01	-7.773217218636370163e-01	1.378257356026759695e+00
4.804804804804804763e-01	-7.082710068986749485e-01	1.283777859668566057e+00
4.814814814814814548e-01	-6.903276921375521846e-01	1.239836670208359193e+00
4.824824824824824887e-01	-8.825606607447787910e-01	1.405528378960581914e+00
4.834834834834834671e-01	-9.565909910010547135e-01	1.452500309685444746e+00
4.844844844844845011e-01	-8.143903480342481460e-01	1.282750884366909094e+00
4.854854854854854795e-01	-1.322842128585950627e+00	1.763190741520570093e+00
4.864864864864864580e-01	-8.087948278797452151e-01	1.220696076123739315e+00
4.874874874874874919e-01	-9.391075857784926262e-01	1.322154158381661393e+00
4.884884884884884704e-01	-1.041540655405470472e+00	1.395353774531810087e+00
4.894894894894895043e-01	-1.085996518445574432e+00	1.410226313929946018e+00
4.904904904904904828e-01	-1.228453929395469713e+00	1.522779784714751949e+00
4.914914914914914612e-01	-1.166655481994621990e+00	1.430786351311230220e+00
4.924924924924924952e-01	-1.111671672336738803e+00	1.345346368300991191e+00
4.934934934934934736e-01	-9.658341825810720094e-01	1.168821634607834836e+00
4.944944944944945076e-01	-6.842813360939420386e-01	8.563808188581104597e-01
4.954954954954954860e-01	-1.010372919551844939e+00	1.151414251476765127e+00
4.964964964964965199e-01	-1.113406953106472530e+00	1.223250664648973141e+00
4.974974974974974984e-01	-1.170279104704276429e+00	1.248816576269946355e+00
4.984984984984984768e-01	-1.258354252174392229e+00	1.305507821526699752e+00
4.994994994994995108e-01	-1.206196580311602595e+00	1.221919619368643461e+00
5.005005005005005447e-01	-1.074565999683908757e+00	1.058842960626867447e+00
5.015015015015015232e-01	-1.216476445745801493e+00	1.169322876393495081e+00
5.025025025025025016e-01	-1.051353883643801002e+00	9.728164120781321866e-01
5.035035035035034801e-01	-1.152987836016430734e+00	1.043144124473931234e+00
5.045045045045044585e-01	-1.228477823471828767e+00	1.087436491546911466e+00
5.055055055055055480e-01	-1.263507040552663163e+00	1.091407557788494076e+00
5.065065065065065264e-01	-1.382834131937576760e+00	1.179846679910815155e+00
5.075075075075075048e-01	-1.396629957443213721e+00	1.162955261478962443e+00
5.085085085085084833e-01	-1.476289859057037690e+00	1.212158989740432347e+00
5.095095095095094617e-01	-1.173951228408405933e+00	8.796253730891248068e-01
5.105105105105105512e-01	-1.157957786045106019e+00	8.337279905607337671e-01
5.115115115115115296e-01	-1.103733135231358409e+00	7.499200161050199043e-01
5.125125125125125081e-01	-1.367571240957201839e+00	9.845246683540357369e-01
5.135135135135134865e-01	-1.503292282726446549e+00	1.091391034482456668e+00
5.145145145145144649e-01	-1.406850113737514674e+00	9.665015008028964294e-01
5.155155155155155544e-01	-1.332500620545929326e+00	8.641400842132680449e-01
5.165165165165165329e-01	-1.277982649152990202e+00	7.820733304686012799e-01
5.175175175175175113e-01	-1.156773721283601786e+00	6.338060030678012158e-01
5.185185185185184897e-01	-1.211869213456268524e+00	6.623602353854626257e-01
5.195195195195194682e-01	-9.778637148738681395e-01	4.023568621039794735e-01
5.205205205205205576e-01	-1.133062810480419236e+00	5.321271763172960023e-01
5.215215215215215361e-01	-1.206934991412778047e+00	5.811648145609730198e-01
5.225225225225225145e-01	-1.395285950592652036e+00	7.453000275390073703e-01
5.235235235235234930e-01	-1.328343918158486847e+00	6.547849912716213749e-01
5.245245245245244714e-01	-1.149374339695291791e+00	4.529084616460715695e-01
5.255255255255255609e-01	-1.290388439496509498e+00	5.717043146279712218e-01
5.265265265265265393e-01	-1.065551133153419983e+00	3.253594364514774684e-01
5.275275275275275177e-01	-1.075645195643309737e+00	3.146778699816418223e-01
5.285285285285284962e-01	-1.520506358112120537e+00	7.395158904662036958e-01
5.295295295295294746e-01	-1.235201913020042008e+00	4.349605903660114237e-01
5.305305305305305641e-01	-1.694937614045341379e+00	8.762367596795135327e-01
5.315315315315315425e-01	-1.366355977977908642e+00	5.300051690121335701e-01
5.325325325325325210e-01	-1.268892567528054904e+00	4.157188343346620574e-01
5.335335335335334994e-01	-1.305454968498319213e+00	4.363019768963211087e-01
5.345345345345344779e-01	-1.351055352816126875e+00	4.667825698073504448e-01
5.355355355355355673e-01	-1.360195847018877746e+00	4.616776908990108952e-01
5.365365365365365458e-01	-1.246849481819912286e+00	3.349744575048780870e-01
5.375375375375375242e-01	-1.279102788834771243e+00	3.547726092574630119e-01
5.385385385385385026e-01	-1.255543774526101108e+00	3.196724689722897361e-01
5.395395395395394811e-01	-1.352218583707314403e+00	4.057315939724630560e-01
5.405405405405405705e-01	-1.374630315002881797e+00	4.184635802636312851e-01
5.415415415415415490e-01	-1.550073473646056632e+00	5.851725049513174515e-01
5.425425425425425274e-01	-1.437972232960560204e+00	4.652911782574002952e-01
5.435435435435435059e-01	-1.120275782158687949e+00	1.407764827775719318e-01
5.445445445445444843e-01	-1.291659310300610874e+00	3.063103498329949881e-01
5.455455455455455738e-01	-1.307686381757053429e+00	3.174621282658546262e-01
5.465465465465465522e-01	-1.085957271169504690e+00	9.183691367956536844e-02
5.475475475475475307e-01	-1.576098178509064418e+00	5.790647587303743293e-01
5.485485485485485091e-01	-1.200726777876197193e+00	2.017662181173699443e-01
5.495495495495495986e-01	-1.423404758766365186e+00	4.235048869996163035e-01
5.505505505505505770e-01	-1.297013555637992477e+00	2.971631286796920790e-01
5.515515515515515554e-01	-1.213785977744703315e+00	2.149737035174341671e-01
5.525525525525525339e-01	-1.160865431759431132e+00	1.640789916023966954e-01
5.535535535535535123e-01	-1.246073533768489616e+00	2.522986057630650647e-01
5.545545545545546018e-01	-1.284265240836482302e+00	2.944845251126991803e-01
5.555555555555555802e-01	-9.972632899581458377e-01	1.245553694593792837e-02
5.565565565565565587e-01	-1.360310985468420109e+00	3.814500280545585209e-01
5.575575575575575371e-01	-1.112559794492199439e+00	1.406135850399653497e-01
5.585585585585585155e-01	-1.286326507661261331e+00	3.222561608451096626e-01
5.595595595595596050e-01	-1.311634346483643521e+00	3.563931888853572039e-01
5.605605605605605835e-01	-9.803789264927664782e-01	3.491155389890321370e-02
5.615615615615615619e-01	-1.168513289028146884e+00	2.337546323609954735e-01
5.625625625625625403e-01	-1.187254706511973845e+00	2.641291073176604831e-01
5.635635635635635188e-01	-1.488668827897944302e+00	5.780891243059085305e-01
5.645645645645646082e-01	-1.431695629130439462e+00	5.345622531881260020e-01
5.655655655655655867e-01	-1.342442261841101381e+00	4.596423491164817188e-01
5.665665665665665651e-01	-1.293269719824326591e+00	4.256762321567245655e-01
5.675675675675675436e-01	-1.207225111486777580e+00	3.556959737534647337e-01
5.685685685685685220e-01	-1.243269692444649133e+00	4.086469441968312299e-01
5.695695695695696115e-01	-1.095950119059740491e+00	2.790590818668357009e-01
5.705705705705705899e-01	-1.088794954432743767e+00	2.904434157583376530e-01
5.715715715715715683e-01	-1.342137303126048398e+00	5.631147175425560425e-01
5.725725725725725468e-01	-1.214729218115667031e+00	4.558059266475782412e-01
5.735735735735735252e-01	-1.084514193682153627e+00	3.464406620498137190e-01
5.745745745745746147e-01	-1.064903712034957373e+00	3.484097885521746374e-01
5.755755755755755931e-01	-1.197554453032450228e+00	5.033486468917270917e-01
5.765765765765765716e-01	-1.317898822508578149e+00	6.466676031676736880e-01
5.775775775775775500e-01	-1.315427671392805031e+00	6.678347897554107737e-01
5.785785785785785285e-01	-1.216068461833512471e+00	5.927542938952943263e-01
5.795795795795796179e-01	-1.080898173440982823e+00	4.824790870500561546e-01
5.805805805805805964e-01	-1.372451535113581977e+00	7.995192804715609558e-01
5.815815815815815748e-01	-1.310515083836599759e+00	7.636362083429729664e-01
5.825825825825825532e-01	-1.283979011606135368e+00	7.636942996245558168e-01
5.835835835835835317e-01	-9.971050857597386630e-01	5.039290238602622818e-01
5.845845845845846211e-01	-1.148641118057205812e+00	6.830613862632484157e-01
5.855855855855855996e-01	-1.066081289151197264e+00	6.285582786942913724e-01
5.865865865865865780e-01	-9.922557801852780468e-01	5.832221382445323954e-01
5.875875875875875565e-01	-8.137595616934673037e-01	4.336197635698694763e-01
5.885885885885885349e-01	-1.003798182336029576e+00	6.529281314846965278e-01
5.895895895895896244e-01	-1.428409403467499894e+00	1.107156059783355406e+00
5.905905905905906028e-01	-1.095716326581229971e+00	8.043973633056840100e-01
5.915915915915915813e-01	-1.060539739747188959e+00	7.994432293351005914e-01
5.925925925925925597e-01	-1.106917720585412157e+00	8.763018498429704373e-01
5.935935935935935381e-01	-1.148785826915051933e+00	9.488786416902442733e-01
5.945945945945946276e-01	-9.735798043375363253e-01	8.045789840156861716e-01
5.955955955955956060e-01	-8.980306576362285798e-01	7.601033196635759159e-01
5.965965965965965845e-01	-1.047376628222896677e+00	9.406591628515371672e-01
5.975975975975975629e-01	-1.097602727243374598e+00	1.022200662660970982e+00
5.985985985985985414e-01	-1.297343152634404362e+00	1.253331050612019215e+00
5.995995995995996308e-01	-1.282952123704972136e+00	1.270373505866233099e+00
6.006006006006006093e-01	-1.458479460773417280e+00	1.477346765557884911e+00
6.016016016016015877e-01	-1.182208053369903977e+00	1.232502623733269242e+00
6.026026026026025662e-01	-1.401469984025357940e+00	1.483142085888562001e+00
6.036036036036035446e-01	-1.294096715146793253e+00	1.407065586575862115e+00
6.046046046046046341e-01	-1.417642038429063556e+00	1.561795969497023373e+00
6.056056056056056125e-01	-1.392582166451977521e+00	1.567778609703846637e+00
6.066066066066065909e-01	-1.397219706523292082e+00	1.603285417934983137e+00
6.076076076076075694e-01	-1.635017488825730281e+00	1.871748699117407266e+00
6.086086086086086588e-01	-1.448808787414646471e+00	1.715971403549166885e+00
6.096096096096096373e-01	-1.463408392677270076e+00	1.760738229344443351e+00
6.106106106106106157e-01	-1.600608433954514576e+00	1.927811474812285875e+00
6.116116116116115942e-01	-1.679020949819864272e+00	2.035773638234094296e+00
6.126126126126125726e-01	-1.444494761475227484e+00	1.830444320470553166e+00
6.136136136136136621e-01	-1.345888955240715612e+00	1.760653736346124543e+00
6.146146146146146405e-01	-1.545318177455206943e+00	1.988488038099333721e+00
6.156156156156156189e-01	-1.507502884284964928e+00	1.978639593367982119e+00
6.166166166166165974e-01	-1.527955936856173258e+00	2.026593608097162935e+00
6.176176176176175758e-01	-1.502353177792021155e+00	2.027998730423341556e+00
6.186186186186186653e-01	-1.423449680653590788e+00	1.975583327006662504e+00
6.196196196196196437e-01	-1.867254239367338364e+00	2.445329998867709520e+00
6.206206206206206222e-01	-1.676916008814598458e+00	2.280362247878023663e+00
6.216216216216216006e-01	-1.827553674397103478e+00	2.455773671692743854e+00
6.226226226226225791e-01	-1.698166236852433952e+00	2.350538773374224455e+00
6.236236236236236685e-01	-1.726796010422234628e+00	2.402675983784914759e+00
6.246246246246246470e-01	-1.744394275600744226e+00	2.443113337953111586e+00
6.256256256256256254e-01	-1.897921186417515393e+00	2.618788405342099335e+00
6.266266266266266038e-01	-1.809687963056966220e+00	2.551990504802573501e+00
6.276276276276275823e-01	-1.406576469801288587e+00	2.169580304172815222e+00
6.286286286286286717e-01	-1.532300774547532329e+00	2.315251400755995892e+00
6.296296296296296502e-01	-1.540300088650047972e+00	2.342423281405091373e+00
6.306306306306306286e-01	-1.613957154607418953e+00	2.434459729714505194e+00
6.316316316316316071e-01	-1.481020343959836616e+00	2.319090942665062993e+00
6.326326326326325855e-01	-1.448403370470740192e+00	2.303213261777665277e+00
6.336336336336336750e-01	-1.562006719855778991e+00	2.432710620020906767e+00
6.346346346346346534e-01	-1.536625335839972406e+00	2.422362244236501372e+00
6.356356356356356319e-01	-1.449879167407782887e+00	2.349773217931099722e+00
6.366366366366366103e-01	-1.674463333669718779e+00	2.587624660842701818e+00
6.376376376376375887e-01	-1.549593053624240824e+00	2.475118672545917775e+00
6.386386386386386782e-01	-1.494287635738126507e+00	2.431262335005564434e+00
6.396396396396396566e-01	-1.366115765202673860e+00	2.313613011923103091e+00
6.406406406406406351e-01	-1.481218142043273733e+00	2.438300998041544432e+00
6.416416416416416135e-01	-1.193335977657746794e+00	2.159058025973100925e+00
6.426426426426425920e-01	-1.156077209043050003e+00	2.129483489799051998e+00
6.436436436436436814e-01	-1.415385954614985176e+00	2.395513909337161795e+00
6.446446446446446599e-01	-1.561357725145637199e+00	2.547238148593032658e+00
6.456456456456456383e-01	-1.487820539340071857e+00	2.478478537909503565e+00
6.466466466466466168e-01	-1.329487642391234958e+00	2.323943598146512635e+00
6.476476476476475952e-01	-1.378371545932475462e+00	2.375642085305307738e+00
6.486486486486486847e-01	-1.416956021722597603e+00	2.416054987927279019e+00
6.496496496496496631e-01	-1.117051651572637860e+00	2.116991079772931439e+00
6.506506506506506415e-01	-1.154611751973807499e+00	2.154402846237733815e+00
6.516516516516516200e-01	-1.587619449884552392e+00	2.586273560961009021e+00
6.526526526526525984e-01	-1.352063179110669866e+00	2.348592782061007078e+00
6.536536536536536879e-01	-1.320008858641163130e+00	2.313428529358974028e+00
6.546546546546546663e-01	-1.355866019045087967e+00	2.345193408698581283e+00
6.556556556556556448e-01	-1.431709807422803626e+00	2.415966613856172174e+00
6.566566566566566232e-01	-1.457713125076905314e+00	2.435926060210114485e+00
6.576576576576576016e-01	-1.523295654886346995e+00	2.494497407156724300e+00
6.586586586586586911e-01	-1.471855192810200386e+00	2.435085383704112427e+00
6.596596596596596696e-01	-1.582381558482345962e+00	2.536687692211094802e+00
6.606606606606606480e-01	-1.609279639367940717e+00	2.553718044748769955e+00
6.616616616616616264e-01	-1.660521767876481203e+00	2.594158531487328112e+00
6.626626626626626049e-01	-1.449543080813348261e+00	2.371454970498574788e+00
6.636636636636636943e-01	-1.491172457617681690e+00	2.400447835431569477e+00
6.646646646646646728e-01	-1.542541561932415206e+00	2.438281285617670768e+00
6.656656656656656512e-01	-1.751144488383908682e+00	2.632462800493716504e+00
6.666666666666666297e-01	-1.639849295772556781e+00	2.505874699556997154e+00
6.676676676676676081e-01	-1.427131483523315314e+00	2.277007604714002209e+00
6.686686686686686976e-01	-1.702740502354306296e+00	2.535626935995079378e+00
6.696696696696696760e-01	-1.476804746842725446e+00	2.291877888328988089e+00
6.706706706706706544e-01	-1.478327704052454727e+00	2.274781563557385144e+00
6.716716716716716329e-01	-1.690476555785573209e+00	2.467523555267864044e+00
6.726726726726726113e-01	-1.803062543903630743e+00	2.559934295908623536e+00
6.736736736736737008e-01	-1.723956898122100290e+00	2.459904965606203309e+00
6.746746746746746792e-01	-1.715897568261582906e+00	2.430194204688604476e+00
6.756756756756756577e-01	-1.741897733698644313e+00	2.433836602676192395e+00
6.766766766766766361e-01	-2.010462188056037380e+00	2.679359061800377084e+00
6.776776776776777256e-01	-1.716953812440376925e+00	2.362147248379069087e+00
6.786786786786787040e-01	-1.666836468971434559e+00	2.287688463814678386e+00
6.796796796796796825e-01	-1.775424690591278720e+00	2.371321311225177642e+00
6.806806806806806609e-01	-1.957764798836560960e+00	2.528116789414464716e+00
6.816816816816816393e-01	-1.797248942509053204e+00	2.341492307140633056e+00
6.826826826826827288e-01	-1.736524622733651713e+00	2.254121183195529454e+00
6.836836836836837072e-01	-1.653408546282801650e+00	2.143846474199222474e+00
6.846846846846846857e-01	-1.896296098694607801e+00	2.359090421661908632e+00
6.856856856856856641e-01	-2.118874953722996501e+00	2.553568034877391923e+00
6.866866866866866426e-01	-1.623162319887014426e+00	2.029324310441487977e+00
6.876876876876877320e-01	-2.113406769594485812e+00	2.490636033897255075e+00
6.886886886886887105e-01	-1.971736183024422662e+00	2.319659695718707226e+00
6.896896896896896889e-01	-1.618773818373641982e+00	1.937047533265952914e+00
6.906906906906906674e-01	-1.735201878832431488e+00	2.023511069104653615e+00
6.916916916916916458e-01	-1.604191360631794350e+00	1.862250930060646237e+00
6.926926926926927353e-01	-2.002104757874972218e+00	2.229659522751054279e+00
6.936936936936937137e-01	-2.224457474372660393e+00	2.421282415840367186e+00
6.946946946946946921e-01	-2.313260043411010436e+00	2.479160529979723027e+00
6.956956956956956706e-01	-2.096178211979375927e+00	2.230990191985960713e+00
6.966966966966966490e-01	-2.219896700537555834e+00	2.323486864369797456e+00
6.976976976976977385e-01	-2.286994982379864982e+00	2.359260894300452271e+00
6.986986986986987169e-01	-2.126046259634164937e+00	2.166916459074878176e+00
6.996996996996996954e-01	-1.978650274678075638e+00	1.988084346903972177e+00
7.007007007007006738e-01	-2.337132525468527344e+00	2.315121141542300975e+00
7.017017017017016522e-01	-2.395131432033410945e+00	2.341696358040356252e+00
7.027027027027027417e-01	-2.479199865410189663e+00	2.394393940934681275e+00
7.037037037037037202e-01	-2.226977959109775806e+00	2.110885044984544212e+00
7.047047047047046986e-01	-2.279647746312232659e+00	2.132382641692091685e+00
7.057057057057056770e-01	-1.940232248855697783e+00	1.761940577697723498e+00
7.067067067067066555e-01	-1.901622623939628332e+00	1.692480691002063997e+00
7.077077077077077449e-01	-1.905763969044570016e+00	1.665978585546835200e+00
7.087087087087087234e-01	-1.638791255843024430e+00	1.368599534959241470e+00
7.097097097097097018e-01	-1.812554454475365562e+00	1.512223576863615637e+00
7.107107107107106803e-01	-2.004939770271520594e+00	1.674766719870685705e+00
7.117117117117116587e-01	-1.923809937126435221e+00	1.564121207481902864e+00
7.127127127127127482e-01	-2.021298849731500535e+00	1.632450121140111232e+00
7.137137137137137266e-01	-1.885687778389210978e+00	1.468063566182743696e+00
7.147147147147147050e-01	-1.616057873707770209e+00	1.170071148022695073e+00
7.157157157157156835e-01	-1.774652513368289108e+00	1.300744290777848144e+00
7.167167167167166619e-01	-1.927877430552602300e+00	1.426516337964999881e+00
7.177177177177177514e-01	-1.995653307324972925e+00	1.467335118578920294e+00
7.187187187187187298e-01	-1.815410328835561193e+00	1.260657474451444049e+00
7.197197197197197083e-01	-2.112498479375992666e+00	1.531859529947388276e+00
7.207207207207206867e-01	-2.112875386177596404e+00	1.506924509914050692e+00
7.217217217217216652e-01	-2.105329901915786728e+00	1.474666296873230253e+00
7.227227227227227546e-01	-1.929548079326037335e+00	1.274795380886301510e+00
7.237237237237237331e-01	-1.957604191773063329e+00	1.279409855958397291e+00
7.247247247247247115e-01	-2.192386287987400539e+00	1.491420951219804447e+00
7.257257257257256899e-01	-2.129775979263330843e+00	1.406732795201823816e+00
7.267267267267266684e-01	-2.255088942393498552e+00	1.510682896505080475e+00
7.277277277277277578e-01	-2.064309881021539894e+00	1.299277083563649571e+00
7.287287287287287363e-01	-1.912189298342318322e+00	1.127286256455914515e+00
7.297297297297297147e-01	-1.955117749408669781e+00	1.151120619041730464e+00
7.307307307307306932e-01	-1.955184946925681233e+00	1.132888765326873992e+00
7.317317317317316716e-01	-2.064245582821160774e+00	1.224463482362621924e+00
7.327327327327327611e-01	-2.146540142492818770e+00	1.290102546599472877e+00
7.337337337337337395e-01	-2.271272011661955137e+00	1.399025813642469362e+00
7.347347347347347180e-01	-1.703731369236867854e+00	8.165390948282651440e-01
7.357357357357356964e-01	-2.259712288196992880e+00	1.358451242651048441e+00
7.367367367367367859e-01	-1.945227402952125262e+00	1.030788803506959006e+00
7.377377377377377643e-01	-2.191934048924991441e+00	1.265222143519706410e+00
7.387387387387387427e-01	-2.076664429920045851e+00	1.138595603023880631e+00
7.397397397397397212e-01	-2.217616919179131951e+00	1.269118785619337775e+00
7.407407407407406996e-01	-2.324515381222772348e+00	1.366525868907283670e+00
7.417417417417417891e-01	-2.318935809928287739e+00	1.352402232370246260e+00
7.427427427427427675e-01	-1.922019804594333081e+00	9.478979241555969271e-01
7.437437437437437460e-01	-2.205557321062335152e+00	1.224810403842295781e+00
7.447447447447447244e-01	-2.290856490099018039e+00	1.304454353403303513e+00
7.457457457457457028e-01	-2.104590474601812922e+00	1.113508527932793424e+00
7.467467467467467923e-01	-2.223920039124917647e+00	1.229138319642332444e+00
7.477477477477477708e-01	-1.953279377625124713e+00	9.557815810306250492e-01
7.487487487487487492e-01	-2.382563797871424693e+00	1.383336305675345379e+00
7.497497497497497276e-01	-2.122838030077122351e+00	1.122868934209375613e+00
7.507507507507507061e-01	-2.040609710566856361e+00	1.040887836296467750e+00
7.517517517517517955e-01	-2.381251361255358301e+00	1.382765289384835894e+00
7.527527527527527740e-01	-2.211618457021010009e+00	1.215355546322455460e+00
7.537537537537537524e-01	-1.970339202265447343e+00	9.772846131250797486e-01
7.547547547547547309e-01	-2.090829396610303981e+00	1.101965116846868042e+00
7.557557557557557093e-01	-2.040259871675837555e+00	1.056563745496227114e+00
7.567567567567567988e-01	-1.864301852317254315e+00	8.867466133695680597e-01
7.577577577577577772e-01	-2.039254914868579682e+00	1.068807224348782281e+00
7.587587587587587556e-01	-1.880231528600892821e+00	9.178510193642593906e-01
7.597597597597597341e-01	-2.081373233494934194e+00	1.128011561117504336e+00
7.607607607607607125e-01	-2.127100689778887777e+00	1.183700591507305555e+00
7.617617617617618020e-01	-2.037553730312717803e+00	1.105048092833010198e+00
7.627627627627627804e-01	-1.958852218136727164e+00	1.038163155083864364e+00
7.637637637637637589e-01	-1.910011140864322332e+00	1.002049080984775964e+00
7.647647647647647373e-01	-1.750765031268368688e+00	8.564278181373405907e-01
7.657657657657657158e-01	-2.002184841934222970e+00	1.122356846117791962e+00
7.667667667667668052e-01	-1.932446436264929401e+00	1.067997680805063743e+00
7.677677677677677837e-01	-1.954993753761528286e+00	1.106779053848726324e+00
7.687687687687687621e-01	-1.662595543906340900e+00	8.314536615906468198e-01
7.697697697697697405e-01	-1.901399829313983325e+00	1.088152644090249144e+00
7.707707707707707190e-01	-1.984197035548540100e+00	1.189648731636093970e+00
7.717717717717718084e-01	-1.815147928054483994e+00	1.040084199174883484e+00
7.727727727727727869e-01	-1.960163929181945264e+00	1.205351201621146728e+00
7.737737737737737653e-01	-1.886092754311645248e+00	1.152277429034916700e+00
7.747747747747747438e-01	-1.994385273352861310e+00	1.282292987921833882e+00
7.757757757757757222e-01	-2.214721258909958301e+00	1.525056169931693351e+00
7.767767767767768117e-01	-1.998571812812861781e+00	1.332015899630490718e+00
7.777777777777777901e-01	-1.968316342410544095e+00	1.325528732724004621e+00
7.787787787787787686e-01	-2.182332396387114404e+00	1.563948714470897672e+00
7.797797797797797470e-01	-2.103423245127661989e+00	1.510054983290038955e+00
7.807807807807807254e-01	-1.734875925160264787e+00	1.167109839065556098e+00
7.817817817817818149e-01	-1.747702061621323466e+00	1.206099590073134165e+00
7.827827827827827933e-01	-1.623949885398843440e+00	1.109046595158030168e+00
7.837837837837837718e-01	-1.937293802057339143e+00	1.449598858243702715e+00
7.847847847847847502e-01	-1.693976507234984386e+00	1.233972169836370147e+00
7.857857857857857287e-01	-1.680656310329096126e+00	1.248797457315797388e+00
7.867867867867868181e-01	-1.591785014098269890e+00	1.188498691614289005e+00
7.877877877877877966e-01	-1.597304899705101144e+00	1.222989899781081302e+00
7.887887887887887750e-01	-1.821505598974578310e+00	1.476532065179985365e+00
7.897897897897897534e-01	-1.501639407198122500e+00	1.186348468622619556e+00
7.907907907907907319e-01	-1.645108602807733966e+00	1.359812036733682117e+00
7.917917917917918214e-01	-1.602042415651296903e+00	1.347022339250986356e+00
7.927927927927927998e-01	-1.718880445954704017e+00	1.494389037317130020e+00
7.937937937937937782e-01	-1.351802391242255874e+00	1.158061640005355386e+00
7.947947947947947567e-01	-1.628076129042979714e+00	1.465277616877884492e+00
7.957957957957957351e-01	-1.705552050399181674e+00	1.573856761563555695e+00
7.967967967967968246e-01	-1.572180153257233037e+00	1.471718315405064592e+00
7.977977977977978030e-01	-1.729381097975291048e+00	1.660252053380504522e+00
7.987987987987987815e-01	-1.629018557019598967e+00	1.591290664340881955e+00
7.997997997997997599e-01	-1.702005935888025290e+00	1.695716502571956052e+00
8.008008008008007383e-01	-1.296059097595103182e+00	1.321214342984476042e+00
8.018018018018018278e-01	-1.325972254672338702e+00	1.382547303856130227e+00
8.028028028028028062e-01	-1.344150675402210338e+00	1.432089583813269229e+00
8.038038038038037847e-01	-1.408934178749715826e+00	1.528149987485888817e+00
8.048048048048047631e-01	-1.128064128600483773e+00	1.278438950414418684e+00
8.058058058058058526e-01	-1.110135767301305698e+00	1.291520903173956958e+00
8.068068068068068310e-01	-1.056568716816619347e+00	1.268784802999125993e+00
8.078078078078078095e-01	-9.974608755968803475e-01	1.240298060975468353e+00
8.088088088088087879e-01	-1.262863911223159441e+00	1.536082064831624461e+00
8.098098098098097664e-01	-1.089472417380402902e+00	1.392801365855027340e+00
8.108108108108108558e-01	-1.047259132127120962e+00	1.380398926869178311e+00
8.118118118118118343e-01	-8.062525125552651994e-01	1.168873726336930430e+00
8.128128128128128127e-01	-7.395080877552935306e-01	1.131252140475691226e+00
8.138138138138137911e-01	-9.904062886509714669e-01	1.410885801920184646e+00
8.148148148148147696e-01	-8.392016283794413445e-01	1.288000808579901069e+00
8.158158158158158590e-01	-6.286284863470532613e-01	1.105303535793480174e+00
8.168168168168168375e-01	-9.083010095135870543e-01	1.412380565304912849e+00
8.178178178178178159e-01	-5.932722218527899383e-01	1.124257821982109995e+00
8.188188188188187944e-01	-9.641470082290480859e-01	1.521513584490688853e+00
8.198198198198197728e-01	-7.788809259146091124e-01	1.362077323120880035e+00
8.208208208208208623e-01	-8.200654177770413389e-01	1.428514938771257459e+00
8.218218218218218407e-01	-7.879482394332424366e-01	1.421049215360064455e+00
8.228228228228228192e-01	-9.025930018319315851e-01	1.559719387101119681e+00
8.238238238238237976e-01	-8.923393500962667479e-01	1.572841341451517660e+00
8.248248248248247760e-01	-9.133195247980934184e-01	1.616524203878774824e+00
8.258258258258258655e-01	-7.159032580276792901e-01	1.441115256788077836e+00
8.268268268268268439e-01	-7.018924783777389376e-01	1.448394666705791423e+00
8.278278278278278224e-01	-4.814596976979122478e-01	1.248513892553510418e+00
8.288288288288288008e-01	-4.690650413919170147e-01	1.255912736763505455e+00
8.298298298298297793e-01	-6.768117463118777932e-01	1.482674863269544563e+00
8.308308308308308687e-01	-5.294342016257364003e-01	1.353515857729101768e+00
8.318318318318318472e-01	-3.912653546014370765e-01	1.232750651901487249e+00
8.328328328328328256e-01	-5.075929431971342165e-01	1.365649774052820842e+00
8.338338338338338041e-01	-4.949146131147560412e-01	1.368694483027482978e+00
8.348348348348347825e-01	-4.483359959650711213e-01	1.336974862617426485e+00
8.358358358358358720e-01	-3.381418351201242456e-01	1.240760962789158706e+00
8.368368368368368504e-01	-4.950247715616259425e-01	1.410731600061794877e+00
8.378378378378378288e-01	-4.789621001271291423e-01	1.406851127423637715e+00
8.388388388388388073e-01	-4.225476334589275407e-01	1.361701311078694188e+00
8.398398398398397857e-01	-5.017494744255228678e-01	1.451239114780335848e+00
8.408408408408408752e-01	-4.858658742763923843e-01	1.444752569001042319e+00
8.418418418418418536e-01	-6.520731029465032247e-01	1.619408651343793082e+00
8.428428428428428321e-01	-5.260648515882420106e-01	1.500892698262775715e+00
8.438438438438438105e-01	-2.160418936136063173e-01	1.197398074367165055e+00
8.448448448448447889e-01	-2.776269266459759355e-01	1.264541021699135737e+00
8.458458458458458784e-01	-3.270104057774474438e-01	1.318506499374832330e+00
8.468468468468468568e-01	-2.527368065632065175e-01	1.247834452013472539e+00
8.478478478478478353e-01	-4.056428169056744970e-01	1.403358006101935729e+00
8.488488488488488137e-01	-4.349351719096279378e-01	1.434281308371608832e+00
8.498498498498497922e-01	-4.559753844907634690e-01	1.455964258966477409e+00
8.508508508508508816e-01	-8.878798602009513319e-01	1.887522627863181146e+00
8.518518518518518601e-01	-6.778092880266746167e-01	1.676117446297942903e+00
8.528528528528528385e-01	-6.433160131769608547e-01	1.639302379216065475e+00
8.538538538538538170e-01	-8.588934708931779127e-01	1.851573157776698286e+00
8.548548548548547954e-01	-9.088524595965677966e-01	1.897243850230041051e+00
8.558558558558558849e-01	-9.091811320339913127e-01	1.892306849829695548e+00
8.568568568568568633e-01	-1.125963831136032489e+00	2.102851706497525619e+00
8.578578578578578417e-01	-9.515515519784566445e-01	1.921235583636144328e+00
8.588588588588588202e-01	-9.763266226220088662e-01	1.937847932869134926e+00
8.598598598598597986e-01	-8.633232067298768353e-01	1.815730989614329216e+00
8.608608608608608881e-01	-6.253792238508139034e-01	1.567731685385132856e+00
8.618618618618618665e-01	-6.310801293484785690e-01	1.562445418808333653e+00
8.628628628628628450e-01	-6.756284983213990403e-01	1.595085629711604724e+00
8.638638638638638234e-01	-6.709284240426324208e-01	1.577568186819522600e+00
8.648648648648649129e-01	-6.189698853818234037e-01	1.511895743531392000e+00
8.658658658658658913e-01	-7.648278331214076742e-01	1.643156811704177045e+00
8.668668668668668698e-01	-6.876252693380224823e-01	1.550488827623953458e+00
8.678678678678678482e-01	-6.995135530934951662e-01	1.546058443423556250e+00
8.688688688688688266e-01	-8.242965461297819818e-01	1.653685657654865970e+00
8.698698698698699161e-01	-5.828420168887666897e-01	1.394255203351632666e+00
8.708708708708708945e-01	-4.631520016582613142e-01	1.255786892399947341e+00
8.718718718718718730e-01	-5.523145814647476559e-01	1.325387374853465250e+00
8.728728728728728514e-01	-4.112874257206733941e-01	1.164033664218629083e+00
8.738738738738738299e-01	-4.748388811707268120e-01	1.206514207272407102e+00
8.748748748748749193e-01	-2.978192126719624300e-01	1.007700104966391619e+00
8.758758758758758978e-01	-5.639830584711741368e-01	1.251367547100283417e+00
8.768768768768768762e-01	-4.431364222014501641e-01	1.107344783007064404e+00
8.778778778778778547e-01	-6.285221265730176476e-01	1.268897553246044918e+00
8.788788788788788331e-01	-6.336880316210266040e-01	1.249597285188208895e+00
8.798798798798799226e-01	-9.554002852061997952e-01	1.546234320212158897e+00
8.808808808808809010e-01	-5.397758529389569127e-01	1.104950419704349152e+00
8.818818818818818794e-01	-8.981618432101116101e-01	1.437118065570328618e+00
8.828828828828828579e-01	-8.499211214439537088e-01	1.362126049397069938e+00
8.838838838838838363e-01	-9.507303537185878284e-01	1.435677490436078951e+00
8.848848848848849258e-01	-1.016398018072120601e+00	1.473607820751198005e+00
8.858858858858859042e-01	-9.110606907544325228e-01	1.340081044816758826e+00
8.868868868868868827e-01	-8.172184346361393015e-01	1.217625100803944260e+00
8.878878878878878611e-01	-8.951015210807143907e-01	1.266498554888285000e+00
8.888888888888888395e-01	-8.055608801044704670e-01	1.147581023430143121e+00
8.898898898898899290e-01	-1.117466242921281827e+00	1.429771287152770132e+00
8.908908908908909074e-01	-1.171500543895541702e+00	1.453781664369513615e+00
8.918918918918918859e-01	-1.101042872272161244e+00	1.353020933657288039e+00
8.928928928928928643e-01	-9.091062754064109797e-01	1.130532107727973301e+00
8.938938938938938428e-01	-9.202539440257941905e-01	1.110908589058859919e+00
8.948948948948949322e-01	-1.103461988243004344e+00	1.263156916030552912e+00
8.958958958958959107e-01	-7.239750291130007120e-01	8.525523243948699426e-01
8.968968968968968891e-01	-1.037671014916029755e+00	1.135003533284334454e+00
8.978978978978978676e-01	-1.157984736170208917e+00	1.223976229796833071e+00
8.988988988988988460e-01	-6.148668505662198136e-01	6.494520633780387353e-01
8.998998998998999355e-01	-1.004573922019780907e+00	1.007718654227516719e+00
9.009009009009009139e-01	-1.114271309689016443e+00	1.085972451605899280e+00
9.019019019019018923e-01	-1.012845061948115744e+00	9.531305970649084358e-01
9.029029029029028708e-01	-8.451082216300452865e-01	7.540371989434049294e-01
9.039039039039038492e-01	-9.265975746467992602e-01	8.042600502683440178e-01
9.049049049049049387e-01	-1.102835107015870619e+00	9.493520551196543700e-01
9.059059059059059171e-01	-8.722083932884581170e-01	6.877315864849672389e-01
9.069069069069068956e-01	-1.197272441621971328e+00	9.819843008768839310e-01
9.079079079079078740e-01	-1.341035751715066615e+00	1.095149165961217363e+00
9.089089089089088525e-01	-1.160836124525170598e+00	8.845942401460985538e-01
9.099099099099099419e-01	-1.060868080462495033e+00	7.545440608557119067e-01
9.109109109109109204e-01	-1.281073121544892279e+00	9.449698770026779826e-01
9.119119119119118988e-01	-1.476366396184590979e+00	1.110816284359371853e+00
9.129129129129128772e-01	-1.138892762374307699e+00	7.442572596248682171e-01
9.139139139139138557e-01	-1.553267865456101182e+00	1.129937209399569431e+00
9.149149149149149451e-01	-1.643421908562634259e+00	1.191814712185740088e+00
9.159159159159159236e-01	-1.370444837923795900e+00	8.910076756349882832e-01
9.169169169169169020e-01	-1.427266419105150286e+00	9.204733851368780417e-01
9.179179179179178805e-01	-1.440533811901141492e+00	9.068860514990206845e-01
9.189189189189188589e-01	-1.429690379842846859e+00	8.697155937052541974e-01
9.199199199199199484e-01	-1.458586161075910326e+00	8.728380835340719957e-01
9.209209209209209268e-01	-1.632614845692181849e+00	1.021672697146758235e+00
9.219219219219219053e-01	-1.276394508288910989e+00	6.408624224445275130e-01
9.229229229229228837e-01	-1.204205986099744052e+00	5.447124125638498349e-01
9.239239239239238621e-01	-1.279431368243129974e+00	5.966284510799436669e-01
9.249249249249249516e-01	-1.194800093913347405e+00	4.893630267673955148e-01
9.259259259259259300e-01	-7.729437483546552912e-01	4.557010678160633432e-02
9.269269269269269085e-01	-9.875110170490460915e-01	2.389200687140562440e-01
9.279279279279278869e-01	-1.086233813042855489e+00	3.171658064685404232e-01
9.289289289289288654e-01	-1.059074701197108226e+00	2.702901337644794122e-01
9.299299299299299548e-01	-9.002803512317745227e-01	9.255921715796688876e-02
9.309309309309309333e-01	-7.586990671816054022e-01	-6.715991378193764128e-02
9.319319319319319117e-01	-9.051283062707788929e-01	6.194813388455744363e-02
9.329329329329328901e-01	-8.021036126403428002e-01	-5.756396754040082886e-02
9.339339339339339796e-01	-9.886453616396019273e-01	1.133404609617895131e-01
9.349349349349349581e-01	-1.068446799229376021e+00	1.783701284074696858e-01
9.359359359359359365e-01	-1.032707944356245910e+00	1.287396608942300569e-01
9.369369369369369149e-01	-1.151787335107991250e+00	2.348213333119787416e-01
9.379379379379378934e-01	-7.064119457023996240e-01	-2.226450272519617801e-01
9.389389389389389828e-01	-9.908530235802130992e-01	5.062378287045465886e-02
9.399399399399399613e-01	-9.388711980769410825e-01	-1.160055922317060340e-02
9.409409409409409397e-01	-7.560307038876035168e-01	-2.037436904655852699e-01
9.419419419419419182e-01	-5.125840089240122355e-01	-4.555439439781059363e-01
9.429429429429428966e-01	-6.740436337145688794e-01	-3.014805387672688797e-01
9.439439439439439861e-01	-2.716185431754993829e-01	-7.103371961220075193e-01
9.449449449449449645e-01	-5.014886564759665211e-01	-4.859276369808224194e-01
9.459459459459459429e-01	-4.892956497145413142e-01	-5.026047855443354084e-01
9.469469469469469214e-01	-4.714867123902769519e-01	-5.239170181437353691e-01
9.479479479479478998e-01	-3.148122441492521295e-01	-6.831104708789910163e-01
9.489489489489489893e-01	-2.557293513516485373e-01	-7.437255464774208402e-01
9.499499499499499677e-01	-3.425973420507135159e-01	-6.574014217778838542e-01
9.509509509509509462e-01	-5.321545236346594265e-01	-4.673992515871044917e-01
9.519519519519519246e-01	-2.955811640807137763e-01	-7.025392079574327431e-01
9.529529529529529031e-01	-1.229320635932295847e-01	-8.727679081136081596e-01
9.539539539539539925e-01	-4.307984946368771384e-01	-5.614964730179364816e-01
9.549549549549549710e-01	-3.047656442108863661e-01	-6.831430827292918062e-01
9.559559559559559494e-01	-3.674494492703010984e-01	-6.150961376523270685e-01
9.569569569569569278e-01	-2.943429997255342379e-01	-6.818678512488961507e-01
9.579579579579579063e-01	-4.594302764382399706e-01	-5.094805067979100155e-01
9.589589589589589957e-01	-7.391650907962871164e-03	-9.532609515143580792e-01
9.599599599599599742e-01	-3.358448244594216536e-01	-6.155996502237554013e-01
9.609609609609609526e-01	-2.402583219835910944e-01	-7.010371835459130452e-01
9.619619619619619311e-01	-6.957510472830547021e-02	-8.606406261002990110e-01
9.629629629629629095e-01	-1.558071852064372431e-01	-7.624089216738376695e-01
9.639639639639639990e-01	-5.037800437291466149e-02	-8.549304952096821175e-01
9.649649649649649774e-01	-2.523764747301451838e-01	-6.391291979681394952e-01
9.659659659659659559e-01	-1.431496879045587589e-01	-7.336715873285963863e-01
9.669669669669669343e-01	-1.241210194765667296e-01	-7.371488084626646176e-01
9.679679679679679127e-01	1.279246605993645813e-01	-9.727913695551838602e-01
9.689689689689690022e-01	-2.665893279670768223e-02	-8.009692058060238207e-01
9.699699699699699806e-01	5.186720160738733654e-02	-8.614383649481325289e-01
9.709709709709709591e-01	-9.401389645566504694e-02	-6.966997424594287835e-01
9.719719719719719375e-01	1.270242608661555639e-01	-8.980984735648812611e-01
9.729729729729729160e-01	1.328704379265252533e-01	-8.835427431792517439e-01
9.739739739739740054e-01	3.254976338994101104e-01	-1.055025725021599303e+00
9.749749749749749839e-01	5.417480517525309347e-01	-1.249410530639037287e+00
9.759759759759759623e-01	4.179853560765136589e-01	-1.103082446560294860e+00
9.769769769769769407e-01	3.913048158307693147e-01	-1.053159055660638943e+00
9.779779779779779192e-01	3.176938789626557180e-01	-9.556507897157704434e-01
9.789789789789790087e-01	4.869796855863440799e-01	-1.100408419853007080e+00
9.799799799799799871e-01	4.494495634800669825e-01	-1.037743528680871608e+00
9.809809809809809655e-01	4.543925442908774426e-01	-1.016970002509315352e+00
9.819819819819819440e-01	3.692744078648737549e-01	-9.055790511022583367e-01
9.829829829829829224e-01	2.923034742841099654e-01	-8.018049745679866058e-01
9.839839839839840119e-01	5.882840728742657621e-01	-1.070478606676315225e+00
9.849849849849849903e-01	3.119045084868999895e-01	-7.663152549317773232e-01
9.859859859859859688e-01	4.678483406260639521e-01	-8.940259529985005171e-01
9.869869869869869472e-01	3.339876796887117361e-01	-7.315107297726273217e-01
9.879879879879879256e-01	4.680582146373977181e-01	-8.365336094476517603e-01
9.889889889889890151e-01	7.124164848129846961e-01	-1.051479855307658973e+00
9.899899899899899935e-01	5.400023185268436610e-01	-8.493183799157129066e-01
9.909909909909909720e-01	6.941758181999588828e-01	-9.734387014927907700e-01
9.919919919919919504e-01	6.900682053889858336e-01	-9.390017598558807466e-01
9.929929929929930399e-01	6.089303190433750235e-01	-8.272883852880217326e-01
9.939939939939940183e-01	6.473842760140899877e-01	-8.349509293899264328e-01
9.949949949949949968e-01	7.316596307865403936e-01	-8.882493949150989110e-01
9.959959959959959752e-01	8.335955327175710305e-01	-9.590535628978693605e-01
9.969969969969969537e-01	7.642776264639051798e-01	-8.584798627915352087e-01
9.979979979979980431e-01	8.735286758082538849e-01	-9.363819658527340328e-01
9.989989989989990216e-01	7.151273600527228158e-01	-7.465695509718430767e-01
1.000000000000000000e+00	8.276804560738980632e-01	-8.276804560738992844e-01
