# Time	RLS_Output	RLS_Error
0.000000000000000000e+00	0.000000000000000000e+00	0.000000000000000000e+00
1.001001001001000992e-03	0.000000000000000000e+00	0.000000000000000000e+00
2.002002002002001985e-03	0.000000000000000000e+00	0.000000000000000000e+00
3.003003003003002977e-03	0.000000000000000000e+00	0.000000000000000000e+00
4.004004004004003969e-03	0.000000000000000000e+00	0.000000000000000000e+00
5.005005005005004962e-03	0.000000000000000000e+00	0.000000000000000000e+00
6.006006006006005954e-03	0.000000000000000000e+00	0.000000000000000000e+00
7.007007007007006946e-03	0.000000000000000000e+00	0.000000000000000000e+00
8.008008008008007939e-03	0.000000000000000000e+00	0.000000000000000000e+00
9.009009009009008931e-03	0.000000000000000000e+00	0.000000000000000000e+00
1.001001001001000992e-02	0.000000000000000000e+00	0.000000000000000000e+00
1.101101101101101092e-02	0.000000000000000000e+00	0.000000000000000000e+00
1.201201201201201191e-02	0.000000000000000000e+00	0.000000000000000000e+00
1.301301301301301290e-02	0.000000000000000000e+00	0.000000000000000000e+00
1.401401401401401389e-02	0.000000000000000000e+00	0.000000000000000000e+00
1.501501501501501488e-02	0.000000000000000000e+00	0.000000000000000000e+00
1.601601601601601588e-02	0.000000000000000000e+00	0.000000000000000000e+00
1.701701701701701513e-02	0.000000000000000000e+00	0.000000000000000000e+00
1.801801801801801786e-02	0.000000000000000000e+00	0.000000000000000000e+00
1.901901901901902059e-02	0.000000000000000000e+00	0.000000000000000000e+00
2.002002002002001985e-02	0.000000000000000000e+00	0.000000000000000000e+00
2.102102102102101910e-02	0.000000000000000000e+00	0.000000000000000000e+00
2.202202202202202183e-02	0.000000000000000000e+00	0.000000000000000000e+00
2.302302302302302456e-02	0.000000000000000000e+00	0.000000000000000000e+00
2.402402402402402382e-02	0.000000000000000000e+00	0.000000000000000000e+00
2.502502502502502307e-02	0.000000000000000000e+00	7.076624788865043536e-01
2.602602602602602580e-02	3.240696827656388002e-01	4.054584083565496155e-01
2.702702702702702853e-02	4.915467123844386998e-01	2.591255928682856258e-01
2.802802802802802778e-02	5.929410759478207504e-01	1.781331367509039199e-01
2.902902902902902704e-02	6.416395781451728064e-01	1.490740607699209130e-01
3.003003003003002977e-02	7.698625267429267671e-01	3.970863659781720401e-02
3.103103103103103250e-02	8.007046604580487781e-01	2.692347814468243339e-02
3.203203203203203175e-02	8.172030829648702088e-01	2.766362599094751573e-02
3.303303303303303101e-02	7.802800087509034199e-01	8.098981918832737215e-02
3.403403403403403027e-02	7.854033670156093105e-01	9.141790821754414154e-02
3.503503503503503647e-02	8.447346430312241417e-01	4.677102966705981579e-02
3.603603603603603572e-02	8.642784101908894678e-01	4.103008939170715852e-02
3.703703703703703498e-02	9.189011507558073610e-01	-6.850438755333643215e-04
3.803803803803804118e-02	9.484768669055995138e-01	-1.826113607699531016e-02
3.903903903903904044e-02	9.864519149550341481e-01	-4.515640942553089676e-02
4.004004004004003969e-02	1.005317360468624521e+00	-5.387288578544779938e-02
4.104104104104103895e-02	9.397290200019208228e-01	2.092358242040015526e-02
4.204204204204203821e-02	8.654836107376168153e-01	1.034271724985327268e-01
4.304304304304304440e-02	9.452078389676518144e-01	3.100301200677779700e-02
4.404404404404404366e-02	9.898188324155192674e-01	-7.273245492891544650e-03
4.504504504504504292e-02	9.888806331957923357e-01	-9.719062556142743503e-04
4.604604604604604912e-02	9.489907708072686798e-01	4.330419684754505116e-02
4.704704704704704837e-02	9.991825943335397309e-01	-3.482622626702069901e-03
4.804804804804804763e-02	1.064665982483455231e+00	-6.654561044530893366e-02
4.904904904904904689e-02	1.053876005138403960e+00	-5.432222991664015233e-02
5.005005005005004615e-02	1.072786777016622173e+00	-7.278801318802474718e-02
5.105105105105105234e-02	9.959325371049015940e-01	3.522360724167672430e-03
5.205205205205205160e-02	1.023700184927223811e+00	-2.577746989898055396e-02
5.305305305305305086e-02	9.836530391000372076e-01	1.175069143397533544e-02
5.405405405405405705e-02	9.466166789979738594e-01	4.528375626090297423e-02
5.505505505505505631e-02	9.229940429803760171e-01	6.442225047641292335e-02
5.605605605605605557e-02	9.265613951355859967e-01	5.539434416192068333e-02
5.705705705705705483e-02	1.009963359159607110e+00	-3.443918667776835196e-02
5.805805805805805409e-02	1.045359032548318412e+00	-7.723107964619957411e-02
5.905905905905906028e-02	1.003927009678511562e+00	-4.415261532532255284e-02
6.006006006006005954e-02	1.017748184740065565e+00	-6.727642743995398966e-02
6.106106106106105880e-02	1.040797903339176322e+00	-1.005686626294173269e-01
6.206206206206206499e-02	9.912303090516328963e-01	-6.217333609727015986e-02
6.306306306306305731e-02	9.339824663517068970e-01	-1.701646455569338912e-02
6.406406406406406351e-02	9.166778055799198466e-01	-1.270952211790365993e-02
6.506506506506506970e-02	9.390706671295491192e-01	-4.899399630764322833e-02
6.606606606606606202e-02	9.116556731095317723e-01	-3.635077243171869199e-02
6.706706706706706822e-02	9.533188336222040427e-01	-9.365125344145885933e-02
6.806806806806806054e-02	8.818549489171556566e-01	-3.867477653093298606e-02
6.906906906906906674e-02	8.753915081022455302e-01	-4.953252713870226476e-02
7.007007007007007293e-02	9.106703639513920034e-01	-1.029492298775852577e-01
7.107107107107106525e-02	9.179592110380412340e-01	-1.291746436054097558e-01
7.207207207207207145e-02	9.052355266930106614e-01	-1.361675201186937079e-01
7.307307307307307764e-02	8.901420161798645481e-01	-1.415510678448739235e-01
7.407407407407406996e-02	8.964587843838793813e-01	-1.690851428108305354e-01
7.507507507507507616e-02	8.737779195081570860e-01	-1.683408523622039743e-01
7.607607607607608236e-02	8.314003942140468784e-01	-1.485974770508577958e-01
7.707707707707707467e-02	7.977683594690412328e-01	-1.382747859331451279e-01
7.807807807807808087e-02	7.851359396570990468e-01	-1.496038538127149042e-01
7.907907907907907319e-02	7.722249754240648745e-01	-1.612828268786418162e-01
8.008008008008007939e-02	7.232017554449345909e-01	-1.374536779030952616e-01
8.108108108108108558e-02	7.621252644400062781e-01	-2.021504783024108409e-01
8.208208208208207790e-02	7.553658118032002822e-01	-2.217180514010776982e-01
8.308308308308308410e-02	7.071711593728289280e-01	-2.003781254045563509e-01
8.408408408408407642e-02	7.146532649062596887e-01	-2.352161026174497405e-01
8.508508508508508261e-02	7.547378437637692894e-01	-3.031306473868738971e-01
8.608608608608608881e-02	7.737959254759660954e-01	-3.504652694194315687e-01
8.708708708708708113e-02	7.591635877735368743e-01	-3.645280850240957826e-01
8.808808808808808732e-02	7.002213811757962425e-01	-3.346712693505772274e-01
8.908908908908909352e-02	6.919988667793061099e-01	-3.558956222370902589e-01
9.009009009009008584e-02	6.973516108481213616e-01	-3.910275912413375687e-01
9.109109109109109204e-02	6.872319999851443928e-01	-4.109901156060699057e-01
9.209209209209209823e-02	6.655814851071997218e-01	-4.196948993533495820e-01
9.309309309309309055e-02	6.619490365711430124e-01	-4.466608958260526729e-01
9.409409409409409675e-02	6.543898455642739309e-01	-4.699130387607813875e-01
9.509509509509508907e-02	6.922035759323128534e-01	-5.387205240360961600e-01
9.609609609609609526e-02	6.844100192339183097e-01	-5.620724948554609579e-01
9.709709709709710146e-02	7.414976016237588841e-01	-6.504265789371181938e-01
9.809809809809809378e-02	6.766642423254140004e-01	-6.169497774422036951e-01
9.909909909909909997e-02	6.148364932374662528e-01	-5.865376351543479805e-01
1.001001001001000923e-01	6.792987660276541551e-01	-6.824434982353901891e-01
1.011011011011010985e-01	5.095569225593870044e-01	-5.441421353712042608e-01
1.021021021021021047e-01	2.801968851489489154e-01	-3.461883787755695718e-01
1.031031031031030970e-01	2.242932858190587464e-01	-3.216258041873609197e-01
1.041041041041041032e-01	-2.205888255810298931e-02	-1.065184127237654987e-01
1.051051051051051094e-01	-1.800020760334842054e-02	-1.416947201842010950e-01
1.061061061061061017e-01	-1.060450718980159301e-01	-8.460957313504852140e-02
1.071071071071071079e-01	-2.667244094739574800e-01	4.529857715239860028e-02
1.081081081081081141e-01	-2.626897169936015519e-01	1.071165560847636700e-02
1.091091091091091064e-01	-8.158277228475052656e-02	-2.006983481892209986e-01
1.101101101101101126e-01	-5.107697287838969258e-02	-2.612280713530998333e-01
1.111111111111111049e-01	-8.223090952197101289e-03	-3.337970523734711259e-01
1.121121121121121111e-01	-1.981144227186384110e-01	-1.732826110889294779e-01
1.131131131131131173e-01	-2.046329766134271644e-01	-1.957736895543766842e-01
1.141141141141141097e-01	-1.757537172363308198e-01	-2.532666368259954837e-01
1.151151151151151159e-01	-2.407310164944245212e-01	-2.164787861846546591e-01
1.161161161161161082e-01	-1.666216591166816141e-01	-3.183254776008056508e-01
1.171171171171171144e-01	-1.861032832243577073e-01	-3.261016447287564124e-01
1.181181181181181206e-01	-2.181311849333398833e-01	-3.208250374268765692e-01
1.191191191191191129e-01	-1.886452053158181319e-01	-3.765293614495745511e-01
1.201201201201201191e-01	-1.901241198083930550e-01	-4.007099151975647144e-01
1.211211211211211253e-01	-4.584355414373720849e-01	-1.574737121298074305e-01
1.221221221221221176e-01	-4.046456029805930443e-01	-2.357298236924327828e-01
1.231231231231231238e-01	-5.105880968737408487e-01	-1.536202639318731133e-01
1.241241241241241300e-01	-7.270322825596952088e-01	3.964779393058504020e-02
1.251251251251251362e-01	-6.703058718908806446e-01	-3.957502040354798911e-02
1.261261261261261146e-01	-8.562393463738584565e-01	1.245640202721804979e-01
1.271271271271271208e-01	-8.354445030732609023e-01	8.269826457530626840e-02
1.281281281281281270e-01	-8.853302829096715287e-01	1.122574895209540458e-01
1.291291291291291332e-01	-1.009688537023713861e+00	2.170536462820291668e-01
1.301301301301301394e-01	-1.075395071965493443e+00	2.639818855026275779e-01
1.311311311311311179e-01	-1.033110167867157259e+00	2.037210563420748244e-01
1.321321321321321240e-01	-1.231299764963402987e+00	3.847548746333425695e-01
1.331331331331331302e-01	-1.224966870222690352e+00	3.621033119367592645e-01
1.341341341341341364e-01	-1.201869287302681943e+00	3.235403087199131278e-01
1.351351351351351426e-01	-1.085207684806016593e+00	1.922818266564482181e-01
1.361361361361361211e-01	-9.607795482124545927e-01	5.413978543556563494e-02
1.371371371371371273e-01	-1.087681442469560666e+00	1.682243110793555374e-01
1.381381381381381335e-01	-1.001403169917626013e+00	7.003788045777203930e-02
1.391391391391391397e-01	-1.123770597614589528e+00	1.814181360802709086e-01
1.401401401401401459e-01	-1.211222989196955035e+00	2.588152063125035429e-01
1.411411411411411521e-01	-1.191085224773740459e+00	2.295639145266148429e-01
1.421421421421421305e-01	-1.235145225254692614e+00	2.654611935970050407e-01
1.431431431431431367e-01	-1.160684614058522746e+00	1.837967386970301709e-01
1.441441441441441429e-01	-9.126616077402581739e-01	-7.046411005544594985e-02
1.451451451451451491e-01	-8.259488261469353221e-01	-1.624425644865373775e-01
1.461461461461461553e-01	-9.835322864595291703e-01	-9.147400423991092211e-03
1.471471471471471337e-01	-8.663778362110425846e-01	-1.296085298280617026e-01
1.481481481481481399e-01	-8.779481489352506385e-01	-1.203600093360175372e-01
1.491491491491491461e-01	-9.342229352834621192e-01	-6.541983237876780599e-02
1.501501501501501523e-01	-9.652828574480353252e-01	-3.470601702767872609e-02
1.511511511511511585e-01	-8.694941491964276459e-01	-1.298519872655532481e-01
1.521521521521521647e-01	-8.804044555249690429e-01	-1.173107336712924109e-01
1.531531531531531432e-01	-9.354678764586774609e-01	-5.962976899158867194e-02
1.541541541541541493e-01	-9.240427568600724229e-01	-6.745333673731246371e-02
1.551551551551551555e-01	-1.003288027603864263e+00	1.637393255070418441e-02
1.561561561561561617e-01	-8.767334765490665260e-01	-1.046227042044929334e-01
1.571571571571571679e-01	-1.026314094928329590e+00	5.148624825379544134e-02
1.581581581581581464e-01	-1.121145603045542671e+00	1.538100546482523701e-01
1.591591591591591526e-01	-1.195750948113081469e+00	2.368642533884316448e-01
1.601601601601601588e-01	-1.175866383894816902e+00	2.263767435400035888e-01
1.611611611611611650e-01	-1.046043801690931918e+00	1.068901240711639389e-01
1.621621621621621712e-01	-1.010154293245761004e+00	8.226526594925154257e-02
1.631631631631631496e-01	-9.925622435771449537e-01	7.685541507697546404e-02
1.641641641641641558e-01	-1.094798455758934530e+00	1.921793280899002365e-01
1.651651651651651620e-01	-9.949648296528068592e-01	1.063259630004508294e-01
1.661661661661661682e-01	-9.889244269414614319e-01	1.151445570287328302e-01
1.671671671671671744e-01	-1.048685697852294041e+00	1.906288669966066385e-01
1.681681681681681528e-01	-9.340734831313367570e-01	9.258818583128636259e-02
1.691691691691691590e-01	-8.239388089139174642e-01	-1.428471894470151327e-04
1.701701701701701652e-01	-7.061973324775072669e-01	-9.966578448016227831e-02
1.711711711711711714e-01	-7.020508724268842426e-01	-8.479682294470602955e-02
1.721721721721721776e-01	-5.060346362913707985e-01	-2.610195585642280935e-01
1.731731731731731838e-01	-5.455188219858445597e-01	-2.009833663422073702e-01
1.741741741741741623e-01	-5.777466606469349175e-01	-1.474653381134628516e-01
1.751751751751751685e-01	-5.451792018216462532e-01	-1.580254772590378165e-01
1.761761761761761746e-01	-5.130299076230929733e-01	-1.674720837321594935e-01
1.771771771771771808e-01	-5.641134945514570953e-01	-9.301289071773133355e-02
1.781781781781781870e-01	-6.108447678545297910e-01	-2.225620807229111708e-02
1.791791791791791655e-01	-6.453041678843852713e-01	3.685464689016737516e-02
1.801801801801801717e-01	-7.166867918431973905e-01	1.334903946369234706e-01
1.811811811811811779e-01	-7.374490258362201844e-01	1.800824495745776410e-01
1.821821821821821841e-01	-7.717617642224740004e-01	2.407761640931534997e-01
1.831831831831831903e-01	-8.938854842496454234e-01	3.898059284583208495e-01
1.841841841841841965e-01	-8.120774130323765716e-01	3.354023635859494368e-01
1.851851851851851749e-01	-9.151484114118129121e-01	4.663492312113504679e-01
1.861861861861861811e-01	-8.698348962518970273e-01	4.493553829826826829e-01
1.871871871871871873e-01	-8.110351276808147603e-01	4.192910749604168430e-01
1.881881881881881935e-01	-7.927874142943516222e-01	4.301662005126843380e-01
1.891891891891891997e-01	-7.150675447368703974e-01	3.819277499948127153e-01
1.901901901901901781e-01	-6.757785389337850335e-01	3.724495904591577089e-01
1.911911911911911843e-01	-6.177265925871352481e-01	3.445084389786689516e-01
1.921921921921921905e-01	-5.541756105977151403e-01	3.113384252191278012e-01
1.931931931931931967e-01	-4.578001680666692885e-01	2.455840818841614481e-01
1.941941941941942029e-01	-3.571014447710736950e-01	1.757163088984229349e-01
1.951951951951951814e-01	-2.132425007456995036e-01	6.286767893176251065e-02
1.961961961961961876e-01	-9.297148549540458495e-02	-2.624432324076966805e-02
1.971971971971971938e-01	1.136500706215164969e-01	-2.015889790325783859e-01
1.981981981981981999e-01	2.820493307401246708e-01	-3.386243799239174179e-01
1.991991991991992061e-01	3.714790134878633299e-01	-3.966342588772392985e-01
2.002002002002001846e-01	4.361578230783191845e-01	-4.298683897622521677e-01
2.012012012012011908e-01	4.352840273255166870e-01	-3.975561346467999524e-01
2.022022022022021970e-01	5.330907234002221218e-01	-4.639616788054377605e-01
2.032032032032032032e-01	5.439861140803646800e-01	-4.435242762281966789e-01
2.042042042042042094e-01	5.778201361180538287e-01	-4.461248472824298483e-01
2.052052052052052156e-01	3.948707761702859864e-01	-2.320722640051919305e-01
2.062062062062061940e-01	3.439433618763361178e-01	-1.502026106394393490e-01
2.072072072072072002e-01	2.873684309532880121e-01	-6.287702231571601352e-02
2.082082082082082064e-01	2.672023705596706655e-01	-1.218229415936056270e-02
2.092092092092092126e-01	3.136056613701345697e-01	-2.830909529608488517e-02
2.102102102102102188e-01	4.001300502307736373e-01	-8.483911165527102671e-02
2.112112112112111972e-01	4.017852470097875162e-01	-5.681171321519745687e-02
2.122122122122122034e-01	5.000775553526519701e-01	-1.257625554286332381e-01
2.132132132132132096e-01	4.205098114045079383e-01	-1.722348892052744107e-02
2.142142142142142158e-01	4.344980117552535992e-01	-2.639158741956693088e-03
2.152152152152152220e-01	3.986190927596948708e-01	6.138524463891592564e-02
2.162162162162162282e-01	3.937517964119069402e-01	9.394314740172760025e-02
2.172172172172172067e-01	3.897725142432595935e-01	1.251307759975525680e-01
2.182182182182182129e-01	5.006788347956639962e-01	4.092363675252574939e-02
2.192192192192192191e-01	5.363632514308044330e-01	3.140283466390336731e-02
2.202202202202202252e-01	4.241467088067961133e-01	1.692215530308243676e-01
2.212212212212212314e-01	4.271673451611379124e-01	1.912163367550778204e-01
2.222222222222222099e-01	3.962226297146271281e-01	2.465649799719113466e-01
2.232232232232232161e-01	5.527820054389470661e-01	1.137739077434243296e-01
2.242242242242242223e-01	4.983087007640524813e-01	1.913563882142090278e-01
2.252252252252252285e-01	5.062176925527794857e-01	2.058745928782458323e-01
2.262262262262262347e-01	5.142060631649850722e-01	2.196092621117426980e-01
2.272272272272272131e-01	5.969121030163436759e-01	1.579006245444547485e-01
2.282282282282282193e-01	5.834602468379983531e-01	1.916034820416030460e-01
2.292292292292292255e-01	6.436387037364647012e-01	1.509096001759788752e-01
2.302302302302302317e-01	5.186672603882921395e-01	2.945799248354409317e-01
2.312312312312312379e-01	5.370253281931464118e-01	2.941165541225468916e-01
2.322322322322322163e-01	5.194519903204094513e-01	3.287627095923922882e-01
2.332332332332332225e-01	5.862307784605613747e-01	2.782179769993031737e-01
2.342342342342342287e-01	5.386543121311864191e-01	3.411736836852427013e-01
2.352352352352352349e-01	6.555404333659352600e-01	2.387967797650918378e-01
2.362362362362362411e-01	7.963590960755332349e-01	1.116029638040129113e-01
2.372372372372372473e-01	6.285939203276381670e-01	2.920951427252250765e-01
2.382382382382382258e-01	7.072801364876983854e-01	2.252255009920088868e-01
2.392392392392392320e-01	8.447137254921318616e-01	9.868637277944902753e-02
2.402402402402402382e-01	8.384246610003087685e-01	1.149370113771203128e-01
2.412412412412412444e-01	7.748108875254505756e-01	1.875696217111828545e-01
2.422422422422422505e-01	7.498135539861984222e-01	2.206341365335985349e-01
2.432432432432432290e-01	8.366601869417612525e-01	1.408950520059247813e-01
2.442442442442442352e-01	8.803028581791255691e-01	1.033932680004844284e-01
2.452452452452452414e-01	7.496732982875503604e-01	2.391909814758853559e-01
2.462462462462462476e-01	8.026928390578730310e-01	1.903617500824946740e-01
2.472472472472472538e-01	9.471629458670045576e-01	4.909996483154988045e-02
2.482482482482482600e-01	9.738556074675491780e-01	2.463046440297322892e-02
2.492492492492492384e-01	8.379098206344489652e-01	1.618120536359397565e-01
2.502502502502502724e-01	8.927281337460656330e-01	1.072409621216812159e-01
2.512512512512512508e-01	8.975436209546837629e-01	1.016838712413956625e-01
2.522522522522522292e-01	9.782340322298388458e-01	1.926376436466092912e-02
2.532532532532532632e-01	9.353931456736326311e-01	5.938857380895268268e-02
2.542542542542542416e-01	9.647875553031584062e-01	2.629439136586131376e-02
2.552552552552552756e-01	9.982133562300273821e-01	-1.181121953431296667e-02
2.562562562562562540e-01	9.410360518804681274e-01	3.971086533957168818e-02
2.572572572572572325e-01	8.416296469398161229e-01	1.324922334989202533e-01
2.582582582582582664e-01	7.559537993857793348e-01	2.105797781722621442e-01
2.592592592592592449e-01	7.472849097695961618e-01	2.107046025458927385e-01
2.602602602602602788e-01	7.073725466411531215e-01	2.411255869186420542e-01
2.612612612612612573e-01	7.449925019095837708e-01	1.930763249865825593e-01
2.622622622622622357e-01	6.273478474469666999e-01	2.993640579583186634e-01
2.632632632632632697e-01	6.652815961656719512e-01	2.491570032794940825e-01
2.642642642642642481e-01	6.057776020667534622e-01	2.954834434791914211e-01
2.652652652652652820e-01	6.416602231742266627e-01	2.455320512343774908e-01
2.662662662662662605e-01	7.015566289258846622e-01	1.706895690936015564e-01
2.672672672672672389e-01	6.842579196850678835e-01	1.721796762082787868e-01
2.682682682682682729e-01	7.440914680063059894e-01	9.569063245223341507e-02
2.692692692692692513e-01	7.737900727410984558e-01	4.850610885771144964e-02
2.702702702702702853e-01	7.352858225456381236e-01	6.871130782130285830e-02
2.712712712712712637e-01	5.567831395031459518e-01	2.281199023832587436e-01
2.722722722722722422e-01	7.640912588378504511e-01	9.415386200407604989e-04
2.732732732732732761e-01	7.714797640526916966e-01	-2.707371816427284195e-02
2.742742742742742545e-01	6.449304512005480383e-01	7.811273286096220847e-02
2.752752752752752885e-01	6.471515797713509599e-01	5.381375699624602049e-02
2.762762762762762669e-01	6.722018360835707584e-01	5.992499731096168070e-03
2.772772772772773009e-01	7.098686564135228139e-01	-5.511595797378876505e-02
2.782782782782782793e-01	6.045915214837163099e-01	2.607208355884116369e-02
2.792792792792792578e-01	7.243392897599341129e-01	-1.183884134963845147e-01
2.802802802802802917e-01	7.180709064066287395e-01	-1.374319569780233508e-01
2.812812812812812702e-01	8.028102640920142807e-01	-2.480574097078961371e-01
2.822822822822823041e-01	7.501651177978442275e-01	-2.218469290517934844e-01
2.832832832832832826e-01	7.507315751591718822e-01	-2.493704825715653550e-01
2.842842842842842610e-01	8.006087232758647421e-01	-3.267005006854211691e-01
2.852852852852852950e-01	8.260406555821815378e-01	-3.800539298971053470e-01
2.862862862862862734e-01	6.875914372017174481e-01	-2.699672249952505543e-01
2.872872872872873073e-01	6.685862598755867303e-01	-2.797375312841995365e-01
2.882882882882882858e-01	6.875779854747142705e-01	-3.278892558301774729e-01
2.892892892892892642e-01	7.214226597456901979e-01	-3.912496093448525891e-01
2.902902902902902982e-01	6.389576758068211682e-01	-3.386267981950700778e-01
2.912912912912912766e-01	5.601888292871339825e-01	-2.899971084033514668e-01
2.922922922922923106e-01	6.175938508449795306e-01	-3.778084673472434374e-01
2.932932932932932890e-01	5.386354932720398558e-01	-3.294935603344726349e-01
2.942942942942942675e-01	4.580023546505841425e-01	-2.797106834926068597e-01
2.952952952952953014e-01	5.115389507227114940e-01	-3.642738461025710195e-01
2.962962962962962798e-01	3.582969858363789228e-01	-2.422040717111478836e-01
2.972972972972973138e-01	3.958500629276663907e-01	-3.110441384521566155e-01
2.982982982982982922e-01	3.478785950000378158e-01	-2.944435210069801245e-01
2.992992992992992707e-01	2.287139859421656041e-01	-2.067026020159362376e-01
3.003003003003003046e-01	7.083392951088154921e-02	-8.026800173677854644e-02
3.013013013013012831e-01	1.155297140893516705e-01	-1.563999135300619958e-01
3.023023023023023170e-01	7.212779376437811196e-02	-1.443937056849659006e-01
3.033033033033032955e-01	-9.977565450243917888e-02	-3.814509329799403714e-03
3.043043043043043294e-01	-7.135320697681221680e-02	-6.345877302977154244e-02
3.053053053053053079e-01	-1.666257650697426373e-01	7.252785010294637846e-04
3.063063063063062863e-01	-2.817480332378046737e-01	8.492309177010093357e-02
3.073073073073073203e-01	-4.416099690981803438e-01	2.140552042220976170e-01
3.083083083083082987e-01	-4.411469486650958505e-01	1.830873792362467389e-01
3.093093093093093326e-01	-4.584817732693261538e-01	1.701725829971034720e-01
3.103103103103103111e-01	-4.568200217520415052e-01	1.385463068597335701e-01
3.113113113113112895e-01	-4.206053716662103703e-01	7.268185897192680489e-02
3.123123123123123235e-01	-4.896731603704136404e-01	1.124438960676438226e-01
3.133133133133133019e-01	-5.222055814051909106e-01	1.160435908507199687e-01
3.143143143143143359e-01	-5.499473663260440182e-01	1.152542851716479855e-01
3.153153153153153143e-01	-5.679848705416346011e-01	1.051905475743365459e-01
3.163163163163162928e-01	-5.693152893465314168e-01	7.887736143011159218e-02
3.173173173173173267e-01	-6.010160487906537341e-01	8.341948832877577047e-02
3.183183183183183051e-01	-6.520336524518645094e-01	1.077902878202857684e-01
3.193193193193193391e-01	-6.545312940182330674e-01	8.417930344033164314e-02
3.203203203203203175e-01	-6.813185752129645723e-01	8.542195457906665013e-02
3.213213213213212960e-01	-7.420172054443717746e-01	1.211652106011291696e-01
3.223223223223223299e-01	-7.142201437016991727e-01	6.902670776300656730e-02
3.233233233233233084e-01	-7.897899942826253072e-01	1.208931205382863805e-01
3.243243243243243423e-01	-8.762940655184343619e-01	1.843551965408884996e-01
3.253253253253253208e-01	-8.992696414612056932e-01	1.849730050341847898e-01
3.263263263263262992e-01	-8.792612674098675418e-01	1.433131999257653000e-01
3.273273273273273332e-01	-7.107642163181574491e-01	-4.610753568683456649e-02
3.283283283283283116e-01	-7.315318137133748344e-01	-4.551518576891289136e-02
3.293293293293293456e-01	-6.885642489841994340e-01	-1.078896105207302059e-01
3.303303303303303240e-01	-6.539666409496065480e-01	-1.611065005366553171e-01
3.313313313313313024e-01	-7.280872663064295036e-01	-1.047991673343428021e-01
3.323323323323323364e-01	-6.816697170306308395e-01	-1.682064041600555004e-01
3.333333333333333148e-01	-7.432016407257855395e-01	-1.228237630586522799e-01
3.343343343343343488e-01	-9.650047121455187504e-01	8.368640003571148345e-02
3.353353353353353272e-01	-9.778300551470539004e-01	8.209033146179900431e-02
3.363363363363363057e-01	-1.086022265674625231e+00	1.767468878607371119e-01
3.373373373373373396e-01	-1.060382412715029421e+00	1.384705230298045597e-01
3.383383383383383181e-01	-1.081452682794028730e+00	1.478159191831825980e-01
3.393393393393393520e-01	-9.765355460509336227e-01	3.209714067010471794e-02
3.403403403403403304e-01	-9.200819569975918766e-01	-3.422417673115651926e-02
3.413413413413413644e-01	-9.171109863825456232e-01	-4.611920451136708454e-02
3.423423423423423428e-01	-9.807905990013601194e-01	9.588846730984035283e-03
3.433433433433433213e-01	-1.044103296467389752e+00	6.589036133418146868e-02
3.443443443443443552e-01	-1.036771125948881211e+00	5.251431951551266408e-02
3.453453453453453337e-01	-1.036677492704108028e+00	4.735010305061448932e-02
3.463463463463463676e-01	-1.057591662355219730e+00	6.417199163740905377e-02
3.473473473473473461e-01	-1.050393916680417039e+00	5.386431373008027101e-02
3.483483483483483245e-01	-1.044191056424180308e+00	4.553694534772390057e-02
3.493493493493493585e-01	-1.042589566028412573e+00	4.279847176448647872e-02
3.503503503503503369e-01	-1.053483596234704667e+00	5.354416803441097716e-02
3.513513513513513709e-01	-1.131600668688491407e+00	1.325017024838098800e-01
3.523523523523523493e-01	-1.007362758119704660e+00	1.009221874687193932e-02
3.533533533533533277e-01	-1.001968853205503995e+00	7.512897450226319052e-03
3.543543543543543617e-01	-1.001675614557485883e+00	1.101761598805417464e-02
3.553553553553553401e-01	-1.013430543502495063e+00	2.755012005509904771e-02
3.563563563563563741e-01	-1.102303670326445495e+00	1.221757156042690973e-01
3.573573573573573525e-01	-1.134416647463643013e+00	1.610103667076402401e-01
3.583583583583583310e-01	-1.129994949546201388e+00	1.642729012308462577e-01
3.593593593593593649e-01	-1.118106779363034153e+00	1.610239233647633439e-01
3.603603603603603434e-01	-1.055812358855388267e+00	1.083151121349580359e-01
3.613613613613613773e-01	-1.065271287771083264e+00	1.282965885036454479e-01
3.623623623623623557e-01	-9.994846132044112874e-01	7.395899428273300380e-02
3.633633633633633342e-01	-9.136748955106508419e-01	5.135683376672472988e-04
3.643643643643643681e-01	-8.267738537389215381e-01	-7.312019678439685144e-02
3.653653653653653466e-01	-7.769139556403615865e-01	-1.088229527561687116e-01
3.663663663663663805e-01	-7.708114291022342135e-01	-9.989247106289322886e-02
3.673673673673673590e-01	-7.908425946231159021e-01	-6.396729668381084810e-02
3.683683683683683929e-01	-7.864786146056674809e-01	-5.159198409955867426e-02
3.693693693693693714e-01	-8.121062668598987289e-01	-8.396308247189288032e-03
3.703703703703703498e-01	-7.800608480776072273e-01	-2.206234467743695138e-02
3.713713713713713838e-01	-8.168924039420799588e-01	3.394177773361661821e-02
3.723723723723723622e-01	-7.637565212794593661e-01	7.526869079320652745e-04
3.733733733733733962e-01	-7.393691356105991375e-01	-2.933406135010030447e-03
3.743743743743743746e-01	-7.131321241322658988e-01	-7.735094792320040824e-03
3.753753753753753530e-01	-6.938135266098015563e-01	-4.905535742566580204e-03
3.763763763763763870e-01	-6.357315254673041593e-01	-4.014844789537552749e-02
3.773773773773773654e-01	-6.851288901914107665e-01	3.275635366961948680e-02
3.783783783783783994e-01	-6.830026023481294839e-01	5.478260505248699896e-02
3.793793793793793778e-01	-6.141393970793641577e-01	1.069315801593795356e-02
3.803803803803803563e-01	-6.700338321879637515e-01	9.195807268759181863e-02
3.813813813813813902e-01	-6.545045848071945338e-01	1.023709384541248157e-01
3.823823823823823687e-01	-7.509217436888327990e-01	2.252761910575112880e-01
3.833833833833834026e-01	-7.979667880000738123e-01	2.993291167590817481e-01
3.843843843843843811e-01	-7.533366434428383496e-01	2.821999343598201593e-01
3.853853853853853595e-01	-7.607357611884091320e-01	3.175659005442812988e-01
3.863863863863863934e-01	-7.924393429919863729e-01	3.776745618865794962e-01
3.873873873873873719e-01	-8.051152265617830261e-01	4.191656675664530152e-01
3.883883883883884058e-01	-7.165539045825488618e-01	3.598012161683177279e-01
3.893893893893893843e-01	-6.408423925397183085e-01	3.136393516819458993e-01
3.903903903903903627e-01	-5.366554966201009247e-01	2.393256599529280382e-01
3.913913913913913967e-01	-5.148002099703522516e-01	2.476375938358306161e-01
3.923923923923923751e-01	-5.073164796230865692e-01	2.705852693314050317e-01
3.933933933933934091e-01	-5.394857707797579005e-01	3.334200593680655689e-01
3.943943943943943875e-01	-4.922979579846123444e-01	3.171015147327421180e-01
3.953953953953953659e-01	-4.184379285123778769e-01	2.742839974444185591e-01
3.963963963963963999e-01	-2.970167441206842396e-01	1.840478726916106589e-01
3.973973973973973783e-01	-1.512625042601328240e-01	6.959040239692571017e-02
3.983983983983984123e-01	1.884405702656005016e-03	-5.217897606602239780e-02
3.993993993993993907e-01	9.778876542973656549e-02	-1.166560702142035999e-01
4.004004004004003692e-01	1.396818885000719324e-01	-1.271032706613323127e-01
4.014014014014014031e-01	9.548117706929680482e-02	-5.146907504691632107e-02
4.024024024024023816e-01	1.813965874547307511e-01	-1.059945228723300631e-01
4.034034034034034155e-01	2.472858696401180056e-01	-1.405684042687597446e-01
4.044044044044043940e-01	1.994970532227617888e-01	-6.156971525010856983e-02
4.054054054054054279e-01	2.126068177592074226e-01	-4.360599743735846245e-02
4.064064064064064064e-01	2.996403929262571597e-01	-9.973320770145241432e-02
4.074074074074073848e-01	2.841409307318331634e-01	-5.352505998939430243e-02
4.084084084084084187e-01	2.715663733300915927e-01	-1.046986291800267033e-02
4.094094094094093972e-01	2.655284552906702622e-01	2.579050798487614315e-02
4.104104104104104311e-01	1.309382009245938228e-01	1.903151427595493883e-01
4.114114114114114096e-01	2.027684846437357580e-01	1.481015662075944594e-01
4.124124124124123880e-01	1.622147703053057610e-01	2.179250278182892908e-01
4.134134134134134220e-01	2.477115039819931530e-01	1.613221379587529980e-01
4.144144144144144004e-01	3.465145747304061996e-01	9.100843572649697233e-02
4.154154154154154344e-01	4.008162115327261743e-01	6.476352026123166628e-02
4.164164164164164128e-01	4.350314052444354540e-01	5.814465665503831815e-02
4.174174174174173912e-01	5.011554132967325215e-01	1.912929868484603002e-02
4.184184184184184252e-01	6.098604090859768290e-01	-6.298153359234959225e-02
4.194194194194194036e-01	7.398080350457973964e-01	-1.668757804037788173e-01
4.204204204204204376e-01	7.443812176101229916e-01	-1.459621312191958786e-01
4.214214214214214160e-01	7.611464167177698359e-01	-1.378322487795540230e-01
4.224224224224223945e-01	6.679616253278679583e-01	-2.036874369047458888e-02
4.234234234234234284e-01	7.521471300677025074e-01	-8.091591072680026642e-02
4.244244244244244069e-01	7.928335897229076279e-01	-9.862778358218526886e-02
4.254254254254254408e-01	8.101849962980945952e-01	-9.369107281531141584e-02
4.264264264264264193e-01	8.247301737518127895e-01	-8.665664211947488038e-02
4.274274274274273977e-01	6.757927445269428235e-01	8.313054694114518917e-02
4.284284284284284317e-01	6.579765149700251836e-01	1.210460706134652842e-01
4.294294294294294101e-01	6.457008902535648076e-01	1.526506484208406400e-01
4.304304304304304440e-01	6.660137543025179685e-01	1.508772828903871543e-01
4.314314314314314225e-01	5.872186209331906603e-01	2.474041273146265763e-01
4.324324324324324564e-01	6.416038237110304188e-01	2.099253140222808733e-01
4.334334334334334349e-01	6.464261328243201543e-01	2.211673548432813163e-01
4.344344344344344133e-01	6.107285672369330287e-01	2.720713454876859672e-01
4.354354354354354473e-01	5.892500150624802036e-01	3.078833608798334787e-01
4.364364364364364257e-01	6.404737341746130630e-01	2.701059694174222647e-01
4.374374374374374597e-01	5.617715586015309404e-01	3.613540405927812005e-01
4.384384384384384381e-01	5.643655136265847139e-01	3.703931430405662528e-01
4.394394394394394165e-01	6.864788911789510006e-01	2.589884814149119308e-01
4.404404404404404505e-01	7.506807309217247148e-01	2.045604266765622681e-01
4.414414414414414289e-01	6.549135685153263386e-01	3.091567783008239978e-01
4.424424424424424629e-01	6.305621725532852828e-01	3.413840368989485841e-01
4.434434434434434413e-01	7.059791356773560400e-01	2.728818217365053256e-01
4.444444444444444198e-01	8.762526173580665878e-01	1.085551356541410994e-01
4.454454454454454537e-01	9.489196925671687932e-01	4.086102315661466200e-02
4.464464464464464322e-01	1.037396611375809963e+00	-4.362168337038596633e-02
4.474474474474474661e-01	9.020159148494519830e-01	9.477052530758234283e-02
4.484484484484484446e-01	8.782868211804738534e-01	1.205254530467952945e-01
4.494494494494494230e-01	9.053584676003004761e-01	9.449195935799992174e-02
4.504504504504504570e-01	8.594920762542201942e-01	1.404077955125286881e-01
4.514514514514514354e-01	9.658501807453608867e-01	3.311037901346658430e-02
4.524524524524524693e-01	9.181704624906605883e-01	7.886295728802961147e-02
4.534534534534534478e-01	9.293101219713656436e-01	6.481023551857378884e-02
4.544544544544544262e-01	9.707376837593832963e-01	1.948656973181539520e-02
4.554554554554554602e-01	1.086937852929031001e+00	-1.015888924614143374e-01
4.564564564564564386e-01	9.812438608883909952e-01	-1.744561507274422496e-03
4.574574574574574726e-01	8.639342684113857640e-01	1.087467862917743666e-01
4.584584584584584510e-01	8.673356156516013327e-01	9.756535304313773693e-02
4.594594594594594295e-01	8.619155700499139261e-01	9.425116468933747438e-02
4.604604604604604634e-01	8.530795890907995060e-01	9.340740064405284038e-02
4.614614614614614418e-01	7.789776477168220969e-01	1.568936578369903856e-01
4.624624624624624758e-01	7.065219959236496150e-01	2.178081836536590599e-01
4.634634634634634542e-01	7.558674862700702768e-01	1.560075380449637006e-01
4.644644644644644327e-01	7.511142050470285270e-01	1.474039510728396563e-01
4.654654654654654666e-01	9.014587031611090984e-01	-1.718592015233133541e-02
4.664664664664664451e-01	8.070077462007881897e-01	6.214524540121146856e-02
4.674674674674674790e-01	7.421134438016017132e-01	1.110602893917908007e-01
4.684684684684684575e-01	6.011637944440034742e-01	2.351870145217732633e-01
4.694694694694694914e-01	6.597704408329078118e-01	1.589304135329207002e-01
4.704704704704704699e-01	5.633362133001655891e-01	2.369051093538667718e-01
4.714714714714714483e-01	5.437262782088013724e-01	2.372641894371173565e-01
4.724724724724724823e-01	4.655044298406939007e-01	2.954628958209736811e-01
4.734734734734734607e-01	3.946187500983376895e-01	3.455729466036068231e-01
4.744744744744744946e-01	4.673333907500944462e-01	2.513507341184434973e-01
4.754754754754754731e-01	5.137542714079016415e-01	1.827116066413208006e-01
4.764764764764764515e-01	6.027883691847861769e-01	7.077055770208018348e-02
4.774774774774774855e-01	5.751744848792573750e-01	7.481143817438962174e-02
4.784784784784784639e-01	6.219271900146920995e-01	3.842986837115258680e-03
4.794794794794794979e-01	7.026843189433356063e-01	-1.017486847802128169e-01
4.804804804804804763e-01	8.435843925466319781e-01	-2.680775397767408696e-01
4.814814814814814548e-01	8.586267152792516066e-01	-3.091177372084445985e-01
4.824824824824824887e-01	7.352143205190980746e-01	-2.122466023032948401e-01
4.834834834834834671e-01	6.700727599520089894e-01	-1.741634412676190125e-01
4.844844844844845011e-01	7.291676820621650901e-01	-2.608071457295042528e-01
4.854854854854854795e-01	5.122138838488086154e-01	-7.186527091418926094e-02
4.864864864864864580e-01	5.669031782441700251e-01	-1.550019300001759248e-01
4.874874874874874919e-01	6.046410497812861884e-01	-2.215944771781173106e-01
4.884884884884884704e-01	5.692955118041282958e-01	-2.154823926777886256e-01
4.894894894894895043e-01	5.599894190233923874e-01	-2.357596235390207462e-01
4.904904904904904828e-01	5.469336756591673954e-01	-2.526078203398851585e-01
4.914914914914914612e-01	4.777865900427554213e-01	-2.136557207261471913e-01
4.924924924924924952e-01	5.183289239478406918e-01	-2.846542279835883038e-01
4.934934934934934736e-01	4.713326014372511419e-01	-2.683451494104883706e-01
4.944944944944945076e-01	5.902369140810153070e-01	-4.181374313168468859e-01
4.954954954954954860e-01	4.822245563145892699e-01	-3.411832243896690264e-01
4.964964964964965199e-01	3.472577465046557954e-01	-2.374140349621551294e-01
4.974974974974974984e-01	2.368341701060315274e-01	-1.582966985403615190e-01
4.984984984984984768e-01	1.315897513186334300e-01	-8.443618196632585171e-02
4.994994994994995108e-01	7.994085229396166725e-02	-6.421781323692081489e-02
5.005005005005005447e-01	9.646232096030417369e-02	-1.121853600173455812e-01
5.015015015015015232e-01	5.965830534971227478e-02	-1.068118747020186110e-01
5.025025025025025016e-01	4.756270957387581655e-02	-1.261001811395446037e-01
5.035035035035034801e-01	5.095931527509765802e-02	-1.608030268175971167e-01
5.045045045045044585e-01	1.031616121838267730e-03	-1.420729480467555483e-01
5.055055055055055480e-01	-5.115194229932383541e-02	-1.209475404648451685e-01
5.065065065065065264e-01	-1.552543236576414687e-01	-4.773312836912008139e-02
5.075075075075075048e-01	-3.443847335091972939e-01	1.107100375449460994e-01
5.085085085085084833e-01	-4.277558370362955498e-01	1.636249677196902064e-01
5.095095095095094617e-01	-3.634383349813341546e-01	6.911247966205308346e-02
5.105105105105105512e-01	-4.205851685728022593e-01	9.635537308843006299e-02
5.115115115115115296e-01	-3.449518829767055372e-01	-8.861236149632967241e-03
5.125125125125125081e-01	-4.756064684995525149e-01	9.255989589638641268e-02
5.135135135135134865e-01	-5.793026292841015890e-01	1.674013810401118185e-01
5.145145145145144649e-01	-5.757000490814934146e-01	1.353514361468751703e-01
5.155155155155155544e-01	-6.027999091400056964e-01	1.344393728073444150e-01
5.165165165165165329e-01	-6.396393922422723977e-01	1.437300735578834754e-01
5.175175175175175113e-01	-6.098402000246752053e-01	8.687248180887463533e-02
5.185185185185184897e-01	-5.744733036444703567e-01	2.496432557366445870e-02
5.195195195195194682e-01	-4.074312007962061499e-01	-1.680756519736825161e-01
5.205205205205205576e-01	-4.300586281933930222e-01	-1.708770059697302113e-01
5.215215215215215361e-01	-4.928214176439507099e-01	-1.329487592078543168e-01
5.225225225225225145e-01	-5.752590440697116225e-01	-7.472687898393304273e-02
5.235235235235234930e-01	-6.194646429526899922e-01	-5.409428393417547998e-02
5.245245245245244714e-01	-6.182645771825472369e-01	-7.820130086667298475e-02
5.255255255255255609e-01	-7.148714495594555851e-01	-3.812675309082691477e-03
5.265265265265265393e-01	-7.063675382601340980e-01	-3.382415844180841624e-02
5.275275275275275177e-01	-6.249207047284444094e-01	-1.360466209332235055e-01
5.285285285285284962e-01	-7.860978302827296149e-01	5.107362636812773360e-03
5.295295295295294746e-01	-7.184119894608734791e-01	-8.182933319315710552e-02
5.305305305305305641e-01	-7.906698557844483721e-01	-2.803099858137947376e-02
5.315315315315315425e-01	-7.766792973024984059e-01	-5.967151166327666623e-02
5.325325325325325210e-01	-7.738431647658217116e-01	-7.933056842757113536e-02
5.335335335335334994e-01	-8.499750232231899627e-01	-1.917796837880814120e-02
5.345345345345344779e-01	-9.730646489761128892e-01	8.879186596733645853e-02
5.355355355355355673e-01	-9.726978574069183869e-01	7.417970128705153599e-02
5.365365365365365458e-01	-9.281907176085310018e-01	1.631569329349680242e-02
5.375375375375375242e-01	-9.654335594755598660e-01	4.110337989825163518e-02
5.385385385385385026e-01	-1.002116174505466306e+00	6.624486895165493383e-02
5.395395395395394811e-01	-1.036581800783018092e+00	9.009481104816674524e-02
5.405405405405405705e-01	-1.003500705457496478e+00	4.733397071824596569e-02
5.415415415415415490e-01	-1.076734075595072948e+00	1.118331069003337674e-01
5.425425425425425274e-01	-1.093882084396454957e+00	1.212010296932950482e-01
5.435435435435435059e-01	-9.659157065170593803e-01	-1.358359286405663724e-02
5.445445445445444843e-01	-9.058408986577443089e-01	-7.950806180987157745e-02
5.455455455455455738e-01	-9.248879033675502237e-01	-6.533635012364857886e-02
5.465465465465465522e-01	-8.554827320981468475e-01	-1.386376253917924739e-01
5.475475475475475307e-01	-1.006548556367055314e+00	9.515136588365225023e-03
5.485485485485485091e-01	-9.786940173028985113e-01	-2.026654245592873771e-02
5.495495495495495986e-01	-1.014271205445181012e+00	1.437133367843212994e-02
5.505505505505505770e-01	-1.018919521980279796e+00	1.906909502197939865e-02
5.515515515515515554e-01	-9.842189277313231344e-01	-1.459334649594601352e-02
5.525525525525525339e-01	-8.678307431579025399e-01	-1.289556969991318969e-01
5.535535535535535123e-01	-9.070820723758222792e-01	-8.669285562960227232e-02
5.545545545545546018e-01	-9.274643538320960223e-01	-6.231636189168709983e-02
5.555555555555555802e-01	-9.058370162845941209e-01	-7.897073672761378837e-02
5.565565565565565587e-01	-9.909765698826322744e-01	1.211561246877068676e-02
5.575575575575575371e-01	-9.526855085302945447e-01	-1.926070092193954419e-02
5.585585585585585155e-01	-9.993522656394984160e-01	3.528191882334674734e-02
5.595595595595596050e-01	-1.055554205916777066e+00	1.003130483184907495e-01
5.605605605605605835e-01	-9.789869947741667300e-01	3.351962218030346552e-02
5.615615615615615619e-01	-9.559496557973603537e-01	2.119099913020894288e-02
5.625625625625625403e-01	-9.599116458539209695e-01	3.678604665960760745e-02
5.635635635635635188e-01	-1.040407509446607648e+00	1.298278058545718761e-01
5.645645645645646082e-01	-1.018279259419099692e+00	1.211458834767862314e-01
5.655655655655655867e-01	-9.679248523067979226e-01	8.512493958217826062e-02
5.665665665665665651e-01	-9.355082616659978756e-01	6.791477399839584983e-02
5.675675675675675436e-01	-9.118124063430051995e-01	6.028326860969235312e-02
5.685685685685685220e-01	-8.611101322377249234e-01	2.648738398990702070e-02
5.695695695695696115e-01	-8.384884447010997333e-01	2.159740750819494348e-02
5.705705705705705899e-01	-7.751760314979144750e-01	-2.317550717649163872e-02
5.715715715715715683e-01	-8.170234320431813968e-01	3.800084645968904162e-02
5.725725725725725468e-01	-8.469618506260175872e-01	8.803855915792879738e-02
5.735735735735735252e-01	-7.155532951844895129e-01	-2.252023644785039469e-02
5.745745745745746147e-01	-6.743528687922815124e-01	-4.214105469050122288e-02
5.755755755755755931e-01	-6.739188331535814758e-01	-2.028697298714166042e-02
5.765765765765765716e-01	-6.917343187566443730e-01	2.050309941573991157e-02
5.775775775775775500e-01	-7.114940455584193302e-01	6.390116392102507259e-02
5.785785785785785285e-01	-6.986009244282057606e-01	7.528675648998761627e-02
5.795795795795796179e-01	-6.201096907819609871e-01	2.169060439103431825e-02
5.805805805805805964e-01	-6.284606542514274974e-01	5.552839960940647579e-02
5.815815815815815748e-01	-6.787225851130705978e-01	1.318437096194438052e-01
5.825825825825825532e-01	-7.100020067711587668e-01	1.897172947895792161e-01
5.835835835835835317e-01	-6.851970733625541987e-01	1.920210114630778175e-01
5.845845845845846211e-01	-7.169786444818866400e-01	2.513989126879292990e-01
5.855855855855855996e-01	-6.476152318126342511e-01	2.100922213557283591e-01
5.865865865865865780e-01	-6.149256583402710197e-01	2.058920163995253683e-01
5.875875875875875565e-01	-5.346069731261308133e-01	1.544671750025329859e-01
5.885885885885885349e-01	-5.561999654932818782e-01	2.053299146419488297e-01
5.895895895895896244e-01	-6.762128735070594976e-01	3.549595298229151208e-01
5.905905905905906028e-01	-6.073296962836491897e-01	3.160107330081032839e-01
5.915915915915915813e-01	-5.454557545314873135e-01	2.843592441193989462e-01
5.925925925925925597e-01	-5.243066035890475707e-01	2.936907328466057954e-01
5.935935935935935381e-01	-5.201686348240377455e-01	3.202614495992300858e-01
5.945945945945946276e-01	-3.958620308384104836e-01	2.268612105165603021e-01
5.955955955955956060e-01	-2.994909588771323405e-01	1.615636209044796767e-01
5.965965965965965845e-01	-3.277977841586906527e-01	2.210803187873311704e-01
5.975975975975975629e-01	-2.658182444164658986e-01	1.904161798340622269e-01
5.985985985985985414e-01	-2.027052107448692186e-01	1.586931087224839609e-01
5.995995995995996308e-01	-1.318766023560489498e-01	1.192979845173098852e-01
6.006006006006006093e-01	-1.718801840418924809e-01	1.907474888263600565e-01
6.016016016016015877e-01	-1.212119493356702965e-01	1.715065196990354646e-01
6.026026026026025662e-01	-1.507901936802635290e-01	2.324622955434676452e-01
6.036036036036035446e-01	-1.010220122591345693e-01	2.139908836882034038e-01
6.046046046046046341e-01	-8.449135164768993567e-02	2.286452827156497669e-01
6.056056056056056125e-01	-9.889765537908765114e-02	2.740940986309566840e-01
6.066066066066065909e-01	-5.532960348379031834e-02	2.613953148954814565e-01
6.076076076076075694e-01	-8.861146399297475940e-02	3.253426742846516340e-01
6.086086086086086588e-01	-8.496799743621386014e-04	2.680122961088825528e-01
6.096096096096096373e-01	2.099441013846737453e-02	2.763354265287060185e-01
6.106106106106106157e-01	-5.380072752214011544e-02	3.810037683799114006e-01
6.116116116116115942e-01	-4.831415902797163431e-02	4.050668474422016163e-01
6.126126126126125726e-01	6.205103416767900754e-02	3.238985248276465834e-01
6.136136136136136621e-01	1.628960177270857845e-01	2.518687633783232016e-01
6.146146146146146405e-01	1.296390583755067383e-01	3.135308022686199569e-01
6.156156156156156189e-01	2.523321798585761444e-01	2.188045292244409912e-01
6.166166166166165974e-01	3.790397642647309051e-01	1.195979069762585500e-01
6.176176176176175758e-01	4.773422517771550577e-01	4.830330085416534303e-02
6.186186186186186653e-01	6.235693842390213071e-01	-7.143573788594959062e-02
6.196196196196196437e-01	5.967299432307611173e-01	-1.865418373039018363e-02
6.206206206206206222e-01	6.825355657040906854e-01	-7.908932664066548046e-02
6.216216216216216006e-01	6.704099713615172540e-01	-4.218997406587710053e-02
6.226226226226225791e-01	7.126300446680274847e-01	-6.025750814623709317e-02
6.236236236236236685e-01	7.101099958578714899e-01	-3.423002249519147000e-02
6.246246246246246470e-01	7.131338800233711916e-01	-1.441481767100394329e-02
6.256256256256256254e-01	5.995082546962157144e-01	1.213589642283682268e-01
6.266266266266266038e-01	6.961886826893346480e-01	4.611385905627252146e-02
6.276276276276275823e-01	8.397098631205016650e-01	-7.670602874897514134e-02
6.286286286286286717e-01	9.425220963419274067e-01	-1.595714701334637331e-01
6.296296296296296502e-01	9.116116884072613669e-01	-1.094884956522179653e-01
6.306306306306306286e-01	8.394471965090243293e-01	-1.894462140193808874e-02
6.316316316316316071e-01	8.364055351350027090e-01	1.665063570223779266e-03
6.326326326326325855e-01	8.561054576511885061e-01	-1.295566344263421321e-03
6.336336336336336750e-01	8.715028395098702862e-01	-7.989393447425108263e-04
6.346346346346346534e-01	8.107795657973971837e-01	7.495734259913167108e-02
6.356356356356356319e-01	7.467437470917752673e-01	1.531503034315417899e-01
6.366366366366366103e-01	6.321780007440708227e-01	2.809833264289122168e-01
6.376376376376375887e-01	7.054685661671225017e-01	2.200570527545546717e-01
6.386386386386386782e-01	8.109785201041559421e-01	1.259961791632820960e-01
6.396396396396396566e-01	9.049835179659404538e-01	4.251372875448877764e-02
6.406406406406406351e-01	9.290528607363042202e-01	2.802999526196670033e-02
6.416416416416416135e-01	1.045321107519916692e+00	-7.959905920456233908e-02
6.426426426426425920e-01	1.147674610172697340e+00	-1.742683294166952335e-01
6.436436436436436814e-01	1.151494283166768717e+00	-1.713663284445922086e-01
6.446446446446446599e-01	9.929209377628521738e-01	-7.040514315456714023e-03
6.456456456456456383e-01	9.888219847717591993e-01	1.836013797672508829e-03
6.466466466466466168e-01	1.034397972739756755e+00	-3.994201698447930049e-02
6.476476476476475952e-01	1.034156663570286128e+00	-3.688612419745362914e-02
6.486486486486486847e-01	9.645701638773027664e-01	3.452880232737864930e-02
6.496496496496496631e-01	1.010268786613041758e+00	-1.032935841274806865e-02
6.506506506506506415e-01	9.433029242993874464e-01	5.648816996453875916e-02
6.516516516516516200e-01	8.185264946223491656e-01	1.801276164541073532e-01
6.526526526526525984e-01	9.145356752059239369e-01	8.199392774441305320e-02
6.536536536536536879e-01	9.155018867847515285e-01	7.791778393305925920e-02
6.546546546546546663e-01	9.392775284611346587e-01	5.004986119235876885e-02
6.556556556556556448e-01	9.401517043384142180e-01	4.410510209495455136e-02
6.566566566566566232e-01	8.739201259945433842e-01	1.042928091386655653e-01
6.576576576576576016e-01	7.733863304990056253e-01	1.978154217713715690e-01
6.586586586586586911e-01	7.484149252120348983e-01	2.148152656818772543e-01
6.596596596596596696e-01	6.706580135579022217e-01	2.836481201708465072e-01
6.606606606606606480e-01	6.011980589769410077e-01	3.432403464038882301e-01
6.616616616616616264e-01	4.719790646228443354e-01	4.616576989880027959e-01
6.626626626626626049e-01	4.939398264470682420e-01	4.279720632381585066e-01
6.636636636636636943e-01	5.079399844285598098e-01	4.013353933853280875e-01
6.646646646646646728e-01	5.310577966388032589e-01	3.646819270464521923e-01
6.656656656656656512e-01	5.086369290797118081e-01	3.726813830300960140e-01
6.666666666666666297e-01	5.744991459870290029e-01	2.915262577974112590e-01
6.676676676676676081e-01	6.770858158982486774e-01	1.727903052924383287e-01
6.686686686686686976e-01	5.640451739815292020e-01	2.688412596592437698e-01
6.696696696696696760e-01	5.722550005444081433e-01	2.428181409418543879e-01
6.706706706706706544e-01	5.042342242496089533e-01	2.922196352553213528e-01
6.716716716716716329e-01	4.333691713597025430e-01	3.436778281225881804e-01
6.726726726726726113e-01	3.470212408768562629e-01	4.098505111281365298e-01
6.736736736736737008e-01	2.851638287810178696e-01	4.507842387030852604e-01
6.746746746746746792e-01	3.631796590992093510e-01	3.511169773278123296e-01
6.756756756756756577e-01	4.193629602661425593e-01	2.725759087114055235e-01
6.766766766766766361e-01	3.154513913324948349e-01	3.534454824118450911e-01
6.776776776776777256e-01	3.791186547784494154e-01	2.660747811602428570e-01
6.786786786786787040e-01	4.864415811998701322e-01	1.344104136433734720e-01
6.796796796796796825e-01	5.487935130756294022e-01	4.710310755826951912e-02
6.806806806806806609e-01	5.439967521787819615e-01	2.635523839912190525e-02
6.816816816816816393e-01	6.109952937483466018e-01	-6.675192911676675056e-02
6.826826826826827288e-01	6.363057939157578113e-01	-1.187092334538802918e-01
6.836836836836837072e-01	7.074805045342659193e-01	-2.170425766178450400e-01
6.846846846846846857e-01	6.461420708971155058e-01	-1.833477479298147861e-01
6.856856856856856641e-01	4.797457919034033291e-01	-4.505271074900779604e-02
6.866866866866866426e-01	5.762968574240368014e-01	-1.701348668695630839e-01
6.876876876876877320e-01	4.916601888853096014e-01	-1.144309245825402832e-01
6.886886886886887105e-01	5.087319454160316168e-01	-1.608084327217469411e-01
6.896896896896896889e-01	6.275326582186216973e-01	-3.092589433263108756e-01
6.906906906906906674e-01	5.838273633113729710e-01	-2.955181730391508443e-01
6.916916916916916458e-01	5.749020223696534870e-01	-3.168424529408014889e-01
6.926926926926927353e-01	4.882731760703902246e-01	-2.607184111943080529e-01
6.936936936936937137e-01	3.085002161701236312e-01	-1.116752747024169490e-01
6.946946946946946921e-01	2.322264538277676316e-01	-6.632596725905501311e-02
6.956956956956956706e-01	2.674164704005664861e-01	-1.326044903939815056e-01
6.966966966966966490e-01	1.984510083521841273e-01	-9.486084451994256095e-02
6.976976976976977385e-01	4.952801741285738080e-02	2.273789450772985277e-02
6.986986986986987169e-01	-1.743274646456400429e-02	5.830294590527732024e-02
6.996996996996996954e-01	5.081782796587899775e-02	-4.138375573998254869e-02
7.007007007007006738e-01	-8.697861402258164065e-02	6.496723009635527180e-02
7.017017017017016522e-01	-1.687777858410549336e-01	1.153427118480002123e-01
7.027027027027027417e-01	-2.341910732731005695e-01	1.493851487975920433e-01
7.037037037037037202e-01	-2.462248718634884870e-01	1.301319577382568926e-01
7.047047047047046986e-01	-2.349720344338165068e-01	8.770692981367547714e-02
7.057057057057056770e-01	-1.036096212184821619e-01	-7.468204993949217885e-02
7.067067067067066555e-01	-4.968971716034151220e-02	-1.594522157772227666e-01
7.077077077077077449e-01	-5.545038023052593912e-02	-1.843350032672089744e-01
7.087087087087087234e-01	1.545623300511157761e-02	-2.856479538888945791e-01
7.097097097097097018e-01	6.912890515113565004e-02	-3.694597827628856024e-01
7.107107107107106803e-01	-6.230165744895232310e-02	-2.678713929518824477e-01
7.117117117117116587e-01	-2.628701998308411586e-02	-3.334017096614482201e-01
7.127127127127127482e-01	-1.838255116281022339e-01	-2.050232169632871249e-01
7.137137137137137266e-01	-2.316505793574150096e-01	-1.859736328490523838e-01
7.147147147147147050e-01	-1.152847790437289410e-01	-3.307019466413461117e-01
7.157157157157156835e-01	-1.286223452810616175e-01	-3.452858773093793188e-01
7.167167167167166619e-01	-1.854547660531255526e-01	-3.159063265344768667e-01
7.177177177177177514e-01	-3.139960863639256194e-01	-2.143221023821271221e-01
7.187187187187187298e-01	-3.322238819777679208e-01	-2.225289724063492236e-01
7.197197197197197083e-01	-4.331847399094364004e-01	-1.474542095191679891e-01
7.207207207207206867e-01	-4.824005002506385753e-01	-1.235503760129072481e-01
7.217217217217216652e-01	-5.697371564936388744e-01	-6.092644854891759998e-02
7.227227227227227546e-01	-6.452010452717507061e-01	-9.551653167985119097e-03
7.237237237237237331e-01	-6.955103210036612804e-01	1.731598518899524208e-02
7.247247247247247115e-01	-7.694437725734595279e-01	6.847843580586343570e-02
7.257257257257256899e-01	-8.839855835660331840e-01	1.609423995045262679e-01
7.267267267267266684e-01	-9.879932315580561841e-01	2.435871856696381066e-01
7.277277277277277578e-01	-9.522493323609153570e-01	1.872165349030250336e-01
7.287287287287287363e-01	-8.912359531581696137e-01	1.063329112717656955e-01
7.297297297297297147e-01	-8.416849447391098193e-01	3.768781437217061381e-02
7.307307307307306932e-01	-8.724562349160013275e-01	5.016005331719408655e-02
7.317317317317316716e-01	-9.358083286869836037e-01	9.602622822844486539e-02
7.327327327327327611e-01	-9.498695790663010952e-01	9.343198317295509092e-02
7.337337337337337395e-01	-9.607018125482786886e-01	8.845561452879302511e-02
7.347347347347347180e-01	-7.601728487648152788e-01	-1.270194256437874314e-01
7.357357357357356964e-01	-9.613769401654667091e-01	6.011589461952226987e-02
7.367367367367367859e-01	-9.042752667530759014e-01	-1.016333269209035439e-02
7.377377377377377643e-01	-1.020785549660284675e+00	9.407364425499975535e-02
7.387387387387387427e-01	-1.023803489283795942e+00	8.573466238763072234e-02
7.397397397397397212e-01	-1.029385899676563909e+00	8.088776611676973261e-02
7.407407407407406996e-01	-1.080479740056890403e+00	1.224902277414018359e-01
7.417417417417417891e-01	-1.157379310797453931e+00	1.908457332394123407e-01
7.427427427427427675e-01	-1.066050687736406211e+00	9.192880729767005654e-02
7.437437437437437460e-01	-1.044372069068393749e+00	6.362515184835448867e-02
7.447447447447447244e-01	-1.081749164673771801e+00	9.534702797805727492e-02
7.457457457457457028e-01	-1.044694619794523938e+00	5.361267312550455078e-02
7.467467467467467923e-01	-1.009019848280136245e+00	1.423812879755093075e-02
7.477477477477477708e-01	-9.442975338155166209e-01	-5.320026277898304290e-02
7.487487487487487492e-01	-1.014018898904892607e+00	1.479140670881329278e-02
7.497497497497497276e-01	-1.012839672771017385e+00	1.287057690327053638e-02
7.507507507507507061e-01	-9.772309915696691940e-01	-2.249088270071952778e-02
7.517517517517517955e-01	-1.126052198868907395e+00	1.275661269983849877e-01
7.527527527527527740e-01	-1.029472533218413810e+00	3.320962251985926095e-02
7.537537537537537524e-01	-8.778062561728579016e-01	-1.152483329675096924e-01
7.547547547547547309e-01	-8.388447500960258818e-01	-1.500195296674099454e-01
7.557557557557557093e-01	-7.784917652235926466e-01	-2.052043609560179060e-01
7.567567567567567988e-01	-7.591407303641756199e-01	-2.184145085835106359e-01
7.577577577577577772e-01	-7.634096370413858690e-01	-2.070380534784115323e-01
7.587587587587587556e-01	-8.419756614098332648e-01	-1.204048478268001654e-01
7.597597597597597341e-01	-8.441592092946603731e-01	-1.092024630827693743e-01
7.607607607607607125e-01	-8.893862051399813451e-01	-5.401389313160087635e-02
7.617617617617618020e-01	-8.656607432320089224e-01	-6.684489424769879395e-02
7.627627627627627804e-01	-8.450311174142458581e-01	-7.565794563861683031e-02
7.637637637637637589e-01	-8.320603070274785740e-01	-7.590175285206779421e-02
7.647647647647647373e-01	-8.118584883861557078e-01	-8.247872474487238925e-02
7.657657657657657158e-01	-8.860971267314040611e-01	6.269130914973053414e-03
7.667667667667668052e-01	-9.297531844539442814e-01	6.530442899407862267e-02
7.677677677677677837e-01	-8.687871937815574430e-01	2.057249386875548147e-02
7.687687687687687621e-01	-7.171544575432557966e-01	-1.139874247724382839e-01
7.697697697697697405e-01	-7.692167387801193135e-01	-4.403044644361497895e-02
7.707707707707707190e-01	-7.677829281943575612e-01	-2.676537571808845772e-02
7.717717717717718084e-01	-7.639161929686406616e-01	-1.114753591095984930e-02
7.727727727727727869e-01	-7.852792452146026836e-01	3.046651765380403720e-02
7.737737737737737653e-01	-7.700000426968695022e-01	3.618471742014095494e-02
7.747747747747747438e-01	-7.597290764938990915e-01	4.763679106287166398e-02
7.757757757757757222e-01	-8.270372617443533247e-01	1.373721727660883740e-01
7.767767767767768117e-01	-8.524052813023330621e-01	1.858493681199619996e-01
7.777777777777777901e-01	-8.677256319258555006e-01	2.249380222393160267e-01
7.787787787787787686e-01	-8.795166592228422786e-01	2.611329773066255466e-01
7.797797797797797470e-01	-8.595472857038499725e-01	2.661790238662270491e-01
7.807807807807807254e-01	-7.443440068362716655e-01	1.765779207415628660e-01
7.817817817817818149e-01	-6.606168324848838980e-01	1.190143609366945965e-01
7.827827827827827933e-01	-6.175024513532256787e-01	1.025991611124125180e-01
7.837837837837837718e-01	-6.448539146994817228e-01	1.571589708858453505e-01
7.847847847847847502e-01	-5.981055874839218411e-01	1.381012500853076030e-01
7.857857857857857287e-01	-5.680563095037199917e-01	1.361974564904211982e-01
7.867867867867868181e-01	-4.813951135178888840e-01	7.810879103390805378e-02
7.877877877877877966e-01	-4.007379936939342024e-01	2.642299376991436022e-02
7.887887887887887750e-01	-4.502598719328797516e-01	1.052863381382868613e-01
7.897897897897897534e-01	-3.793621581387563446e-01	6.407121956325340095e-02
7.907907907907907319e-01	-4.040892698352369639e-01	1.187927037611852255e-01
7.917917917917918214e-01	-3.408713908956169103e-01	8.585131449530647441e-02
7.927927927927927998e-01	-3.616896007877647978e-01	1.371981921501907453e-01
7.937937937937937782e-01	-2.310729763341128895e-01	3.733222509721231819e-02
7.947947947947947567e-01	-2.397079538127332432e-01	7.690944164763796609e-02
7.957957957957957351e-01	-2.672218538584052450e-01	1.355265650227791829e-01
7.967967967967968246e-01	-2.208995083362934042e-01	1.204376704841250423e-01
7.977977977977978030e-01	-2.437283297800653947e-01	1.745992851852789518e-01
7.987987987987987815e-01	-2.417676244031227717e-01	2.040397317244057040e-01
7.997997997997997599e-01	-2.519368715672380410e-01	2.456474382511689147e-01
8.008008008008007383e-01	-1.822254336304932332e-01	2.073806790198661765e-01
8.018018018018018278e-01	-8.494357638702207391e-02	1.415186255708135721e-01
8.028028028028028062e-01	-5.073546770801082295e-02	1.386743761190697422e-01
8.038038038038037847e-01	-6.892826574598219513e-02	1.881440744821552269e-01
8.048048048048047631e-01	2.417973032403969089e-02	1.261950914898952170e-01
8.058058058058058526e-01	1.354874024261155385e-01	4.589773344653574894e-02
8.068068068068068310e-01	2.249200074655419712e-01	-1.270392128303532431e-02
8.078078078078078095e-01	2.847997026575099788e-01	-4.196251727892208461e-02
8.088088088088087879e-01	1.951916746104372935e-01	7.802647899802783726e-02
8.098098098098097664e-01	2.211269262996422846e-01	8.220202217498220887e-02
8.108108108108108558e-01	2.482082300065112657e-01	8.493156473554608343e-02
8.118118118118118343e-01	3.547597337830598607e-01	7.861479998605425124e-03
8.128128128128128127e-01	4.523771237559310876e-01	-6.063307103553344790e-02
8.138138138138137911e-01	3.869666359471631290e-01	3.351287732205010528e-02
8.148148148148147696e-01	4.584574617445068001e-01	-9.658281544047075950e-03
8.158158158158158590e-01	5.705660573850546147e-01	-9.389100793862775740e-02
8.168168168168168375e-01	5.597923597934085782e-01	-5.571280400208278305e-02
8.178178178178178159e-01	6.514256673680703935e-01	-1.204400672387502258e-01
8.188188188188187944e-01	6.415254610452775230e-01	-8.415888478363675596e-02
8.198198198198197728e-01	6.580459446723807559e-01	-7.484954746610994469e-02
8.208208208208208623e-01	6.206987539457181624e-01	-1.224923295150193159e-02
8.218218218218218407e-01	6.659999821990700841e-01	-3.289900627224806584e-02
8.228228228228228192e-01	6.192932051934477711e-01	3.783318007574032471e-02
8.238238238238237976e-01	5.748999442543321070e-01	1.056020471009188055e-01
8.248248248248247760e-01	5.280498208387790493e-01	1.751548582419023559e-01
8.258258258258258655e-01	5.927211633249112044e-01	1.324908354354874529e-01
8.268268268268268439e-01	6.225686829498083830e-01	1.239335053782439910e-01
8.278278278278278224e-01	7.832249497731571530e-01	-1.617075491755903816e-02
8.288288288288288008e-01	8.224572563731215036e-01	-3.560956100153300774e-02
8.298298298298297793e-01	8.233833975536942740e-01	-1.752028059602750432e-02
8.308308308308308687e-01	8.587022617955574200e-01	-3.462060569219216344e-02
8.318318318318318472e-01	9.190251392116751683e-01	-7.753984191162499595e-02
8.328328328328328256e-01	9.567551414336882276e-01	-9.869831057800149132e-02
8.338338338338338041e-01	9.056144412357143292e-01	-3.183457132298728176e-02
8.348348348348347825e-01	9.277299030839966099e-01	-3.909103643164113517e-02
8.358358358358358720e-01	9.842569594355059515e-01	-8.163783176647143591e-02
8.368368368368368504e-01	9.449766133882081531e-01	-2.926978488803921863e-02
8.378378378378378288e-01	9.649592545655899523e-01	-3.707022726908137944e-02
8.388388388388388073e-01	9.770877286695944797e-01	-3.793405104982783271e-02
8.398398398398397857e-01	9.753652752971510020e-01	-2.587563494233802164e-02
8.408408408408408752e-01	1.014648851000909069e+00	-5.576215627625913385e-02
8.418418418418418536e-01	9.400899578402666101e-01	2.724559055702335808e-02
8.428428428428428321e-01	1.021367364650892950e+00	-4.653951797635924592e-02
8.438438438438438105e-01	1.084809454240680315e+00	-1.034532734871215220e-01
8.448448448448447889e-01	1.078933280958797480e+00	-9.201918590563773481e-02
8.458458458458458784e-01	1.069124500008888257e+00	-7.762840641150348109e-02
8.468468468468468568e-01	1.090243718784681626e+00	-9.514607333441571502e-02
8.478478478478478353e-01	1.022005674026421840e+00	-2.429048483016049698e-02
8.488488488488488137e-01	9.721381262226063136e-01	2.720801023937458041e-02
8.498498498498497922e-01	9.595194631703031218e-01	4.046941130541092946e-02
8.508508508508508816e-01	8.243431880490379449e-01	1.752995796131919803e-01
8.518518518518518601e-01	7.554247379332851287e-01	2.428834203379831580e-01
8.528528528528528385e-01	7.768602087766467434e-01	2.191261572624578768e-01
8.538538538538538170e-01	7.370047233303786971e-01	2.556749635531416764e-01
8.548548548548547954e-01	6.612705863734092970e-01	3.271208042600639576e-01
8.558558558558558849e-01	6.195115691544887948e-01	3.636141486412155510e-01
8.568568568568568633e-01	5.544933062538497381e-01	4.223945691076432807e-01
8.578578578578578417e-01	5.161198756122616915e-01	4.535641560454259924e-01
8.588588588588588202e-01	4.681207850180419960e-01	4.934005252290839527e-01
8.598598598598597986e-01	4.621404505317255884e-01	4.902673323527267923e-01
8.608608608608608881e-01	5.275249629069638235e-01	4.148274986273551290e-01
8.618618618618618665e-01	5.301708355877009504e-01	4.011944538721541331e-01
8.628628628628628450e-01	5.461643442646166857e-01	3.732927871255888874e-01
8.638638638638638234e-01	5.801527856863086807e-01	3.264869770905814983e-01
8.648648648648649129e-01	6.424170361480195934e-01	2.505088220015488920e-01
8.658658658658658913e-01	6.209000029109619234e-01	2.574289756718074473e-01
8.668668668668668698e-01	6.520579349324842067e-01	2.108056233534466584e-01
8.678678678678678482e-01	7.304706400816829426e-01	1.160742502483781413e-01
8.688688688688688266e-01	7.078855073357492866e-01	1.215036041893348129e-01
8.698698698698699161e-01	8.068596684933289076e-01	4.553517969537068666e-03
8.708708708708708945e-01	8.837707284515812223e-01	-9.113583770989530652e-02
8.718718718718718730e-01	8.716754190505751065e-01	-9.860262566185740152e-02
8.728728728728728514e-01	8.466300198389746789e-01	-9.388378134101893480e-02
8.738738738738738299e-01	7.606914071338346517e-01	-2.901608103215425061e-02
8.748748748748749193e-01	8.394439742590236175e-01	-1.295630819645944287e-01
8.758758758758758978e-01	7.073043870503558095e-01	-1.991989842124641807e-02
8.768768768768768762e-01	6.783919573064501884e-01	-1.418359650083589329e-02
8.778778778778778547e-01	6.216642014603217525e-01	1.871122521270562888e-02
8.788788788788788331e-01	6.028173641930252291e-01	1.309188937415706189e-02
8.798798798798799226e-01	4.864041713011541535e-01	1.044298637048049483e-01
8.808808808808809010e-01	5.789518000323727875e-01	-1.377723326698054862e-02
8.818818818818818794e-01	4.845265210421932367e-01	5.442970131802388201e-02
8.828828828828828579e-01	4.768590058833648282e-01	3.534592206975140094e-02
8.838838838838838363e-01	4.371312305458724956e-01	4.781590617161857182e-02
8.848848848848849258e-01	3.681891622699458577e-01	8.902064040913165721e-02
8.858858858858859042e-01	3.170765576465597313e-01	1.119437964157664611e-01
8.868868868868868827e-01	3.611573341711157847e-01	3.924933199668922956e-02
8.878878878878878611e-01	3.402994824023519715e-01	3.109755140521869299e-02
8.888888888888888395e-01	3.448070392000659456e-01	-2.786895874393235939e-03
8.898898898898899290e-01	3.032727505900192355e-01	9.032293641468958079e-03
8.908908908908909074e-01	2.375221999639482995e-01	4.475892051002355876e-02
8.918918918918918859e-01	2.508867151137139095e-01	1.091346271412885205e-03
8.928928928928928643e-01	3.071891237743487602e-01	-8.576329145278652200e-02
8.938938938938938428e-01	2.817325187419802979e-01	-9.107787370891462508e-02
8.948948948948949322e-01	1.655306541938045550e-01	-5.835726406256014354e-03
8.958958958958959107e-01	2.875792477894886789e-01	-1.590019525076194207e-01
8.968968968968968891e-01	2.305856624130623589e-01	-1.332531440447576321e-01
8.978978978978978676e-01	1.103284063945253329e-01	-4.433691276790122093e-02
8.988988988988988460e-01	2.206854937064188782e-01	-1.861002808945999842e-01
8.998998998998999355e-01	2.099126723697673780e-01	-2.067679401620314827e-01
9.009009009009009139e-01	1.300988243679425671e-01	-1.583976824510596182e-01
9.019019019019018923e-01	2.502456817309101772e-02	-8.473903305629836014e-02
9.029029029029028708e-01	1.405761818323664203e-03	-9.247678450496397973e-02
9.039039039039038492e-01	1.869954896079871823e-02	-1.410370733392539433e-01
9.049049049049049387e-01	-9.008611059480065020e-02	-6.339694130141565465e-02
9.059059059059059171e-01	1.985176475973396068e-02	-2.043285715632248700e-01
9.069069069069068956e-01	-3.997154261339914971e-02	-1.753165981316882616e-01
9.079079079079078740e-01	-1.125461202008077727e-01	-1.333404655530415761e-01
9.089089089089088525e-01	-1.263975045430187905e-01	-1.498443798360532542e-01
9.099099099099099419e-01	-1.025983053466018868e-01	-2.037257142601811843e-01
9.109109109109109204e-01	-1.579781527461301127e-01	-1.781250917960841285e-01
9.119119119119118988e-01	-2.517709769428728706e-01	-1.137791348823462556e-01
9.129129129129128772e-01	-2.737225461174228602e-01	-1.209129566320166771e-01
9.139139139139138557e-01	-4.000764261862853055e-01	-2.325422987024650112e-02
9.149149149149149451e-01	-4.761192446543232593e-01	2.451204827742897718e-02
9.159159159159159236e-01	-5.065136690250835461e-01	2.707650673627587379e-02
9.169169169169169020e-01	-5.189016365037818490e-01	1.210860253550960497e-02
9.179179179179178805e-01	-4.809291918973779834e-01	-5.271856850474282430e-02
9.189189189189188589e-01	-4.706280548445108125e-01	-8.934673129308184913e-02
9.199199199199199484e-01	-5.595597913523004951e-01	-2.618828618953783494e-02
9.209209209209209268e-01	-6.273899042213049171e-01	1.644775567588141474e-02
9.219219219219219053e-01	-5.992564956162111933e-01	-3.627559022817228307e-02
9.229229229229228837e-01	-5.906226472685114359e-01	-6.887092626738278156e-02
9.239239239239238621e-01	-5.156551821479922193e-01	-1.671477350151940877e-01
9.249249249249249516e-01	-5.252811019522805047e-01	-1.801559651936713857e-01
9.259259259259259300e-01	-4.666863816013150923e-01	-2.606872599717338645e-01
9.269269269269269085e-01	-5.058207114964561324e-01	-2.427702368385337151e-01
9.279279279279278869e-01	-5.145795232276126896e-01	-2.544884833467023766e-01
9.289289289289288654e-01	-5.519872311405003007e-01	-2.367973362921285130e-01
9.299299299299299548e-01	-5.257638449401559333e-01	-2.819572891336517007e-01
9.309309309309309333e-01	-3.949923818815421761e-01	-4.308665990820008673e-01
9.319319319319319117e-01	-4.333777713698430123e-01	-4.098024010163784370e-01
9.329329329329328901e-01	-4.874034126676337619e-01	-3.722641675131098671e-01
9.339339339339339796e-01	-5.730793941675902392e-01	-3.022255065102221749e-01
9.349349349349349581e-01	-5.800432519762552808e-01	-3.100334188456510542e-01
9.359359359359359365e-01	-6.841409068151466100e-01	-2.198273766468692436e-01
9.369369369369369149e-01	-8.134802973780528301e-01	-1.034857044179596786e-01
9.379379379379378934e-01	-7.095731258255973950e-01	-2.194838471287640091e-01
9.389389389389389828e-01	-8.598543179980513429e-01	-8.037492271170709746e-02
9.399399399399399613e-01	-9.308675660344927216e-01	-1.960419126561896430e-02
9.409409409409409397e-01	-9.065321340741163691e-01	-5.324226027907241754e-02
9.419419419419419182e-01	-8.444233380290714353e-01	-1.237046148730467365e-01
9.429429429429428966e-01	-8.460970912932016530e-01	-1.294270811886361061e-01
9.439439439439439861e-01	-7.340118585982955413e-01	-2.479438806992113609e-01
9.449449449449449645e-01	-8.274937968971994851e-01	-1.599224965595894554e-01
9.459459459459459429e-01	-8.733331958970442788e-01	-1.185672393618324438e-01
9.469469469469469214e-01	-8.853460838365723173e-01	-1.100576466974400036e-01
9.479479479479478998e-01	-8.225772967296465232e-01	-1.753454182985966225e-01
9.489489489489489893e-01	-7.944024436614480766e-01	-2.050524541676213008e-01
9.499499499499499677e-01	-8.172958114055492995e-01	-1.827029524230481261e-01
9.509509509509509462e-01	-8.883714760717529302e-01	-1.111822991500109881e-01
9.519519519519519246e-01	-9.025592109561411114e-01	-9.556116108200540804e-02
9.529529529529529031e-01	-8.208144106959358588e-01	-1.748855610109019132e-01
9.539539539539539925e-01	-8.240679600516145342e-01	-1.682270076031990858e-01
9.549549549549549710e-01	-7.976025206340294771e-01	-1.903062063061486953e-01
9.559559559559559494e-01	-7.808262779319716795e-01	-2.017193089906564873e-01
9.569569569569569278e-01	-7.338251108753403029e-01	-2.423857400990900857e-01
9.579579579579579063e-01	-7.609733314186012398e-01	-2.079374518175487463e-01
9.589589589589589957e-01	-6.900922669546913912e-01	-2.705603354676295869e-01
9.599599599599599742e-01	-8.419187548149580369e-01	-1.095257198682190181e-01
9.609609609609609526e-01	-9.169190516673944025e-01	-2.437645386210973708e-02
9.619619619619619311e-01	-9.242593472041621405e-01	-5.956383624442396219e-03
9.629629629629629095e-01	-8.698197363331824361e-01	-4.839637054709244879e-02
9.639639639639639990e-01	-8.333961004340445511e-01	-7.191239914855218629e-02
9.649649649649649774e-01	-9.125069937916321372e-01	2.100132109334751362e-02
9.659659659659659559e-01	-9.799893838152317072e-01	1.031681085820765897e-01
9.669669669669669343e-01	-9.513672952967391350e-01	9.009746735750778779e-02
9.679679679679679127e-01	-8.729493399852658042e-01	2.808263102944652534e-02
9.689689689689690022e-01	-7.642727007993103117e-01	-6.335543780342123288e-02
9.699699699699699806e-01	-7.426917428037256297e-01	-6.687942053701956269e-02
9.709709709709709591e-01	-7.753256176013281209e-01	-1.538802131376570959e-02
9.719719719719719375e-01	-7.266151324944138956e-01	-4.445908020431177388e-02
9.729729729729729160e-01	-6.783318881749064166e-01	-7.234041707782001840e-02
9.739739739739740054e-01	-6.085066564507612963e-01	-1.210214346714278966e-01
9.749749749749749839e-01	-5.039023683913802509e-01	-2.037601104951259900e-01
9.759759759759759623e-01	-5.214032520770566226e-01	-1.636938384067245789e-01
9.769769769769769407e-01	-5.541690382455910502e-01	-1.076852015842785226e-01
9.779779779779779192e-01	-5.902958099855377672e-01	-4.766110076757690273e-02
9.789789789789790087e-01	-6.475513304985253127e-01	3.412259623186231217e-02
9.799799799799799871e-01	-6.566165328167361537e-01	6.832256761593147321e-02
9.809809809809809655e-01	-6.523859918293510862e-01	8.980853361091323261e-02
9.819819819819819440e-01	-6.036897404507273190e-01	6.738509721334273728e-02
9.829829829829829224e-01	-6.125774379439238304e-01	1.030759376600471899e-01
9.839839839839840119e-01	-4.868297239844798230e-01	4.635190182430359851e-03
9.849849849849849903e-01	-5.661144921427126997e-01	1.117037456978353660e-01
9.859859859859859688e-01	-5.533743930328982596e-01	1.271967806604616946e-01
9.869869869869869472e-01	-5.626277199982995247e-01	1.651046699143838836e-01
9.879879879879879256e-01	-5.274803254015232312e-01	1.590049305912691890e-01
9.889889889889890151e-01	-4.252962748419585881e-01	8.623290434728442255e-02
9.899899899899899935e-01	-4.552055533162472911e-01	1.458894919273780455e-01
9.909909909909909720e-01	-4.054828572590041258e-01	1.262199739661722941e-01
9.919919919919919504e-01	-3.636357706283521729e-01	1.147022161614572600e-01
9.929929929929930399e-01	-3.472111218669329813e-01	1.288530556222862444e-01
9.939939939939940183e-01	-3.210507090195789393e-01	1.334840556437425219e-01
9.949949949949949968e-01	-2.980961075897871626e-01	1.415063434612287008e-01
9.959959959959959752e-01	-2.732553518425131500e-01	1.477973216622148200e-01
9.969969969969969537e-01	-2.322483565837007435e-01	1.380461202560707146e-01
9.979979979979980431e-01	-1.703368038089010106e-01	1.074835137644208488e-01
9.989989989989990216e-01	-1.679857083348336166e-01	1.365435174157133003e-01
1.000000000000000000e+00	-1.057994871344402343e-01	1.057994871344390131e-01
