# Time	RLS_Output	RLS_Error
0.000000000000000000e+00	0.000000000000000000e+00	0.000000000000000000e+00
1.001001001001000992e-03	0.000000000000000000e+00	0.000000000000000000e+00
2.002002002002001985e-03	0.000000000000000000e+00	0.000000000000000000e+00
3.003003003003002977e-03	0.000000000000000000e+00	0.000000000000000000e+00
4.004004004004003969e-03	0.000000000000000000e+00	0.000000000000000000e+00
5.005005005005004962e-03	0.000000000000000000e+00	0.000000000000000000e+00
6.006006006006005954e-03	0.000000000000000000e+00	0.000000000000000000e+00
7.007007007007006946e-03	0.000000000000000000e+00	0.000000000000000000e+00
8.008008008008007939e-03	0.000000000000000000e+00	0.000000000000000000e+00
9.009009009009008931e-03	0.000000000000000000e+00	0.000000000000000000e+00
1.001001001001000992e-02	0.000000000000000000e+00	0.000000000000000000e+00
1.101101101101101092e-02	0.000000000000000000e+00	0.000000000000000000e+00
1.201201201201201191e-02	0.000000000000000000e+00	0.000000000000000000e+00
1.301301301301301290e-02	0.000000000000000000e+00	0.000000000000000000e+00
1.401401401401401389e-02	0.000000000000000000e+00	0.000000000000000000e+00
1.501501501501501488e-02	0.000000000000000000e+00	0.000000000000000000e+00
1.601601601601601588e-02	0.000000000000000000e+00	0.000000000000000000e+00
1.701701701701701513e-02	0.000000000000000000e+00	0.000000000000000000e+00
1.801801801801801786e-02	0.000000000000000000e+00	0.000000000000000000e+00
1.901901901901902059e-02	0.000000000000000000e+00	0.000000000000000000e+00
2.002002002002001985e-02	0.000000000000000000e+00	0.000000000000000000e+00
2.102102102102101910e-02	0.000000000000000000e+00	0.000000000000000000e+00
2.202202202202202183e-02	0.000000000000000000e+00	0.000000000000000000e+00
2.302302302302302456e-02	0.000000000000000000e+00	0.000000000000000000e+00
2.402402402402402382e-02	0.000000000000000000e+00	0.000000000000000000e+00
2.502502502502502307e-02	0.000000000000000000e+00	7.076624788865043536e-01
2.602602602602602580e-02	3.293067999461108952e-01	4.002212911760775205e-01
2.702702702702702853e-02	4.968905771018339856e-01	2.537817281508903400e-01
2.802802802802802778e-02	5.976774010764769329e-01	1.733968116222477374e-01
2.902902902902902704e-02	6.456747082151476080e-01	1.450389306999461114e-01
3.003003003003002977e-02	7.737472480856046886e-01	3.582391525513928254e-02
3.103103103103103250e-02	8.039096412063464481e-01	2.371849739638476340e-02
3.203203203203203175e-02	8.201237934042407973e-01	2.474291555157692724e-02
3.303303303303303101e-02	7.825803659309391591e-01	7.868946200829163296e-02
3.403403403403403027e-02	7.875862881934947435e-01	8.923498703965870860e-02
3.503503503503503647e-02	8.480996815413208711e-01	4.340599115696308630e-02
3.603603603603603572e-02	8.672126362972499836e-01	3.809586328534664279e-02
3.703703703703703498e-02	9.208675191589088538e-01	-2.651412278634857067e-03
3.803803803803804118e-02	9.505117726799854339e-01	-2.029604185138123018e-02
3.903903903903904044e-02	9.899836309184785188e-01	-4.868812538897526743e-02
4.004004004004003969e-02	1.011546339197851196e+00	-6.010186451467447455e-02
4.104104104104103895e-02	9.461080562396380067e-01	1.454454618268297139e-02
4.204204204204203821e-02	8.624093822927947350e-01	1.065014009433548070e-01
4.304304304304304440e-02	9.469318553598394805e-01	2.927899561459013089e-02
4.404404404404404366e-02	1.000801631572493688e+00	-1.825604464986596565e-02
4.504504504504504292e-02	9.924481224318614236e-01	-4.539395491683362316e-03
4.604604604604604912e-02	9.397116863187582325e-01	5.258328133605549848e-02
4.704704704704704837e-02	9.885564171093903507e-01	7.143554597447310250e-03
4.804804804804804763e-02	1.080429004878531662e+00	-8.230863284038536509e-02
4.904904904904904689e-02	1.072524616265921882e+00	-7.297084104415807460e-02
5.005005005005004615e-02	1.125867321281304845e+00	-1.258685574527074191e-01
5.105105105105105234e-02	9.459374932290290916e-01	5.351740460004017486e-02
5.205205205205205160e-02	1.027053936826623382e+00	-2.913122179838012471e-02
5.305305305305305086e-02	1.000987911121705487e+00	-5.584180587692944009e-03
5.405405405405405705e-02	9.575617196702929101e-01	3.433871558858392348e-02
5.505505505505505631e-02	9.174586161531840256e-01	6.995767730360491488e-02
5.605605605605605557e-02	9.021758913830378868e-01	7.977984791446879331e-02
5.705705705705705483e-02	9.730011766695294551e-01	2.522995812309303254e-03
5.805805805805805409e-02	1.038992666936183307e+00	-7.086471403406446878e-02
5.905905905905906028e-02	1.027857935804403322e+00	-6.808354145121431333e-02
6.006006006006005954e-02	1.037793315740492606e+00	-8.732155844038103076e-02
6.106106106106105880e-02	1.058649262623545750e+00	-1.184200219137867549e-01
6.206206206206206499e-02	1.001394702284648552e+00	-7.233772933028581598e-02
6.306306306306305731e-02	9.712166442193198579e-01	-5.425064242330635000e-02
6.406406406406406351e-02	9.108297822858498760e-01	-6.861498823833689364e-03
6.506506506506506970e-02	9.139411914202828502e-01	-2.386452059837695927e-02
6.606606606606606202e-02	8.812534054873069067e-01	-5.948504809493826428e-03
6.706706706706706822e-02	1.009880166749198338e+00	-1.502125865684531547e-01
6.806806806806806054e-02	9.102810272373429434e-01	-6.710085485112027293e-02
6.906906906906906674e-02	8.767167872846387544e-01	-5.085780632109548893e-02
7.007007007007007293e-02	9.169783696434858911e-01	-1.092572355696791453e-01
7.107107107107106525e-02	9.413957075368969418e-01	-1.526111401042654636e-01
7.207207207207207145e-02	9.471940296165863860e-01	-1.781260230422694324e-01
7.307307307307307764e-02	9.140156712079927637e-01	-1.654247228730021391e-01
7.407407407407406996e-02	9.052134206514168557e-01	-1.778397790783680099e-01
7.507507507507507616e-02	8.349499138941680609e-01	-1.295128467482149492e-01
7.607607607607608236e-02	7.900929828381069164e-01	-1.072900656749178339e-01
7.707707707707707467e-02	7.384200737397199621e-01	-7.892650020382385723e-02
7.807807807807808087e-02	7.829326520192558814e-01	-1.474005661748717388e-01
7.907907907907907319e-02	7.809758591933965155e-01	-1.700337106479734572e-01
8.008008008008007939e-02	7.471956703194161387e-01	-1.614475927775768094e-01
8.108108108108108558e-02	8.062381112967743624e-01	-2.462633251591789252e-01
8.208208208208207790e-02	8.215102474326431148e-01	-2.878624870305205308e-01
8.308308308308308410e-02	7.559682938989513712e-01	-2.491752599306787941e-01
8.408408408408407642e-02	7.314031885006462286e-01	-2.519660262118362803e-01
8.508508508508508261e-02	7.816263588719656319e-01	-3.300191624950702396e-01
8.608608608608608881e-02	8.330558136958272630e-01	-4.097251576392927364e-01
8.708708708708708113e-02	8.627691918969601081e-01	-4.681336891475190165e-01
8.808808808808808732e-02	8.266904583817848984e-01	-4.611403465565658832e-01
8.908908908908909352e-02	8.052044271003477860e-01	-4.691011825581319350e-01
9.009009009009008584e-02	7.496865786301314394e-01	-4.433625590233476466e-01
9.109109109109109204e-02	7.424684576278391956e-01	-4.662265732487647085e-01
9.209209209209209823e-02	6.939094708905366726e-01	-4.480228851366865328e-01
9.309309309309309055e-02	7.961602340900768571e-01	-5.808720933449864621e-01
9.409409409409409675e-02	7.885780087333857935e-01	-6.041012019298932501e-01
9.509509509509508907e-02	7.990479434742778775e-01	-6.455648915780611841e-01
9.609609609609609526e-02	8.214814622743618067e-01	-6.991439378959044548e-01
9.709709709709710146e-02	8.344461933756256444e-01	-7.433751706889849542e-01
9.809809809809809378e-02	8.728371729556858583e-01	-8.131227080724755529e-01
9.909909909909909997e-02	1.037024545057451563e+00	-1.008725686974333291e+00
1.001001001001000923e-01	1.126543010875094897e+00	-1.129687743082830931e+00
1.011011011011010985e-01	1.036367242531484489e+00	-1.070952455343301635e+00
1.021021021021021047e-01	5.709845363767400706e-01	-6.369760300033607825e-01
1.031031031031030970e-01	5.747617167160504748e-01	-6.720942350843526203e-01
1.041041041041041032e-01	2.530456870831752081e-01	-3.816229823650436614e-01
1.051051051051051094e-01	2.058204745401784608e-01	-3.655154023277279451e-01
1.061061061061061017e-01	-5.784196751172829276e-02	-1.328126775213361588e-01
1.071071071071071079e-01	-3.113141312867592214e-01	8.988829896520034168e-02
1.081081081081081141e-01	-4.371405684128480962e-01	1.851625070277229113e-01
1.091091091091091064e-01	1.228544389011227977e-01	-4.051355593750943229e-01
1.101101101101101126e-01	2.299632121804243146e-01	-5.422682564119138959e-01
1.111111111111111049e-01	2.485688875459484692e-01	-5.905890308716166270e-01
1.121121121121121111e-01	-2.496634050979378017e-03	-3.689003997565885040e-01
1.131131131131131173e-01	-2.671888950484027081e-01	-1.332177711194011405e-01
1.141141141141141097e-01	-1.270284762382518640e-01	-3.019918778240744395e-01
1.151151151151151159e-01	-3.788089804273542804e-01	-7.840082225172489983e-02
1.161161161161161082e-01	-1.877918408027449138e-01	-2.971552959147423789e-01
1.171171171171171144e-01	2.899144665134881227e-02	-5.411963746044629042e-01
1.181181181181181206e-01	-1.669648540352675070e-03	-5.372865738198637775e-01
1.191191191191191129e-01	-7.838592556110875187e-02	-4.867886412042839450e-01
1.201201201201201191e-01	1.718941437980567866e-01	-7.627281788040145560e-01
1.211211211211211253e-01	-7.006281803850302747e-01	8.471892681785075929e-02
1.221221221221221176e-01	-1.510674197138010266e-01	-4.893080069592248282e-01
1.231231231231231238e-01	-4.990587518609226336e-01	-1.651496089446913285e-01
1.241241241241241300e-01	-5.401654064118543985e-01	-1.472190822172557700e-01
1.251251251251251362e-01	-3.498936891279100792e-01	-3.599872031665185546e-01
1.261261261261261146e-01	-5.935616471274218764e-01	-1.381136789742560822e-01
1.271271271271271208e-01	-4.868568227751315369e-01	-2.658894157228230970e-01
1.281281281281281270e-01	-8.086154273574508444e-01	3.554263396873336145e-02
1.291291291291291332e-01	-1.159218566389478289e+00	3.665836756477935943e-01
1.301301301301301394e-01	-1.225666383280673122e+00	4.142531968178072566e-01
1.311311311311311179e-01	-9.595022970602636869e-01	1.301131855351812527e-01
1.321321321321321240e-01	-1.282844040530562779e+00	4.362991502005023614e-01
1.331331331331331302e-01	-1.351175588643136249e+00	4.883120303572051624e-01
1.341341341341341364e-01	-1.212579984612736750e+00	3.342510060299679342e-01
1.351351351351351426e-01	-9.320177611326875278e-01	3.909190298311915335e-02
1.361361361361361211e-01	-7.173020500259761345e-01	-1.893377127509128233e-01
1.371371371371371273e-01	-7.379216885508993462e-01	-1.815354428393057828e-01
1.381381381381381335e-01	-7.821333070517739738e-01	-1.492319824080799995e-01
1.391391391391391397e-01	-8.946386562817691956e-01	-4.771380525254942384e-02
1.401401401401401459e-01	-1.017988612406668381e+00	6.558082952221688799e-02
1.411411411411411521e-01	-8.739106026979392983e-01	-8.761070754918631742e-02
1.421421421421421305e-01	-9.747103969330928042e-01	5.026365275405231259e-03
1.431431431431431367e-01	-9.215034571074920411e-01	-5.538441825400053364e-02
1.441441441441441429e-01	-5.688321448647177814e-01	-4.142935729309863424e-01
1.451451451451451491e-01	-5.585966507544556370e-01	-4.297947398790170626e-01
1.461461461461461553e-01	-6.672513435179872054e-01	-3.254283433655330571e-01
1.471471471471471337e-01	-5.871542001176474068e-01	-4.088321659214568804e-01
1.481481481481481399e-01	-3.891865710276045665e-01	-6.091215872436636092e-01
1.491491491491491461e-01	-6.352237435793656184e-01	-3.644190240828643068e-01
1.501501501501501523e-01	-7.299510120904020294e-01	-2.700378623853120219e-01
1.511511511511511585e-01	-7.221204965304907075e-01	-2.772256399314901865e-01
1.521521521521521647e-01	-8.443452350969272713e-01	-1.533699540993341826e-01
1.531531531531531432e-01	-1.019748677972088347e+00	2.465103252182221372e-02
1.541541541541541493e-01	-9.995334373366747682e-01	8.037343739289881661e-03
1.551551551551551555e-01	-9.276511137897108794e-01	-5.926298126344919925e-02
1.561561561561561617e-01	-7.255481953039655263e-01	-2.558079854495939331e-01
1.571571571571571679e-01	-9.511088235963648385e-01	-2.371902307816931010e-02
1.581581581581581464e-01	-9.898004000947042691e-01	2.246485169741396781e-02
1.591591591591591526e-01	-1.064194553322369785e+00	1.053078585977199610e-01
1.601601601601601588e-01	-1.072661681552692370e+00	1.231720411978790564e-01
1.611611611611611650e-01	-9.720275513877285611e-01	3.287387376796058192e-02
1.621621621621621712e-01	-1.079908273453123346e+00	1.520192461566138853e-01
1.631631631631631496e-01	-1.120874394230114257e+00	2.051675657299447675e-01
1.641641641641641558e-01	-1.169098715286437828e+00	2.664795876174035349e-01
1.651651651651651620e-01	-1.150098425651282952e+00	2.614595589989269220e-01
1.661661661661661682e-01	-1.144820598921341359e+00	2.710407290086127574e-01
1.671671671671671744e-01	-1.211478560546700001e+00	3.534217296910125983e-01
1.681681681681681528e-01	-1.141321722345279177e+00	2.998364250452287827e-01
1.691691691691691590e-01	-9.224363042900458609e-01	9.835464818668138154e-02
1.701701701701701652e-01	-7.354000092801491473e-01	-7.046310767752039794e-02
1.711711711711711714e-01	-7.783625656505323009e-01	-8.485129721057971253e-03
1.721721721721721776e-01	-5.152268912399724510e-01	-2.518273036156264411e-01
1.731731731731731838e-01	-5.398624599686354664e-01	-2.066397283594164636e-01
1.741741741741741623e-01	-5.344691019507766816e-01	-1.907428968096210875e-01
1.751751751751751685e-01	-5.128582092410134408e-01	-1.903464698396706289e-01
1.761761761761761746e-01	-4.913345876881003993e-01	-1.891674036671520676e-01
1.771771771771771808e-01	-6.382790740021743181e-01	-1.884731126701411075e-02
1.781781781781781870e-01	-6.210743752766151315e-01	-1.202660065020577651e-02
1.791791791791791655e-01	-7.575973830110688256e-01	1.491478620168509295e-01
1.801801801801801717e-01	-7.878297721932676634e-01	2.046333749869937435e-01
1.811811811811811779e-01	-7.843973473586999257e-01	2.270307710970573822e-01
1.821821821821821841e-01	-7.954725407420838446e-01	2.644869406127633438e-01
1.831831831831831903e-01	-8.331335846553132862e-01	3.290540288639887123e-01
1.841841841841841965e-01	-8.730066761089395611e-01	3.963316266625124262e-01
1.851851851851851749e-01	-1.062610469858678908e+00	6.138112896582164080e-01
1.861861861861861811e-01	-8.548695876920383574e-01	4.343900744228240129e-01
1.871871871871871873e-01	-7.838972451290709964e-01	3.921531924086730792e-01
1.881881881881881935e-01	-7.635485935711738836e-01	4.009273797895065994e-01
1.891891891891891997e-01	-6.914060317040546799e-01	3.582662369619969978e-01
1.901901901901901781e-01	-7.058456799895987954e-01	4.025167315149714709e-01
1.911911911911911843e-01	-7.368983683879445357e-01	4.636802147794782392e-01
1.921921921921921905e-01	-7.129048449508801344e-01	4.700676595722927953e-01
1.931931931931931967e-01	-7.264240695494462718e-01	5.142079833669384037e-01
1.941941941941942029e-01	-5.623349909484628428e-01	3.809498550758120827e-01
1.951951951951951814e-01	-4.739458273781801401e-01	3.235710055642431193e-01
1.961961961961961876e-01	-3.125871755271417696e-01	1.933713667909675027e-01
1.971971971971971938e-01	-1.067614272275475146e-02	-7.726276568830714453e-02
1.981981981981981999e-01	9.556116858762969679e-02	-1.521362177714224162e-01
1.991991991991992061e-01	2.004095644132717902e-01	-2.255648098026477311e-01
2.002002002002001846e-01	4.054721250945703820e-02	-3.425777919339001443e-02
2.012012012012011908e-01	2.443892248731679984e-02	1.328897019139992086e-02
2.022022022022021970e-01	2.415747955747282738e-01	-1.724457509799439126e-01
2.032032032032032032e-01	1.469310062009197837e-01	-4.646916834875175484e-02
2.042042042042042094e-01	2.833571994422135476e-01	-1.516619106065895950e-01
2.052052052052052156e-01	-4.193081713682565714e-02	2.047293293019197269e-01
2.062062062062061940e-01	-1.455424212757080726e-01	3.392831725126048692e-01
2.072072072072072002e-01	-1.711451342000970821e-01	3.956365428376690807e-01
2.082082082082082064e-01	-1.382474877988013329e-01	3.932675641991114635e-01
2.092092092092092126e-01	-9.646385525142812944e-02	3.817604213254778278e-01
2.102102102102102188e-01	5.470849079331271958e-02	2.605824477821898633e-01
2.112112112112111972e-01	3.058702731877464831e-03	3.419148310627125875e-01
2.122122122122122034e-01	2.443695746406394642e-01	1.299454252833792678e-01
2.132132132132132096e-01	3.076550625296249342e-01	9.563125995435556304e-02
2.142142142142142158e-01	3.210848091222126555e-01	1.107740438910842506e-01
2.152152152152152220e-01	3.671086727720573317e-01	9.289566462655346468e-02
2.162162162162162282e-01	3.139279073524380848e-01	1.737670364611964557e-01
2.172172172172172067e-01	2.813016328835020730e-01	2.336016573573100885e-01
2.182182182182182129e-01	4.169785230838446988e-01	1.246239484643450468e-01
2.192192192192192191e-01	5.670379384367916220e-01	7.281476579161783036e-04
2.202202202202202252e-01	1.510785821574780197e-01	4.422896796801424335e-01
2.212212212212212314e-01	1.825776727364875618e-01	4.358060091797281710e-01
2.222222222222222099e-01	6.428360071643537954e-02	5.785040089701031230e-01
2.232232232232232161e-01	3.871101101034605807e-01	2.794458030789108149e-01
2.242242242242242223e-01	2.745511643214472164e-01	4.151139246568142926e-01
2.252252252252252285e-01	3.293999176096174542e-01	3.826923678214078639e-01
2.262262262262262347e-01	3.844942110953722958e-01	3.493211141813554743e-01
2.272272272272272131e-01	4.899742831383621655e-01	2.648384444224362588e-01
2.282282282282282193e-01	6.562167481024944182e-01	1.188469807771069808e-01
2.292292292292292255e-01	6.840325790082195656e-01	1.105157249042240108e-01
2.302302302302302317e-01	5.697969783162017965e-01	2.434502069075312747e-01
2.312312312312312379e-01	5.164366225366340268e-01	3.147052597790592765e-01
2.322322322322322163e-01	5.748052681601101277e-01	2.734094317526916118e-01
2.332332332332332225e-01	6.568619235527412004e-01	2.075868319071233481e-01
2.342342342342342287e-01	6.625746147260849206e-01	2.172533810903441998e-01
2.352352352352352349e-01	7.772855662575738345e-01	1.170516468734532634e-01
2.362362362362362411e-01	1.054674646836585961e+00	-1.467125869570398145e-01
2.372372372372372473e-01	8.113743809370733695e-01	1.093146821157898740e-01
2.382382382382382258e-01	8.859521449026590556e-01	4.655349257704821664e-02
2.392392392392392320e-01	1.120944372735627637e+00	-1.775442744640467474e-01
2.402402402402402382e-01	1.293091143186111625e+00	-3.397294708086825432e-01
2.412412412412412444e-01	1.267395043363226170e+00	-3.050145341265927401e-01
2.422422422422422505e-01	1.150483014949013061e+00	-1.800353244292161037e-01
2.432432432432432290e-01	1.062791266076846375e+00	-8.523602712916034108e-02
2.442442442442442352e-01	1.056712889045649195e+00	-7.301676286603919763e-02
2.452452452452452414e-01	1.083456734678883482e+00	-9.459245491544776563e-02
2.462462462462462476e-01	9.637736636809223212e-01	2.928092545944538383e-02
2.472472472472472538e-01	1.177235182850699946e+00	-1.809722721521455080e-01
2.482482482482482600e-01	1.271622430076566168e+00	-2.731363582060437611e-01
2.492492492492492384e-01	1.152459084594522398e+00	-1.527372103241336765e-01
2.502502502502502724e-01	1.172500259444773318e+00	-1.725311635770264695e-01
2.512512512512512508e-01	1.166170879086969148e+00	-1.669433868908897223e-01
2.522522522522522292e-01	1.321445248502614245e+00	-3.239474519081144699e-01
2.532532532532532632e-01	1.148879166995838252e+00	-1.540974475132529387e-01
2.542542542542542416e-01	1.317695288852304358e+00	-3.266133421832846384e-01
2.552552552552552756e-01	1.322670798083410926e+00	-3.362686613876965103e-01
2.562562562562562540e-01	1.143750503211066416e+00	-1.630035859910266005e-01
2.572572572572572325e-01	1.093631368216565258e+00	-1.195094877778288822e-01
2.582582582582582664e-01	1.001418119238274285e+00	-3.488454168023280566e-02
2.592592592592592449e-01	8.293583648514456508e-01	1.286311474640432495e-01
2.602602602602602788e-01	7.615168027566869835e-01	1.869813308031081922e-01
2.612612612612612573e-01	8.028688295631303262e-01	1.351999973330360039e-01
2.622622622622622357e-01	7.554878227016673664e-01	1.712240827036179969e-01
2.632632632632632697e-01	7.662868881858773129e-01	1.481517112592887209e-01
2.642642642642642481e-01	7.184064017231150956e-01	1.828546438228297877e-01
2.652652652652652820e-01	8.071996437457445994e-01	7.999263066285955404e-02
2.662662662662662605e-01	8.463087516735001703e-01	2.593744634598604826e-02
2.672672672672672389e-01	7.432783785891106110e-01	1.131592173042360594e-01
2.682682682682682729e-01	7.942412382287902251e-01	4.554086222974917941e-02
2.692692692692692513e-01	8.152188948230878474e-01	7.077286775722058110e-03
2.702702702702702853e-01	8.448580088058508242e-01	-4.086087843890984228e-02
2.712712712712712637e-01	6.949278460424409554e-01	8.997519584396374004e-02
2.722722722722722422e-01	7.949668823168606346e-01	-2.993408485896942306e-02
2.732732732732732761e-01	8.018944799110470090e-01	-5.748843402262815427e-02
2.742742742742742545e-01	7.976875040485420509e-01	-7.464431998703180415e-02
2.752752752752752885e-01	7.717923899979650670e-01	-7.082705323036808664e-02
2.762762762762762669e-01	7.488547305064715554e-01	-7.066039469180462884e-02
2.772772772772773009e-01	8.376637795588440794e-01	-1.829110811191100305e-01
2.782782782782782793e-01	8.342379775428480082e-01	-2.035743725002905347e-01
2.792792792792792578e-01	8.540525802284903989e-01	-2.481017039649408007e-01
2.802802802802802917e-01	9.180827359324317261e-01	-3.374437865038263373e-01
2.812812812812812702e-01	1.035433916779013197e+00	-4.806810623948950534e-01
2.822822822822823041e-01	9.741649037277158030e-01	-4.458467149816650599e-01
2.832832832832832826e-01	9.041950560717033625e-01	-4.028339634840968353e-01
2.842842842842842610e-01	8.605760075309409896e-01	-3.866677849404974165e-01
2.852852852852852950e-01	7.989111963735178179e-01	-3.529244706884416272e-01
2.862862862862862734e-01	1.114757244599712260e+00	-6.971330323932454220e-01
2.872872872872873073e-01	1.000984575361779649e+00	-6.121358467703924555e-01
2.882882882882882858e-01	9.032777761413368633e-01	-5.435890464968000657e-01
2.892892892892892642e-01	1.092274656324672355e+00	-7.621016059238348017e-01
2.902902902902902982e-01	1.094123668806519012e+00	-7.937927911947679771e-01
2.912912912912912766e-01	1.056017095731520472e+00	-7.858253748477379563e-01
2.922922922922923106e-01	8.977195337922856400e-01	-6.579341502945494913e-01
2.932932932932932890e-01	8.326577891065882753e-01	-6.235158561690210544e-01
2.942942942942942675e-01	6.388745336578359746e-01	-4.605828624998586918e-01
2.952952952952953014e-01	4.590458586107546424e-01	-3.117807539906141678e-01
2.962962962962962798e-01	2.302639525367013995e-01	-1.141710384114703464e-01
2.972972972972973138e-01	9.358400126761498572e-02	-8.778076792105238280e-03
2.982982982982982922e-01	9.167988301816940022e-02	-3.824480902511168817e-02
2.992992992992992707e-01	-3.090564134171758237e-01	3.310677973434051902e-01
3.003003003003003046e-01	-3.035307436559704364e-01	2.940966714300734530e-01
3.013013013013012831e-01	-2.677106111695218282e-01	2.268404117288115029e-01
3.023023023023023170e-01	-1.683606132815096967e-01	9.609470136092192194e-02
3.033033033033032955e-01	-6.634256260705923003e-02	-3.724760122517935257e-02
3.043043043043043294e-01	3.123072887611296269e-02	-1.660427088826967323e-01
3.053053053053053079e-01	-1.505246892879969489e-01	-1.537579728071622465e-02
3.063063063063062863e-01	-3.964443741923028841e-01	1.996194327245991440e-01
3.073073073073073203e-01	-5.290197929022405487e-01	3.014650280261578219e-01
3.083083083083082987e-01	-4.897092826058554449e-01	2.316497131770063334e-01
3.093093093093093326e-01	-5.567222990700426699e-01	2.684131087978199881e-01
3.103103103103103111e-01	-5.205109280321482679e-01	2.022372131398403328e-01
3.113113113113112895e-01	-2.408581386949344705e-01	-1.070653739993490949e-01
3.123123123123123235e-01	-3.798920220157983585e-01	2.662757713028540696e-03
3.133133133133133019e-01	-2.809069798876862034e-01	-1.252550106667847385e-01
3.143143143143143359e-01	-3.717611383130094982e-01	-6.293194284138653449e-02
3.153153153153153143e-01	-2.956808858440942989e-01	-1.671134371232037563e-01
3.163163163163162928e-01	-3.368145747318493921e-01	-1.536233531845704325e-01
3.173173173173173267e-01	-4.613635966944635847e-01	-5.623296376741437896e-02
3.183183183183183051e-01	-5.119638829026726956e-01	-3.227948172890604539e-02
3.193193193193193391e-01	-4.307044822169857068e-01	-1.396475083609157175e-01
3.203203203203203175e-01	-4.512413684037038242e-01	-1.446552522301940980e-01
3.213213213213212960e-01	-4.789838396492049899e-01	-1.418681551940376151e-01
3.223223223223223299e-01	-4.870291764993945338e-01	-1.581642594392980716e-01
3.233233233233233084e-01	-6.122213412782299136e-01	-5.667553246610901319e-02
3.243243243243243423e-01	-6.404314315320664974e-01	-5.150743744547936487e-02
3.253253253253253208e-01	-7.055246542235124041e-01	-8.771982203508499332e-03
3.263263263263262992e-01	-6.678185652825910923e-01	-6.812950220151114955e-02
3.273273273273273332e-01	-5.700878340470295624e-01	-1.867839179579624531e-01
3.283283283283283116e-01	-6.500762108400039985e-01	-1.269707886422837273e-01
3.293293293293293456e-01	-5.663922066630883156e-01	-2.300616528418413242e-01
3.303303303303303240e-01	-5.754172475564838241e-01	-2.396558939297780411e-01
3.313313313313313024e-01	-5.394526164704372961e-01	-2.934338171703350095e-01
3.323323323323323364e-01	-5.195627690690098888e-01	-3.303133521216764512e-01
3.333333333333333148e-01	-5.950374599449751445e-01	-2.709879438394626749e-01
3.343343343343343488e-01	-7.438762251745656418e-01	-1.374420869352416252e-01
3.353353353353353272e-01	-7.065239386084102291e-01	-1.892157850768446670e-01
3.363363363363363057e-01	-7.579209469227088380e-01	-1.513544308911792813e-01
3.373373373373373396e-01	-7.802797049345869818e-01	-1.416321847506378795e-01
3.383383383383383181e-01	-8.485837113178739122e-01	-8.505305229297221992e-02
3.393393393393393520e-01	-7.000237155140837109e-01	-2.444146898667451939e-01
3.403403403403403304e-01	-8.119117988248939488e-01	-1.423943349038544470e-01
3.413413413413413644e-01	-9.626407493460444886e-01	-5.894415478682191178e-04
3.423423423423423428e-01	-9.994400331367104817e-01	2.823828086633439760e-02
3.433433433433433213e-01	-1.158007526410230303e+00	1.797945912770220200e-01
3.443443443443443552e-01	-1.124815388054086984e+00	1.405585816207184369e-01
3.453453453453453337e-01	-1.120505800763509585e+00	1.311784111100160466e-01
3.463463463463463676e-01	-1.071487486385512833e+00	7.806781566770215619e-02
3.473473473473473461e-01	-1.038077280839618588e+00	4.154767788928181993e-02
3.483483483483483245e-01	-1.078686370148315365e+00	8.003225907185895771e-02
3.493493493493493585e-01	-1.188436129383333428e+00	1.886450351194073338e-01
3.503503503503503369e-01	-1.170522220336593477e+00	1.705827921362997879e-01
3.513513513513513709e-01	-1.181061865887684137e+00	1.819628996830026102e-01
3.523523523523523493e-01	-1.025789142965632283e+00	2.851860359279956292e-02
3.533533533533533277e-01	-9.602310264293191233e-01	-3.422492932595855297e-02
3.543543543543543617e-01	-1.025318940978847904e+00	3.466094240941619553e-02
3.553553553553553401e-01	-9.644393814316767344e-01	-2.144104201571928048e-02
3.563563563563563741e-01	-9.891449963857592564e-01	9.017041663582858746e-03
3.573573573573573525e-01	-1.029720623859059048e+00	5.631434310305627466e-02
3.583583583583583310e-01	-1.064357807893612229e+00	9.863575957825709839e-02
3.593593593593593649e-01	-1.038563358384804625e+00	8.148050238653381516e-02
3.603603603603603434e-01	-1.032445114407638753e+00	8.494786768720852255e-02
3.613613613613613773e-01	-1.111394077238770928e+00	1.744193779713331116e-01
3.623623623623623557e-01	-1.105495324487017150e+00	1.799697055653388666e-01
3.633633633633633342e-01	-1.014113529921163659e+00	1.009522027481800643e-01
3.643643643643643681e-01	-7.778329597677197116e-01	-1.220610907555986779e-01
3.653653653653653466e-01	-7.685412121473816915e-01	-1.171956962491486065e-01
3.663663663663663805e-01	-7.481507147288164461e-01	-1.225531854363109963e-01
3.673673673673673590e-01	-8.140857450442365861e-01	-4.072414626269016402e-02
3.683683683683683929e-01	-7.579321720580718402e-01	-8.013842664715431496e-02
3.693693693693693714e-01	-7.909476241064918867e-01	-2.955495100059613023e-02
3.703703703703703498e-01	-7.407537312873663238e-01	-6.136946146767785493e-02
3.713713713713713838e-01	-8.307425883693204671e-01	4.779196216085712656e-02
3.723723723723723622e-01	-7.518212725344354252e-01	-1.118256183709187557e-02
3.733733733733733962e-01	-6.326991434949262860e-01	-1.096033982506828819e-01
3.743743743743743746e-01	-6.300568130853382298e-01	-9.081040583924770981e-02
3.753753753753753530e-01	-6.961195580666439398e-01	-2.599504285724196784e-03
3.763763763763763870e-01	-6.632584129712247867e-01	-1.262156039145490016e-02
3.773773773773773654e-01	-7.031159105819407840e-01	5.074337406014950425e-02
3.783783783783783994e-01	-7.319609134173401532e-01	1.037409161216976683e-01
3.793793793793793778e-01	-6.593133705333709127e-01	5.586713146994470858e-02
3.803803803803803563e-01	-6.943392932577274745e-01	1.162635337573555416e-01
3.813813813813813902e-01	-6.916112460846052246e-01	1.394775997315355065e-01
3.823823823823823687e-01	-8.154664275734665457e-01	2.898208749421450348e-01
3.833833833833834026e-01	-8.947822384948445062e-01	3.961445672538524421e-01
3.843843843843843811e-01	-9.349063608749187404e-01	4.637696517919005501e-01
3.853853853853853595e-01	-8.433397881689098652e-01	4.001699275247820320e-01
3.863863863863863934e-01	-8.544286613648806039e-01	4.396638802594737272e-01
3.873873873873873719e-01	-7.817989318149877187e-01	3.958493728196577077e-01
3.883883883883884058e-01	-8.557388581310024778e-01	4.989861697167713439e-01
3.893893893893893843e-01	-9.103622797948522916e-01	5.831592389370798823e-01
3.903903903903903627e-01	-8.821140676207332998e-01	5.847842309535604688e-01
3.913913913913913967e-01	-8.135600699837766125e-01	5.463974538492549771e-01
3.923923923923923751e-01	-8.761139402432707168e-01	6.393827299515891793e-01
3.933933933933934091e-01	-9.505518063086537683e-01	7.444860948969613812e-01
3.943943943943943875e-01	-9.400831543037986293e-01	7.648867110519284029e-01
3.953953953953953659e-01	-7.752924927147507583e-01	6.311385616467914961e-01
3.963963963963963999e-01	-4.535220114332904617e-01	3.405531400042168810e-01
3.973973973973973783e-01	-3.227439380264756630e-01	2.410718361632685491e-01
3.983983983983984123e-01	7.435115119968101205e-02	-1.246457215630474014e-01
3.993993993993993907e-01	3.535976430206468069e-02	-5.422706908653171509e-02
4.004004004004003692e-01	-5.168521502842218784e-02	6.426383286716179366e-02
4.014014014014014031e-01	1.173450924396258338e-02	3.227759277841790037e-02
4.024024024024023816e-01	3.681741376879808514e-01	-2.927720731055801773e-01
4.034034034034034155e-01	2.062563211181321632e-01	-9.953885574677390213e-02
4.044044044044043940e-01	-1.853490324568345116e-01	3.232763704294877583e-01
4.054054054054054279e-01	-1.614257355661969651e-01	3.304265558880459253e-01
4.064064064064064064e-01	-8.898345380663992554e-02	2.888906390314446848e-01
4.074074074074073848e-01	-2.989378360040141624e-02	2.605096543428402911e-01
4.084084084084084187e-01	-4.384914047654710212e-03	2.654814244597436534e-01
4.094094094094093972e-01	1.760154296428073084e-01	1.153035336327390969e-01
4.104104104104104311e-01	6.207990009873529114e-02	2.591734435854079477e-01
4.114114114114114096e-01	2.769463126931976382e-01	7.392373815813257920e-02
4.124124124124123880e-01	-4.725568064552883307e-02	4.273954787691238710e-01
4.134134134134134220e-01	1.657970297715150865e-01	2.432366121692310645e-01
4.144144144144144004e-01	8.353104685896860226e-02	3.539919635979345558e-01
4.154154154154154344e-01	3.089781087780891222e-01	1.566016230158687184e-01
4.164164164164164128e-01	5.144927411573163578e-01	-2.131667925784258566e-02
4.174174174174173912e-01	4.056983794596927817e-01	1.145863325218857698e-01
4.184184184184184252e-01	7.848643726500010853e-01	-2.379854971563738486e-01
4.194194194194194036e-01	8.839565458852091107e-01	-3.110242912431905316e-01
4.204204204204204376e-01	6.140211593814877133e-01	-1.560207299056060037e-02
4.214214214214214160e-01	5.585476359130762125e-01	6.476653202513960039e-02
4.224224224224223945e-01	2.379703355961264588e-01	4.096225460412669106e-01
4.234234234234234284e-01	5.377518925284254792e-01	1.334793268124767618e-01
4.244244244244244069e-01	5.114100777278163257e-01	1.827957284129060334e-01
4.254254254254254408e-01	6.105625826156759750e-01	1.059313408671072043e-01
4.264264264264264193e-01	6.731627603702245999e-01	6.491077126211330928e-02
4.274274274274273977e-01	6.713873467188754551e-01	8.753594474921255753e-02
4.284284284284284317e-01	6.754182912483782664e-01	1.036042943351122014e-01
4.294294294294294101e-01	7.174146171165086683e-01	8.093692155789677933e-02
4.304304304304304440e-01	7.239248554438397765e-01	9.296618174906534637e-02
4.314314314314314225e-01	6.090357396688814706e-01	2.255870085789357660e-01
4.324324324324324564e-01	7.214519980862087456e-01	1.300771396471025465e-01
4.334334334334334349e-01	7.283083753381064396e-01	1.392851123294950311e-01
4.344344344344344133e-01	7.428408416596231634e-01	1.399590710649958325e-01
4.354354354354354473e-01	6.231429356142244025e-01	2.739904403280892797e-01
4.364364364364364257e-01	6.411374302550152393e-01	2.694422733370200884e-01
4.374374374374374597e-01	4.451665786340778252e-01	4.779590205602343156e-01
4.384384384384384381e-01	4.103475081005255043e-01	5.244111485666254069e-01
4.394394394394394165e-01	6.812406651766427235e-01	2.642267074172202079e-01
4.404404404404404505e-01	8.117159304041190460e-01	1.435252271941679370e-01
4.414414414414414289e-01	7.835347229498549337e-01	1.805356238662954027e-01
4.424424424424424629e-01	7.741893716927591429e-01	1.977568377594747240e-01
4.434434434434434413e-01	8.028111391686671983e-01	1.760498182451941673e-01
4.444444444444444198e-01	9.189154939917731912e-01	6.589225902043449601e-02
4.454454454454454537e-01	1.127387407730434443e+00	-1.376066920066509880e-01
4.464464464464464322e-01	1.229297490876307686e+00	-2.355225628708836894e-01
4.474474474474474661e-01	1.173668465811426032e+00	-1.768820256543917058e-01
4.484484484484484446e-01	1.228616871498793506e+00	-2.298045972715243579e-01
4.494494494494494230e-01	1.219359795790202483e+00	-2.195093688319020853e-01
4.504504504504504570e-01	1.129136057385359271e+00	-1.292361856186103886e-01
4.514514514514514354e-01	1.225605314791716749e+00	-2.266447550328892779e-01
4.524524524524524693e-01	1.118950260398268393e+00	-1.219168406195781929e-01
4.534534534534534478e-01	1.153343012251389021e+00	-1.592226547614495891e-01
4.544544544544544262e-01	1.183969286184917147e+00	-1.937450326937184553e-01
4.554554554554554602e-01	1.236580023662405381e+00	-2.512310631947887174e-01
4.564564564564564386e-01	1.203417861172370040e+00	-2.239185617912534676e-01
4.574574574574574726e-01	1.115133959277583076e+00	-1.424529045744229450e-01
4.584584584584584510e-01	1.077823086932681251e+00	-1.129221182379421817e-01
4.594594594594594295e-01	1.120565985918284380e+00	-1.643992511790329791e-01
4.604604604604604634e-01	1.143846237390033993e+00	-1.973592476551816466e-01
4.614614614614614418e-01	9.131589755468283442e-01	2.271233000698413829e-02
4.624624624624624758e-01	8.084172152577170367e-01	1.159129643195916382e-01
4.634634634634634542e-01	7.593851847102439656e-01	1.524898396047900118e-01
4.644644644644644327e-01	7.086877660409666158e-01	1.898303900789015675e-01
4.654654654654654666e-01	8.655594164838740223e-01	1.871336652490374064e-02
4.664664664664664451e-01	8.009682871055505693e-01	6.818470449644908893e-02
4.674674674674674790e-01	8.477108280080866143e-01	5.462905185305899636e-03
4.684684684684684575e-01	8.426772611104684785e-01	-6.326452144691740997e-03
4.694694694694694914e-01	7.953972955410468781e-01	2.330355882478163387e-02
4.704704704704704699e-01	6.833067370551636488e-01	1.169345855988687122e-01
4.714714714714714483e-01	6.821205395776400726e-01	9.886992806827865632e-02
4.724724724724724823e-01	6.081443071665032507e-01	1.528230184951643311e-01
4.734734734734734607e-01	5.843524880514331388e-01	1.558392086505113738e-01
4.744744744744744946e-01	5.979227647507199261e-01	1.207613601178180174e-01
4.754754754754754731e-01	5.860269181300965524e-01	1.104389599191258897e-01
4.764764764764764515e-01	6.604243959764471983e-01	1.313453091041916210e-02
4.774774774774774855e-01	6.747412834551087535e-01	-2.475536040146175676e-02
4.784784784784784639e-01	7.314692929459856163e-01	-1.056991160941782582e-01
4.794794794794794979e-01	7.864701177103101681e-01	-1.855344835471873788e-01
4.804804804804804763e-01	8.313373915350736887e-01	-2.558305387651825802e-01
4.814814814814814548e-01	8.595236661893270735e-01	-3.100146881185200654e-01
4.824824824824824887e-01	7.523476879482560165e-01	-2.293799697324527820e-01
4.834834834834834671e-01	7.211419130448589732e-01	-2.252325943604689962e-01
4.844844844844845011e-01	7.278065708940023582e-01	-2.594460345613415209e-01
4.854854854854854795e-01	6.005308236708781777e-01	-1.601822107362588232e-01
4.864864864864864580e-01	6.372115470581488639e-01	-2.253102988141547636e-01
4.874874874874874919e-01	9.111005069426401093e-01	-5.280539343394712315e-01
4.884884884884884704e-01	8.952133273180333806e-01	-5.414002081916937659e-01
4.894894894894895043e-01	9.524434232553202762e-01	-6.282136277709486905e-01
4.904904904904904828e-01	9.584974655520439590e-01	-6.641716102327617222e-01
4.914914914914914612e-01	1.132538340642157193e+00	-8.684074713255489630e-01
4.924924924924924952e-01	1.276810823436234310e+00	-1.043136127471981922e+00
4.934934934934934736e-01	9.304617230563714259e-01	-7.274742710296087100e-01
4.944944944944945076e-01	9.512672280126647228e-01	-7.791677452484963018e-01
4.954954954954954860e-01	9.074149639761813768e-01	-7.663736320512610778e-01
4.964964964964965199e-01	8.796531054024636642e-01	-7.698093938599629427e-01
4.974974974974974984e-01	7.616610552858051886e-01	-6.831235837201351524e-01
4.984984984984984768e-01	6.756676540845332202e-01	-6.285140847322256974e-01
4.994994994994995108e-01	1.764308714792869326e-01	-1.607078324222460664e-01
5.005005005005005447e-01	1.241275421952077185e-01	-1.398505812522491398e-01
5.015015015015015232e-01	-2.190509841499135579e-01	1.718974147976072286e-01
5.025025025025025016e-01	1.942983306490948803e-02	-9.796730463057827520e-02
5.035035035035034801e-01	2.304967470837509733e-02	-1.328933862508745456e-01
5.045045045045044585e-01	1.150581565188704865e-02	-1.525471475768043206e-01
5.055055055055055480e-01	-1.009540501081022112e-01	-7.114543265606679268e-02
5.065065065065065264e-01	-2.239825371384709107e-01	2.099508511170936065e-02
5.075075075075075048e-01	-3.843419631259066827e-01	1.506672671616554882e-01
5.085085085085084833e-01	-4.613542734255517419e-01	1.972234041089463985e-01
5.095095095095094617e-01	-4.084623078122861517e-01	1.141364524930050806e-01
5.105105105105105512e-01	-5.243300896740099581e-01	2.001002941896377618e-01
5.115115115115115296e-01	-4.903673591968900625e-01	1.365542400705515580e-01
5.125125125125125081e-01	-5.989453667569093476e-01	2.158987941537432453e-01
5.135135135135134865e-01	-5.587170313934453070e-01	1.468157831494555365e-01
5.145145145145144649e-01	-4.162603899969620214e-01	-2.408822293765622291e-02
5.155155155155155544e-01	-4.748588126366170559e-01	6.498276303955774491e-03
5.165165165165165329e-01	-5.585321524240419722e-01	6.262283373965304989e-02
5.175175175175175113e-01	-4.769872301831160621e-01	-4.598048803268450779e-02
5.185185185185184897e-01	-3.862746563376989739e-01	-1.632343217331069241e-01
5.195195195195194682e-01	-3.072796840465116808e-01	-2.682271687233769852e-01
5.205205205205205576e-01	-2.877572699026363368e-01	-3.131783642604868967e-01
5.215215215215215361e-01	-3.144414921966442455e-01	-3.113286846551607812e-01
5.225225225225225145e-01	-3.676701514888273681e-01	-2.823157715648172972e-01
5.235235235235234930e-01	-4.697850466674438619e-01	-2.037738802194216103e-01
5.245245245245244714e-01	-5.717061394433875510e-01	-1.247597386058326707e-01
5.255255255255255609e-01	-7.541130799770544568e-01	3.542895510851618024e-02
5.265265265265265393e-01	-7.156184176718003442e-01	-2.457327903014216997e-02
5.275275275275275177e-01	-6.714618558863962861e-01	-8.950546977527162884e-02
5.285285285285284962e-01	-9.774040811014644836e-01	1.964136134555476421e-01
5.295295295295294746e-01	-7.999715531300424232e-01	-2.697695239881614526e-04
5.305305305305305641e-01	-6.768975277864286433e-01	-1.418033265793992026e-01
5.315315315315315425e-01	-5.491212744258593403e-01	-2.872295345399157318e-01
5.325325325325325210e-01	-6.491051872883505380e-01	-2.040685459050423090e-01
5.335335335335334994e-01	-7.289704035883756150e-01	-1.401825880136224889e-01
5.345345345345344779e-01	-9.033248943492387939e-01	1.905211134046236321e-02
5.355355355355355673e-01	-1.021019236414906661e+00	1.225010802950398103e-01
5.365365365365365458e-01	-1.006256318578139686e+00	9.438129426310548631e-02
5.375375375375375242e-01	-1.089315219170166493e+00	1.649850395928582625e-01
5.385385385385385026e-01	-1.020904855894261720e+00	8.503355034045034788e-02
5.395395395395394811e-01	-1.186432911079284613e+00	2.399459213444332661e-01
5.405405405405405705e-01	-1.105831210662937325e+00	1.496644759236868127e-01
5.415415415415415490e-01	-1.237398351599927615e+00	2.724973829051884344e-01
5.425425425425425274e-01	-1.281060390254437298e+00	3.083793355512773893e-01
5.435435435435435059e-01	-1.141343835653804373e+00	1.618445362726883552e-01
5.445445445445444843e-01	-8.678443716323622770e-01	-1.175045888352536094e-01
5.455455455455455738e-01	-8.741766475117012103e-01	-1.160476059794975923e-01
5.465465465465465522e-01	-7.686953234395373924e-01	-2.254250340504019290e-01
5.475475475475475307e-01	-8.606094992189661230e-01	-1.364239205597239657e-01
5.485485485485485091e-01	-8.591958592016282203e-01	-1.397647005571990286e-01
5.495495495495495986e-01	-9.899416862578932497e-01	-9.958185508855632584e-03
5.505505505505505770e-01	-1.037453176320866977e+00	3.760274936256657874e-02
5.515515515515515554e-01	-1.023439479710781308e+00	2.462720548351216010e-02
5.525525525525525339e-01	-9.180422550372359103e-01	-7.874418511979852653e-02
5.535535535535535123e-01	-9.265926260010146631e-01	-6.718230200440988842e-02
5.545545545545546018e-01	-9.432577385298266393e-01	-4.652297719395648290e-02
5.555555555555555802e-01	-8.815397502907985627e-01	-1.032680027214093466e-01
5.565565565565565587e-01	-9.452227246898428081e-01	-3.363823272401877951e-02
5.575575575575575371e-01	-1.004776154257849941e+00	3.282994480561585160e-02
5.585585585585585155e-01	-1.047011581409137859e+00	8.294123459298619050e-02
5.595595595595596050e-01	-1.072097212488377860e+00	1.168560548900915430e-01
5.605605605605605835e-01	-1.064457162412655977e+00	1.189897898187927128e-01
5.615615615615615619e-01	-1.048164233427187231e+00	1.134055767600358200e-01
5.625625625625625403e-01	-1.049521391007755211e+00	1.263957918134418490e-01
5.635635635635635188e-01	-1.142445925094684345e+00	2.318662215026485729e-01
5.645645645645646082e-01	-1.129511852325751242e+00	2.323784763834377820e-01
5.655655655655655867e-01	-1.095187171216015942e+00	2.123872584913962802e-01
5.665665665665665651e-01	-1.065321623527116790e+00	1.977281358595147642e-01
5.675675675675675436e-01	-1.041985744517618162e+00	1.904566067843053156e-01
5.685685685685685220e-01	-8.959524970783551145e-01	6.132974883053721182e-02
5.695695695695696115e-01	-9.109194923753411999e-01	9.402845518243641010e-02
5.705705705705705899e-01	-8.225590231340742520e-01	2.420748445966813822e-02
5.715715715715715683e-01	-8.312086449041899971e-01	5.218605932069764197e-02
5.725725725725725468e-01	-8.770215907363086982e-01	1.180982992682199084e-01
5.735735735735735252e-01	-6.855613502222054345e-01	-5.251218141013447305e-02
5.745745745745746147e-01	-7.363217258297977130e-01	1.982780234701497779e-02
5.755755755755755931e-01	-6.987837602821838079e-01	4.577954141460671700e-03
5.765765765765765716e-01	-6.431326475588108327e-01	-2.809857178209362871e-02
5.775775775775775500e-01	-6.509031000029367187e-01	3.310218365542461072e-03
5.785785785785785285e-01	-7.040630008556022501e-01	8.074883291738410573e-02
5.795795795795796179e-01	-6.357876664309373149e-01	3.736858004001064604e-02
5.805805805805805964e-01	-5.785679385933979457e-01	5.635683951376924128e-03
5.815815815815815748e-01	-6.350201164679355470e-01	8.814124097430875437e-02
5.825825825825825532e-01	-6.856417370582919002e-01	1.653570250767123495e-01
5.835835835835835317e-01	-6.882861490749770939e-01	1.951100871755007127e-01
5.845845845845846211e-01	-7.747455517891661536e-01	3.091658199952088126e-01
5.855855855855855996e-01	-5.798186370320090877e-01	1.422956265751031957e-01
5.865865865865865780e-01	-5.352509647098020462e-01	1.262173227690563948e-01
5.875875875875875565e-01	-4.306478759298635328e-01	5.050807780626570542e-02
5.885885885885885349e-01	-5.076932511431835326e-01	1.568232002918504842e-01
5.895895895895896244e-01	-6.613792107414661059e-01	3.401258670573217291e-01
5.905905905905906028e-01	-5.793284870808135256e-01	2.880095238052676199e-01
5.915915915915915813e-01	-5.937716614809847027e-01	3.326751510688963354e-01
5.925925925925925597e-01	-6.690225336330900552e-01	4.384066628906482799e-01
5.935935935935935381e-01	-6.730332407384320703e-01	4.731260555136244106e-01
5.945945945945946276e-01	-6.211679751183736276e-01	4.521671547965234739e-01
5.955955955955956060e-01	-1.878042681134804159e-01	4.987693014082775211e-02
5.965965965965965845e-01	-1.764089956112347701e-01	6.969153023987528783e-02
5.975975975975975629e-01	-6.490449865570470378e-02	-1.049756592669896793e-02
5.985985985985985414e-01	-6.071225347432943065e-03	-3.794087667495231464e-02
5.995995995995996308e-01	1.329339555950963536e-01	-1.455125734338354182e-01
6.006006006006006093e-01	1.838652989340597288e-01	-1.649979941495921532e-01
6.016016016016015877e-01	1.316194849528594113e-01	-8.132491458949422936e-02
6.026026026026025662e-01	-7.013521234584491060e-02	1.518073142090490268e-01
6.036036036036035446e-01	-3.470884159148030640e-02	1.476777130205491340e-01
6.046046046046046341e-01	-2.359448891006923898e-02	1.677484199780290841e-01
6.056056056056056125e-01	-1.876590340728588047e-01	3.628554773247278376e-01
6.066066066066065909e-01	-1.171303217332891888e-01	3.231960331449803547e-01
6.076076076076075694e-01	-1.291518723993676787e-01	3.658830826910445255e-01
6.086086086086086588e-01	6.852845433881810111e-02	1.986341617957023131e-01
6.096096096096096373e-01	1.569558792120631097e-01	1.403739574551102764e-01
6.106106106106106157e-01	-6.207160240338720214e-02	3.892746432611585150e-01
6.116116116116115942e-01	5.967088886260487474e-03	3.507855995279695049e-01
6.126126126126125726e-01	1.507028127506267468e-01	2.352467462446988233e-01
6.136136136136136621e-01	3.857336105481177224e-01	2.903117055729126372e-02
6.146146146146146405e-01	2.785705230158263546e-01	1.645993376283003684e-01
6.156156156156156189e-01	5.532387409725352256e-01	-8.210203188951809006e-02
6.166166166166165974e-01	6.919956629140571192e-01	-1.933579916730676640e-01
6.176176176176175758e-01	6.956964312242348569e-01	-1.700508785929144562e-01
6.186186186186186653e-01	1.024012551015989869e+00	-4.718789046629181527e-01
6.196196196196196437e-01	5.739757832833982665e-01	4.099976216972667231e-03
6.206206206206206222e-01	5.435591340778819225e-01	5.988710498554328243e-02
6.216216216216216006e-01	4.964605710667845395e-01	1.317594262288556139e-01
6.226226226226225791e-01	6.455298267869092887e-01	6.842709734881102790e-03
6.236236236236236685e-01	7.713690193646529636e-01	-9.548904600197294368e-02
6.246246246246246470e-01	7.452408250502461362e-01	-4.652176269787888785e-02
6.256256256256256254e-01	5.145054429126681983e-01	2.063617760119157429e-01
6.266266266266266038e-01	9.809892009884406683e-01	-2.386866592428334988e-01
6.276276276276275823e-01	1.107232841911385046e+00	-3.442290075398585225e-01
6.286286286286286717e-01	1.360918706384447452e+00	-5.779680801759837783e-01
6.296296296296296502e-01	1.104640695774661063e+00	-3.025175030196176618e-01
6.306306306306306286e-01	8.794100890414895400e-01	-5.890751393440329942e-02
6.316316316316316071e-01	9.062384612013428820e-01	-6.816786249611639370e-02
6.326326326326325855e-01	8.165278222578654654e-01	3.828206904905961938e-02
6.336336336336336750e-01	6.711954139883499204e-01	1.995084861767778550e-01
6.346346346346346534e-01	6.461124862914374711e-01	2.396244221050913836e-01
6.356356356356356319e-01	5.768259155907828895e-01	3.230681349325341678e-01
6.366366366366366103e-01	4.328558797313798445e-01	4.803054474416031949e-01
6.376376376376375887e-01	6.862451054599422173e-01	2.392805134617349561e-01
6.386386386386386782e-01	8.425486304385672032e-01	9.442606882887083497e-02
6.396396396396396566e-01	9.762485574733618110e-01	-2.875131075293257954e-02
6.406406406406406351e-01	1.007451414057367600e+00	-5.036855805909667971e-02
6.416416416416416135e-01	1.023282740723505224e+00	-5.756069240815087085e-02
6.426426426426425920e-01	1.100341831184900254e+00	-1.269355504288981473e-01
6.436436436436436814e-01	1.001168340222481801e+00	-2.104038550030529198e-02
6.446446446446446599e-01	8.488190924419684036e-01	1.370613310054270562e-01
6.456456456456456383e-01	9.306915712683624387e-01	5.996642730106926944e-02
6.466466466466466168e-01	1.005534099847971152e+00	-1.107814409269369804e-02
6.476476476476475952e-01	1.102738023478139207e+00	-1.054674841053067080e-01
6.486486486486486847e-01	1.072132802672439045e+00	-7.303383646775762905e-02
6.496496496496496631e-01	1.217601863344157875e+00	-2.176624351438641858e-01
6.506506506506506415e-01	1.113726380743391475e+00	-1.139352864794652698e-01
6.516516516516516200e-01	9.202539944988397114e-01	7.840011657761680741e-02
6.526526526526525984e-01	8.170263043153189741e-01	1.795032986350180160e-01
6.536536536536536879e-01	5.522536864936106182e-01	4.411659842242001695e-01
6.546546546546546663e-01	6.388053863982809943e-01	3.505220032552124332e-01
6.556556556556556448e-01	8.010297590977768500e-01	1.832270473355919194e-01
6.566566566566566232e-01	7.021478002677911112e-01	2.760651348654178383e-01
6.576576576576576016e-01	7.442611102037999249e-01	2.269406420665772695e-01
6.586586586586586911e-01	9.627091984710617334e-01	5.209924228504192456e-04
6.596596596596596696e-01	9.235121000797101853e-01	3.079403364903854357e-02
6.606606606606606480e-01	7.352796331052801060e-01	2.091587722755491319e-01
6.616616616616616264e-01	4.993350808059552892e-01	4.343016828048918421e-01
6.626626626626626049e-01	3.985315793194217360e-01	5.233803103658050127e-01
6.636636636636636943e-01	5.055339874745162776e-01	4.037413903393716197e-01
6.646646646646646728e-01	6.207473084719002943e-01	2.749924152133551569e-01
6.656656656656656512e-01	6.435867516148889855e-01	2.377315604949188366e-01
6.666666666666666297e-01	7.266507298352260502e-01	1.393746739492142117e-01
6.676676676676676081e-01	7.434532611446194039e-01	1.064228600460676022e-01
6.686686686686686976e-01	7.005821896613669830e-01	1.323042439794059888e-01
6.696696696696696760e-01	8.455728753512946616e-01	-3.049973386503213035e-02
6.706706706706706544e-01	7.661291849937692522e-01	3.032467451116105384e-02
6.716716716716716329e-01	7.702557705114492226e-01	6.791228970841500789e-03
6.726726726726726113e-01	5.791975200472524454e-01	1.776742319577403473e-01
6.736736736736737008e-01	5.936225120429760027e-01	1.423255554411271273e-01
6.746746746746746792e-01	6.236092893334985732e-01	9.068734709352310741e-02
6.756756756756756577e-01	5.809845702220566288e-01	1.109542987554914539e-01
6.766766766766766361e-01	5.591785136665109457e-01	1.097183600778289803e-01
6.776776776776777256e-01	6.473929987008725240e-01	-2.199562762180251596e-03
6.786786786786787040e-01	6.629592215175152958e-01	-4.210722667427169164e-02
6.796796796796796825e-01	6.624501504136612873e-01	-6.655352977976236595e-02
6.806806806806806609e-01	6.641429519866697273e-01	-9.379096140876586052e-02
6.816816816816816393e-01	6.863076352960046922e-01	-1.420642706644248410e-01
6.826826826826827288e-01	6.857621406303175959e-01	-1.681655801684400764e-01
6.836836836836837072e-01	6.995772487097222658e-01	-2.091393207933013865e-01
6.846846846846846857e-01	6.577811703770632956e-01	-1.949868474097625759e-01
6.856856856856856641e-01	6.395596975134091311e-01	-2.048666163590135980e-01
6.866866866866866426e-01	6.432891011020760441e-01	-2.371271105476023267e-01
6.876876876876877320e-01	6.083652485085933037e-01	-2.311359842058239855e-01
6.886886886886887105e-01	6.143949276510572988e-01	-2.664714149567726231e-01
6.896896896896896889e-01	6.219092379360739997e-01	-3.036355230437631780e-01
6.906906906906906674e-01	6.951889029128511810e-01	-4.068797126406290543e-01
6.916916916916916458e-01	6.988889245326083133e-01	-4.408293551037563152e-01
6.926926926926927353e-01	7.300598335380117376e-01	-5.025050686619295659e-01
6.936936936936937137e-01	6.096977947226600580e-01	-4.128728532549533758e-01
6.946946946946946921e-01	3.575389246563669410e-01	-1.916384380876543225e-01
6.956956956956956706e-01	6.512829027102610135e-01	-5.164709227036760053e-01
6.966966966966966490e-01	7.367703618402277055e-01	-6.331801980079860837e-01
6.976976976976977385e-01	6.411499960316644486e-01	-5.688840841110771596e-01
6.986986986986987169e-01	4.123391025271663235e-01	-3.714689030864530284e-01
6.996996996996996954e-01	7.791172354881235051e-01	-7.696831632622270769e-01
7.007007007007006738e-01	7.156749692309881672e-01	-7.376863531572145360e-01
7.017017017017016522e-01	7.618085459747530042e-01	-8.152436199678076978e-01
7.027027027027027417e-01	2.519006460943571946e-01	-3.367065705698657485e-01
7.037037037037037202e-01	-2.920182594738609527e-01	1.759253453486293584e-01
7.047047047047046986e-01	-6.323948808729482063e-02	-8.402561653284620902e-02
7.057057057057056770e-01	1.154019677278032840e-01	-2.936936388857775970e-01
7.067067067067066555e-01	1.498655310895515708e-02	-2.241284860465194428e-01
7.077077077077077449e-01	1.159084854972850104e-01	-3.556938689950199239e-01
7.087087087087087234e-01	1.421753649347745618e-01	-4.123670858185575772e-01
7.097097097097097018e-01	5.112263681181725694e-01	-8.115572457299224940e-01
7.107107107107106803e-01	4.239447928118452724e-01	-7.541178432126800502e-01
7.117117117117116587e-01	4.979624275275477685e-01	-8.576511571720801808e-01
7.127127127127127482e-01	2.276765051587119060e-01	-6.165252337501012647e-01
7.137137137137137266e-01	1.599132506005303545e-01	-5.775374628069978034e-01
7.147147147147147050e-01	8.400194288763189465e-02	-5.299886685727069890e-01
7.157157157157156835e-01	-1.928961297873703351e-02	-4.546186096117039166e-01
7.167167167167166619e-01	1.501439285220615982e-01	-6.515050211096640176e-01
7.177177177177177514e-01	-1.047873901994606505e-01	-4.235307985465920910e-01
7.187187187187187298e-01	-2.334066531589137072e-01	-3.213462012252034095e-01
7.197197197197197083e-01	-5.004472549227318989e-01	-8.019169450587249059e-02
7.207207207207206867e-01	-5.438536077785509626e-01	-6.209726848499486085e-02
7.217217217217216652e-01	-6.640442057770620243e-01	3.338060073450554999e-02
7.227227227227227546e-01	-7.728605487655969553e-01	1.181078503258611301e-01
7.237237237237237331e-01	-8.789044312369854728e-01	2.007100954223194345e-01
7.247247247247247115e-01	-1.103437695845541633e+00	4.024723590779455407e-01
7.257257257257256899e-01	-1.084589775768311171e+00	3.615465917068042545e-01
7.267267267267266684e-01	-1.123966534735874268e+00	3.795604888474561900e-01
7.277277277277277578e-01	-9.924723906725575473e-01	2.274395932146672239e-01
7.287287287287287363e-01	-8.681544130523730640e-01	8.325137116596914577e-02
7.297297297297297147e-01	-6.411638651595348293e-01	-1.628332652074043763e-01
7.307307307307306932e-01	-8.553149079094739538e-01	3.301872631066671282e-02
7.317317317317316716e-01	-1.178858456720309089e+00	3.390763562617703508e-01
7.327327327327327611e-01	-8.294586290059778877e-01	-2.697896688736811655e-02
7.337337337337337395e-01	-8.643181481515823661e-01	-7.928049867903297354e-03
7.347347347347347180e-01	-5.098048155059513586e-01	-3.773874589026513515e-01
7.357357357357356964e-01	-8.385481513254671171e-01	-6.271289422047732209e-02
7.367367367367367859e-01	-7.932612566157203338e-01	-1.211773428294459221e-01
7.377377377377377643e-01	-8.944198961104447010e-01	-3.229200929484021820e-02
7.387387387387387427e-01	-9.625853878935198837e-01	2.451656099735466388e-02
7.397397397397397212e-01	-1.130978231696902814e+00	1.824800981371086372e-01
7.407407407407406996e-01	-1.130225622067720703e+00	1.722361097522321360e-01
7.417417417417417891e-01	-1.333954158050363326e+00	3.674205804923217356e-01
7.427427427427427675e-01	-1.111440656354600431e+00	1.373187759158642773e-01
7.437437437437437460e-01	-8.587295141354768235e-01	-1.220174030845624369e-01
7.447447447447447244e-01	-1.057554462134856044e+00	7.115232543914151719e-02
7.457457457457457028e-01	-9.990615941742583273e-01	7.979647505238940397e-03
7.467467467467467923e-01	-7.503791955695477967e-01	-2.444025239130375171e-01
7.477477477477477708e-01	-7.836986864759495353e-01	-2.137991101185501286e-01
7.487487487487487492e-01	-1.001489247536677007e+00	2.261755340597693120e-03
7.497497497497497276e-01	-8.633382061380686645e-01	-1.366308897296781844e-01
7.507507507507507061e-01	-8.337465738126874637e-01	-1.659753004577012581e-01
7.517517517517517955e-01	-1.049348291723982474e+00	5.086221985346006669e-02
7.527527527527527740e-01	-1.059630618117519463e+00	6.336770741896491366e-02
7.537537537537537524e-01	-8.020253991871573174e-01	-1.910291899532102766e-01
7.547547547547547309e-01	-7.615309970295974784e-01	-2.273332827338383488e-01
7.557557557557557093e-01	-7.261519715569799693e-01	-2.575441546226305833e-01
7.567567567567567988e-01	-6.659123796146472207e-01	-3.116428593330390351e-01
7.577577577577577772e-01	-6.437169179324404578e-01	-3.267307725873569435e-01
7.587587587587587556e-01	-7.703628156204439525e-01	-1.920176936161894776e-01
7.597597597597597341e-01	-7.728503606472819643e-01	-1.805113117301477832e-01
7.607607607607607125e-01	-8.425326082520581128e-01	-1.008674900195241086e-01
7.617617617617618020e-01	-8.493168295711299720e-01	-8.318880790857774432e-02
7.627627627627627804e-01	-8.864565257751441107e-01	-3.423253727771857768e-02
7.637637637637637589e-01	-9.407152920904503501e-01	3.275323221090398196e-02
7.647647647647647373e-01	-8.980479656135526012e-01	3.710752482524504181e-03
7.657657657657657158e-01	-9.885899886572967477e-01	1.087619928408657399e-01
7.667667667667668052e-01	-1.026327551214778033e+00	1.618787957549123746e-01
7.677677677677677837e-01	-9.830840441554525855e-01	1.348693442426506239e-01
7.687687687687687621e-01	-8.724231643101336697e-01	4.128128199443958923e-02
7.697697697697697405e-01	-8.877659428667730168e-01	7.451875764303872440e-02
7.707707707707707190e-01	-8.747847037861008479e-01	8.023639987365482895e-02
7.717717717717718084e-01	-8.787795979247225997e-01	1.037158690451220888e-01
7.727727727727727869e-01	-8.417261743066922763e-01	8.691344674589362995e-02
7.737737737737737653e-01	-7.915219745619573866e-01	5.770664928522883930e-02
7.747747747747747438e-01	-8.634961113490590146e-01	1.514038259180315871e-01
7.757757757757757222e-01	-8.819212809813762322e-01	1.922561920031112814e-01
7.767767767767768117e-01	-8.783449908157008323e-01	2.117890776333297698e-01
7.777777777777777901e-01	-9.063541212733842167e-01	2.635665115868447428e-01
7.787787787787787686e-01	-8.881319962041126503e-01	2.697483142878959184e-01
7.797797797797797470e-01	-8.819852156611198701e-01	2.886169538234969467e-01
7.807807807807807254e-01	-8.883314127850445718e-01	3.205653266903357723e-01
7.817817817817818149e-01	-8.735393383012179935e-01	3.319368667530286920e-01
7.827827827827827933e-01	-8.728814727413984897e-01	3.579781825005853291e-01
7.837837837837837718e-01	-8.590556024270731283e-01	3.713606586134367560e-01
7.847847847847847502e-01	-7.836474163579999486e-01	3.236430789593857105e-01
7.857857857857857287e-01	-7.516196094295423125e-01	3.197607564162435190e-01
7.867867867867868181e-01	-6.315137394622603040e-01	2.282274169782794737e-01
7.877877877877877966e-01	-4.244925351982005157e-01	5.017753527418067350e-02
7.887887887887887750e-01	-4.937958293135074062e-01	1.488222955189145158e-01
7.897897897897897534e-01	-3.014080004887088604e-01	-1.388293808679408325e-02
7.907907907907907319e-01	-2.443443941760387594e-01	-4.095217189801297897e-02
7.917917917917918214e-01	-1.668664323510286873e-01	-8.815364404928174857e-02
7.927927927927927998e-01	-2.136498573258774902e-01	-1.084155131169656228e-02
7.937937937937937782e-01	-1.204302658011077859e-01	-7.331048543579278542e-02
7.947947947947947567e-01	-1.376839863437742673e-01	-2.511452582132100986e-02
7.957957957957957351e-01	-2.350872767578208455e-01	1.033919879221947835e-01
7.967967967967968246e-01	-1.442585915713217037e-01	4.379675371915334181e-02
7.977977977977978030e-01	-1.772231500330464782e-01	1.080941054382600214e-01
7.987987987987987815e-01	-2.538930856898384825e-01	2.161651930111214148e-01
7.997997997997997599e-01	-2.541931863426282745e-01	2.479037530265591482e-01
8.008008008008007383e-01	-2.617102751008708594e-01	2.868655204902438305e-01
8.018018018018018278e-01	-7.359110405062253835e-02	1.301661532344140504e-01
8.028028028028028062e-01	-1.117623190681271694e-01	1.997012274791860609e-01
8.038038038038037847e-01	-2.569846540024202097e-01	3.762004627385932554e-01
8.048048048048047631e-01	1.131384739923181892e-01	3.723634782161672208e-02
8.058058058058058526e-01	2.058577279384180003e-01	-2.447259206576671287e-02
8.068068068068068310e-01	2.276731280898604548e-01	-1.545704190735380790e-02
8.078078078078078095e-01	3.826501207433782858e-01	-1.398129353647903916e-01
8.088088088088087879e-01	2.199299250630222802e-01	5.328822854544285059e-02
8.098098098098097664e-01	2.724813827152753887e-01	3.084756575934910483e-02
8.108108108108108558e-01	3.524732541158920873e-01	-1.933345937383473823e-02
8.118118118118118343e-01	5.294402618950906358e-01	-1.668190481134253500e-01
8.128128128128128127e-01	5.937619204939125206e-01	-2.020178677735148809e-01
8.138138138138137911e-01	4.027725999260899914e-01	1.770691334312324283e-02
8.148148148148147696e-01	5.175902094741536841e-01	-6.879102927369395992e-02
8.158158158158158590e-01	5.932628516615967573e-01	-1.165878022151699001e-01
8.168168168168168375e-01	5.581391273748650406e-01	-5.405957158353924541e-02
8.178178178178178159e-01	6.748364943307071373e-01	-1.438508942013869696e-01
8.188188188188187944e-01	7.011063015798008058e-01	-1.437397253181600387e-01
8.198198198198197728e-01	7.733705257619332141e-01	-1.901741285556624028e-01
8.208208208208208623e-01	6.296427188000357500e-01	-2.119319780581951917e-02
8.218218218218218407e-01	6.162769175401052735e-01	1.682405838671674481e-02
8.228228228228228192e-01	5.822441582235239332e-01	7.488222704566416255e-02
8.238238238238237976e-01	4.873326608167852791e-01	1.931693305384656334e-01
8.248248248248247760e-01	4.345927588004001030e-01	2.686119202802813022e-01
8.258258258258258655e-01	4.747736330992763376e-01	2.504383656611223197e-01
8.268268268268268439e-01	4.631933085138804085e-01	2.833088798141719655e-01
8.278278278278278224e-01	5.253476103948103715e-01	2.417065844607877434e-01
8.288288288288288008e-01	7.239678981039574523e-01	6.287979726763104349e-02
8.298298298298297793e-01	7.414576797181785528e-01	6.440543723948821686e-02
8.308308308308308687e-01	7.503248965988958963e-01	7.375675950446936024e-02
8.318318318318318472e-01	8.020021059422618448e-01	3.948319135778832756e-02
8.328328328328328256e-01	9.259409779860005019e-01	-6.788414713031376557e-02
8.338338338338338041e-01	8.447352357803131762e-01	2.904463413241387126e-02
8.348348348348347825e-01	9.162165844503907808e-01	-2.757771779803530610e-02
8.358358358358358720e-01	1.025721414907009077e+00	-1.231022872379745614e-01
8.368368368368368504e-01	1.059689704046185454e+00	-1.439828755460165199e-01
8.378378378378378288e-01	1.109544419614700850e+00	-1.816553923181922769e-01
8.388388388388388073e-01	1.045366920775637976e+00	-1.062132431558713286e-01
8.398398398398397857e-01	1.054157229002886442e+00	-1.046675886480734619e-01
8.408408408408408752e-01	1.083191055258113211e+00	-1.243043605334632762e-01
8.418418418418418536e-01	9.154826030533624870e-01	5.185294534392748123e-02
8.428428428428428321e-01	9.819204947763532365e-01	-7.092648101819531981e-03
8.438438438438438105e-01	9.772667730776363193e-01	4.089407675922474006e-03
8.448448448448447889e-01	1.017639846121675795e+00	-3.072575106851604954e-02
8.458458458458458784e-01	1.044876400392987348e+00	-5.338030679560257230e-02
8.468468468468468568e-01	1.014862877163190902e+00	-1.976523171292499104e-02
8.478478478478478353e-01	9.023527134995873444e-01	9.536247569667399837e-02
8.488488488488488137e-01	9.137269773879265200e-01	8.561915907405437398e-02
8.498498498498497922e-01	9.285715188958466593e-01	7.141735557986739202e-02
8.508508508508508816e-01	7.565439219011321770e-01	2.430988457610977482e-01
8.518518518518518601e-01	7.438909439919662026e-01	2.544172142793020841e-01
8.528528528528528385e-01	7.708842125354292696e-01	2.251021535036753507e-01
8.538538538538538170e-01	7.627683345111668789e-01	2.299113523723534946e-01
8.548548548548547954e-01	7.328751902675244567e-01	2.555162003659487979e-01
8.558558558558558849e-01	6.982254362116644408e-01	2.849002815840399050e-01
8.568568568568568633e-01	6.808519399501943292e-01	2.960359354112986896e-01
8.578578578578578417e-01	5.978657444395492071e-01	3.718182872181384768e-01
8.588588588588588202e-01	5.609187295135336093e-01	4.006025807335923394e-01
8.598598598598597986e-01	6.592468234265519422e-01	2.931609594579004385e-01
8.608608608608608881e-01	7.638135163423754870e-01	1.785389451919434656e-01
8.618618618618618665e-01	8.505972321959466287e-01	8.076805726390845486e-02
8.628628628628628450e-01	9.216246773615045518e-01	-2.167545971298978635e-03
8.638638638638638234e-01	8.288293178862650157e-01	7.781044489062516334e-02
8.648648648648649129e-01	8.261605164735624784e-01	6.676534167600600700e-02
8.658658658658658913e-01	7.688207959997330754e-01	1.095081825830362954e-01
8.668668668668668698e-01	8.963621580727548777e-01	-3.349859978682401263e-02
8.678678678678678482e-01	8.802067829313672265e-01	-3.366189260130614258e-02
8.688688688688688266e-01	7.609405384490011137e-01	6.844857307608298580e-02
8.698698698698699161e-01	8.134770372401004535e-01	-2.063850777234477185e-03
8.708708708708708945e-01	8.668475249190399357e-01	-7.421263417735401990e-02
8.718718718718718730e-01	8.509275336954568170e-01	-7.785474030673911194e-02
8.728728728728728514e-01	7.889292473577559361e-01	-3.618300885980019199e-02
8.738738738738738299e-01	7.419744798996102952e-01	-1.029915379792989416e-02
8.748748748748749193e-01	8.572396998533559076e-01	-1.473588075589267188e-01
8.758758758758758978e-01	8.258171861314657081e-01	-1.384326975023563167e-01
8.768768768768768762e-01	8.125732261900160402e-01	-1.483648653844017451e-01
8.778778778778778547e-01	6.940067427941533085e-01	-5.363131612112592705e-02
8.788788788788788331e-01	6.868708887862668977e-01	-7.096163521908460670e-02
8.798798798798799226e-01	6.398371216392745309e-01	-4.900308663331542913e-02
8.808808808808809010e-01	7.914344179729621009e-01	-2.262598512075698620e-01
8.818818818818818794e-01	8.063959975491662435e-01	-2.674397751889491248e-01
8.828828828828828579e-01	8.406077024519112983e-01	-3.284027744987950692e-01
8.838838838838838363e-01	9.074082818273980777e-01	-4.224611451099070103e-01
8.848848848848849258e-01	9.102069672343184870e-01	-4.529971645552409720e-01
8.858858858858859042e-01	5.740404945035918471e-01	-1.450201404412656547e-01
8.868868868868868827e-01	5.497110247463176114e-01	-1.493043585785125971e-01
8.878878878878878611e-01	5.419907522951841194e-01	-1.705937184876134549e-01
8.888888888888888395e-01	5.074657396998982772e-01	-1.654455963742255675e-01
8.898898898898899290e-01	5.106949556605782092e-01	-1.983899114290900156e-01
8.908908908908909074e-01	4.171044897767719473e-01	-1.348233693028000890e-01
8.918918918918918859e-01	4.104613728103045367e-01	-1.584833114251777419e-01
8.928928928928928643e-01	4.023255153463895506e-01	-1.808996830248273124e-01
8.938938938938938428e-01	3.904345272267892852e-01	-1.997798821937236124e-01
8.948948948948949322e-01	3.379252658019236133e-01	-1.782303380143750726e-01
8.958958958958959107e-01	3.629386310156899609e-01	-2.343613357338207026e-01
8.968968968968968891e-01	4.183386613315722147e-01	-3.210061429632674601e-01
8.978978978978978676e-01	4.061293778395334009e-01	-3.401378842129093028e-01
8.988988988988988460e-01	3.468626564390623335e-01	-3.122774436272434673e-01
8.998998998998999355e-01	2.601986365850096905e-01	-2.570539043772738230e-01
9.009009009009009139e-01	3.249274142722614056e-01	-3.532262723553784567e-01
9.019019019019018923e-01	1.761137693163135898e-01	-2.358282341995209253e-01
9.029029029029028708e-01	-1.327131553341968084e-01	4.164213264755649291e-02
9.039039039039038492e-01	-1.986564255691445346e-01	7.631890119068931999e-02
9.049049049049049387e-01	-2.695355812337150159e-01	1.160525293374987110e-01
9.059059059059059171e-01	-1.187234473416797637e-01	-6.575335946181114222e-02
9.069069069069068956e-01	-3.031714259596456074e-02	-1.849709981491228228e-01
9.079079079079078740e-01	4.848988974556728282e-02	-2.943764754994166455e-01
9.089089089089088525e-01	-6.003523036949320879e-02	-2.162066540095788358e-01
9.099099099099099419e-01	-1.040372415330950845e-01	-2.022867780736880006e-01
9.109109109109109204e-01	-3.190137593682194073e-01	-1.708948517399483391e-02
9.119119119119118988e-01	-3.602987541185812548e-01	-5.251357706637871381e-03
9.129129129129128772e-01	-3.821314629475277558e-01	-1.250403980191178155e-02
9.139139139139138557e-01	-5.351466800941568902e-01	1.118160240376250836e-01
9.149149149149149451e-01	-6.572530141770728251e-01	2.056458178001785431e-01
9.159159159159159236e-01	-7.103311115980895929e-01	2.308939493092819206e-01
9.169169169169169020e-01	-7.205635298401869004e-01	2.137704958719146564e-01
9.179179179179178805e-01	-6.912539066048750680e-01	1.576061462027542603e-01
9.189189189189188589e-01	-5.701054547467450107e-01	1.013066860915234901e-02
9.199199199199199484e-01	-6.134624497207079585e-01	2.771437217886962845e-02
9.209209209209209268e-01	-8.161836831117744717e-01	2.052415345663509694e-01
9.219219219219219053e-01	-9.679215115719834728e-01	3.323894257275999964e-01
9.229229229229228837e-01	-8.449661606429412775e-01	1.854725871070470600e-01
9.239239239239238621e-01	-6.796909996774446183e-01	-3.111917485741688694e-03
9.249249249249249516e-01	-5.944548702633837278e-01	-1.109821968825681626e-01
9.259259259259259300e-01	-4.557361263315705124e-01	-2.716375152414784444e-01
9.269269269269269085e-01	-5.709248897988937754e-01	-1.776660585360960720e-01
9.279279279279278869e-01	-5.717111237413304847e-01	-1.973568828329845815e-01
9.289289289289288654e-01	-6.145421611629094949e-01	-1.742424062697193188e-01
9.299299299299299548e-01	-5.436548040036388585e-01	-2.640663300701687755e-01
9.309309309309309333e-01	-4.944895966421910538e-01	-3.313693843213519896e-01
9.319319319319319117e-01	-5.315771924441071716e-01	-3.116029799421142776e-01
9.329329329329328901e-01	-5.479411940754429500e-01	-3.117263861053006790e-01
9.339339339339339796e-01	-4.361711856780691732e-01	-4.391337149997432410e-01
9.349349349349349581e-01	-4.727671489179099407e-01	-4.173095219039963943e-01
9.359359359359359365e-01	-7.227102114340604455e-01	-1.812580720279554081e-01
9.369369369369369149e-01	-9.189856934059162930e-01	2.019691609903784268e-03
9.379379379379378934e-01	-8.335746516868717260e-01	-9.548232126748967818e-02
9.389389389389389828e-01	-1.088341660021832302e+00	1.481124193120738619e-01
9.399399399399399613e-01	-1.178899886702474031e+00	2.284281294023623454e-01
9.409409409409409397e-01	-9.270416744512814944e-01	-3.273271990190729230e-02
9.419419419419419182e-01	-7.513726662156685610e-01	-2.167552866864496108e-01
9.429429429429428966e-01	-7.444440772740004153e-01	-2.310800952078373438e-01
9.439439439439439861e-01	-8.199879582608705642e-01	-1.619677810366363380e-01
9.449449449449449645e-01	-1.146594689683413826e+00	1.591783962266248853e-01
9.459459459459459429e-01	-1.243627272070691125e+00	2.517268368118144029e-01
9.469469469469469214e-01	-1.224670976673551515e+00	2.292672461395391936e-01
9.479479479479478998e-01	-1.150042914653537141e+00	1.521201996252939947e-01
9.489489489489489893e-01	-1.116870134437325301e+00	1.174152366082559240e-01
9.499499499499499677e-01	-1.148505502893108599e+00	1.485067390645111729e-01
9.509509509509509462e-01	-1.320158114880075173e+00	3.206043396583112548e-01
9.519519519519519246e-01	-1.319935337858765489e+00	3.218149658206189700e-01
9.529529529529529031e-01	-1.286478579167703362e+00	2.907786074608655902e-01
9.539539539539539925e-01	-1.233000906075048642e+00	2.407059384202350216e-01
9.549549549549549710e-01	-1.144139796331720804e+00	1.562310693915426318e-01
9.559559559559559494e-01	-1.081396949643147254e+00	9.885136272051908701e-02
9.569569569569569278e-01	-8.478707690270952391e-01	-1.283400819473351495e-01
9.579579579579579063e-01	-9.213619167174841307e-01	-4.754886651866585545e-02
9.589589589589589957e-01	-7.485213707201694433e-01	-2.121312317021515348e-01
9.599599599599599742e-01	-1.008281077183467600e+00	5.683660250029054506e-02
9.609609609609609526e-01	-1.124193364565488906e+00	1.828978590359847667e-01
9.619619619619619311e-01	-1.145715946251224970e+00	2.155002154226204336e-01
9.629629629629629095e-01	-1.037040663454618761e+00	1.188245565743438759e-01
9.639639639639639990e-01	-9.537148124520847814e-01	4.840631286948804402e-02
9.649649649649649774e-01	-1.007903492470709539e+00	1.163978197724249153e-01
9.659659659659659559e-01	-1.095545399154648436e+00	2.187241239214933186e-01
9.669669669669669343e-01	-1.106718757432621159e+00	2.454489294933898114e-01
9.679679679679679127e-01	-1.119948888996133096e+00	2.750821800403138173e-01
9.689689689689690022e-01	-9.701488661241118860e-01	1.425207275213803415e-01
9.699699699699699806e-01	-8.861254174848275378e-01	7.655425414408234541e-02
9.709709709709709591e-01	-8.543788291112569544e-01	6.366519019616312391e-02
9.719719719719719375e-01	-7.849129926676328139e-01	1.383877996890714446e-02
9.729729729729729160e-01	-7.205158841834334860e-01	-3.015642106929294908e-02
9.739739739739740054e-01	-7.512665007675807249e-01	2.173840964539153209e-02
9.749749749749749839e-01	-5.746531493768414212e-01	-1.330093295096648198e-01
9.759759759759759623e-01	-5.152817423970600386e-01	-1.698153480867211629e-01
9.769769769769769407e-01	-5.478426718951417973e-01	-1.140115679347277755e-01
9.779779779779779192e-01	-6.322648259534636717e-01	-5.692084799650998228e-03
9.789789789789790087e-01	-7.133944136227516886e-01	9.996567935608868805e-02
9.799799799799799871e-01	-7.741654914075771776e-01	1.858715262067724971e-01
9.809809809809809655e-01	-7.815364930729550297e-01	2.189590348545171761e-01
9.819819819819819440e-01	-7.610815366425145445e-01	2.247768934051299627e-01
9.829829829829829224e-01	-7.137792090317649496e-01	2.042777087478883091e-01
9.839839839839840119e-01	-5.894138719406337712e-01	1.072193381385843081e-01
9.849849849849849903e-01	-6.716493391965543402e-01	2.172385927516770066e-01
9.859859859859859688e-01	-6.367383910491214438e-01	2.105607786766848788e-01
9.869869869869869472e-01	-6.308243948293295045e-01	2.333013447454138634e-01
9.879879879879879256e-01	-6.309832211691837056e-01	2.625078263589296634e-01
9.889889889889890151e-01	-6.093862942577262798e-01	2.703229237630521142e-01
9.899899899899899935e-01	-6.550432209075432999e-01	3.457271595186740543e-01
9.909909909909909720e-01	-6.305567607862700985e-01	3.512938774934382669e-01
9.919919919919919504e-01	-5.013401419786113200e-01	2.524065875117164071e-01
9.929929929929930399e-01	-4.747808689323728126e-01	2.564228026877261035e-01
9.939939939939940183e-01	-5.134044674522662000e-01	3.258378140764297548e-01
9.949949949949949968e-01	-4.622861413679983933e-01	3.056963772394399315e-01
9.959959959959959752e-01	-3.886532882946863721e-01	2.631952581143880421e-01
9.969969969969969537e-01	-2.664786591942017724e-01	1.722764228665717434e-01
9.979979979979980431e-01	-1.224311799641528420e-01	5.957788991967268022e-02
9.989989989989990216e-01	-4.956860509507751006e-02	1.812641417595719368e-02
1.000000000000000000e+00	-4.226354797178442924e-03	4.226354797177218209e-03
