# Time	FTRLS_Output	FTRLS_Error
0.000000000000000000e+00	0.000000000000000000e+00	0.000000000000000000e+00
1.001001001001000992e-03	0.000000000000000000e+00	0.000000000000000000e+00
2.002002002002001985e-03	0.000000000000000000e+00	0.000000000000000000e+00
3.003003003003002977e-03	0.000000000000000000e+00	0.000000000000000000e+00
4.004004004004003969e-03	0.000000000000000000e+00	0.000000000000000000e+00
5.005005005005004962e-03	0.000000000000000000e+00	0.000000000000000000e+00
6.006006006006005954e-03	0.000000000000000000e+00	0.000000000000000000e+00
7.007007007007006946e-03	0.000000000000000000e+00	0.000000000000000000e+00
8.008008008008007939e-03	0.000000000000000000e+00	0.000000000000000000e+00
9.009009009009008931e-03	0.000000000000000000e+00	0.000000000000000000e+00
1.001001001001000992e-02	0.000000000000000000e+00	0.000000000000000000e+00
1.101101101101101092e-02	0.000000000000000000e+00	0.000000000000000000e+00
1.201201201201201191e-02	0.000000000000000000e+00	0.000000000000000000e+00
1.301301301301301290e-02	0.000000000000000000e+00	0.000000000000000000e+00
1.401401401401401389e-02	0.000000000000000000e+00	0.000000000000000000e+00
1.501501501501501488e-02	0.000000000000000000e+00	0.000000000000000000e+00
1.601601601601601588e-02	0.000000000000000000e+00	0.000000000000000000e+00
1.701701701701701513e-02	0.000000000000000000e+00	0.000000000000000000e+00
1.801801801801801786e-02	0.000000000000000000e+00	0.000000000000000000e+00
1.901901901901902059e-02	0.000000000000000000e+00	0.000000000000000000e+00
2.002002002002001985e-02	0.000000000000000000e+00	0.000000000000000000e+00
2.102102102102101910e-02	0.000000000000000000e+00	0.000000000000000000e+00
2.202202202202202183e-02	0.000000000000000000e+00	0.000000000000000000e+00
2.302302302302302456e-02	0.000000000000000000e+00	0.000000000000000000e+00
2.402402402402402382e-02	0.000000000000000000e+00	0.000000000000000000e+00
2.502502502502502307e-02	0.000000000000000000e+00	7.076624788865043536e-01
2.602602602602602580e-02	5.675812073702523008e+01	-5.602859264590303923e+01
2.702702702702702853e-02	4.755090364722784813e+01	-4.680023134197512036e+01
2.802802802802802778e-02	1.129358505742601295e+02	-1.121647763615614082e+02
2.902902902902902704e-02	1.103801183526285286e+02	-1.095894047137134351e+02
3.003003003003002977e-02	6.073176704345022614e+01	-5.992219588010948428e+01
3.103103103103103250e-02	6.980248802736467439e+01	-6.897485988876194085e+01
3.203203203203203175e-02	2.282700041833015803e+01	-2.198213370937434163e+01
3.303303303303303101e-02	-1.705926845806095571e+01	1.792053828600018761e+01
3.403403403403403027e-02	4.554323864533255062e+01	-4.466641737009939561e+01
3.503503503503503647e-02	6.509302648053157725e+01	-6.420152080783329041e+01
3.603603603603603572e-02	1.059463494762800480e+02	-1.050410409766974453e+02
3.703703703703703498e-02	1.049195889072557009e+02	-1.040013728003754210e+02
3.803803803803804118e-02	4.537395579269989554e+01	-4.444374006187128856e+01
3.903903903903904044e-02	4.910697359421432395e+01	-4.816567808868482103e+01
4.004004004004003969e-02	2.170074503378162589e+01	-2.074930055909845095e+01
4.104104104104103895e-02	8.875806320171198749e+00	-7.915153717748877327e+00
4.204204204204203821e-02	-1.133249028959687932e+00	2.102159812195837585e+00
4.304304304304304440e-02	1.361662979148805164e+02	-1.351900870639060770e+02
4.404404404404404366e-02	4.329102268146743882e+01	-4.230847709454481276e+01
4.504504504504504292e-02	4.536117952642166529e+01	-4.437327079948148878e+01
4.604604604604604912e-02	1.523963238325173108e+01	-1.424733741559691680e+01
4.704704704704704837e-02	9.152400072650775087e+01	-9.052830075480090954e+01
4.804804804804804763e-02	1.588754707081106110e+00	-5.906343350429598127e-01
4.904904904904904689e-02	5.489125813111949981e+01	-5.389170435589773689e+01
5.005005005005004615e-02	2.874274378388254902e+01	-2.774274502005395249e+01
5.105105105105105234e-02	7.649522834116049808e+01	-7.549577344333143003e+01
5.205205205205205160e-02	4.235933654715528007e+01	-4.136141383212703460e+01
5.305305305305305086e-02	1.761359185212299749e+01	-1.661818812158898595e+01
5.405405405405405705e-02	6.093096757531316854e+01	-5.993906714005429137e+01
5.505505505505505631e-02	7.736550376471551260e+01	-7.637808747125872344e+01
5.605605605605605557e-02	6.316893468460968819e+01	-6.218697894531218395e+01
5.705705705705705483e-02	7.090004608375524242e+01	-6.992452191127340200e+01
5.805805805805805409e-02	3.447857242627239316e+01	-3.351044447337027776e+01
5.905905905905906028e-02	4.391482809807834542e+01	-4.295505370372515586e+01
6.006006006006005954e-02	3.174206092585742667e+01	-3.079158916855731576e+01
6.106106106106105880e-02	4.318059941414497871e+01	-4.224037017343521683e+01
6.206206206206206499e-02	2.593705490715872131e+01	-2.500799793420435790e+01
6.306306306306305731e-02	-8.799982889614440751e+00	9.716948891410453371e+00
6.406406406406406351e-02	6.153715123046946189e+01	-6.063318294700744815e+01
6.506506506506506970e-02	3.850298021411349225e+01	-3.761290354329158703e+01
6.606606606606606202e-02	-8.605205826364672461e+00	9.480510727042485541e+00
6.706706706706706822e-02	6.808110841416576875e+01	-6.722144083398502801e+01
6.806806806806806054e-02	1.647861914325997290e+01	-1.563543897087375001e+01
6.906906906906906674e-02	5.107167295538186380e+01	-5.024581397441831854e+01
7.007007007007007293e-02	7.480297343978742219e+01	-7.399525230571362044e+01
7.107107107107106525e-02	5.049157594603600074e+01	-4.970279137860337215e+01
7.207207207207207145e-02	8.692777477920380136e+01	-8.615870677262948618e+01
7.307307307307307764e-02	-3.637732485046928144e+00	4.386323433381918768e+00
7.407407407407406996e-02	5.614851203744372299e+01	-5.542113839587067758e+01
7.507507507507507616e-02	1.385799976543322209e+01	-1.315256269828726943e+01
7.607607607607608236e-02	5.853803931228127588e+00	-5.171001014064938062e+00
7.707707707707707467e-02	1.531735556193156178e+01	-1.465786198839566623e+01
7.807807807807808087e-02	2.349091129603042560e+01	-2.285537921018604024e+01
7.907907907907907319e-02	3.567500201340109811e+01	-3.506405986485567183e+01
8.008008008008007939e-02	-1.116437366590346869e+01	1.175012174344530891e+01
8.108108108108108558e-02	6.437604806866963258e+01	-6.381607328253203804e+01
8.208208208208207790e-02	4.633483670245129105e+01	-4.580118894204916558e+01
8.308308308308308410e-02	-3.009089177783479130e+01	3.059768481180306310e+01
8.408408408408407642e-02	8.094080836885406427e+01	-8.046137120656526065e+01
8.508508508508508261e-02	9.357118743643556513e+01	-9.311958024005866719e+01
8.608608608608608881e-02	6.438855442676067753e+01	-6.396522377070414223e+01
8.708708708708708113e-02	1.146705400666428076e+01	-1.107241850391483950e+01
8.808808808808808732e-02	-2.394394816250569846e+01	2.430949827433091670e+01
8.908908908908909352e-02	5.359689353318203331e+01	-5.326079028863981790e+01
9.009009009009008584e-02	-2.860518206782989736e+00	3.166842226389773529e+00
9.109109109109109204e-02	5.522827889828337078e+01	-5.495203701390429529e+01
9.209209209209209823e-02	1.546041567253581839e+01	-1.521452908678196891e+01
9.309309309309309055e-02	4.174297354455683973e+01	-4.152768540381175200e+01
9.409409409409409675e-02	1.652810073230463672e+01	-1.634362392550114507e+01
9.509509509509508907e-02	2.780182048167101172e+01	-2.764833742977479503e+01
9.609609609609609526e-02	-1.102456275344290137e-01	2.325831519128863101e-01
9.709709709709710146e-02	6.432338469182099061e+01	-6.423231366913435636e+01
9.809809809809809378e-02	-2.220995577762589490e-01	2.818140226594693099e-01
9.909909909909909997e-02	8.225918669820174500e+00	-8.197619811737055784e+00
1.001001001001000923e-01	6.093737590135081206e+01	-6.094052063355854898e+01
1.011011011011010985e-01	-6.147904840690587491e+01	6.144446319409405532e+01
1.021021021021021047e-01	-5.945032273200077810e+01	5.938433123837415906e+01
1.031031031031030970e-01	2.016074940911751767e+01	-2.025808192748581860e+01
1.041041041041041032e-01	-6.307390932670454475e+01	6.294533203142267297e+01
1.051051051051051094e-01	3.519973694036884382e+01	-3.535943186815639194e+01
1.061061061061061017e-01	-6.165231883028481263e+01	6.146166418525174890e+01
1.071071071071071079e-01	-8.327134667519928257e+01	8.304992084287772514e+01
1.081081081081081141e-01	1.722784847247685036e+01	-1.747982653386197427e+01
1.091091091091091064e-01	1.979333479264975715e+00	-2.261614599738947184e+00
1.101101101101101126e-01	1.735410164907303709e+01	-1.766640669330452695e+01
1.111111111111111049e-01	-1.709288277947792878e+01	1.675086263615225946e+01
1.121121121121121111e-01	-8.097764874026086090e+01	8.060625170645329263e+01
1.131131131131131173e-01	1.752505937610790454e+01	-1.792546604227570839e+01
1.141141141141141097e-01	-6.046710377751087151e+01	6.003808342344854765e+01
1.151151151151151159e-01	-2.187341837269348233e+01	2.141620857001440470e+01
1.161161161161161082e-01	-1.484481091165723576e+01	1.435986377493974864e+01
1.171171171171171144e-01	-5.436533208122823879e+01	5.385312715327512478e+01
1.181181181181181206e-01	-2.372503042932209638e+01	2.318607420696188015e+01
1.191191191191191129e-01	-1.223853057516768494e+01	1.167335600840229226e+01
1.201201201201201191e-01	-3.090651864726268983e+01	3.031568461225673161e+01
1.211211211211211253e-01	-8.282202094544669535e+01	8.220611169187951361e+01
1.221221221221221176e-01	-2.626025888680863218e+01	2.561988346013560758e+01
1.231231231231231238e-01	1.099091535389182717e+01	-1.165512371469744046e+01
1.241241241241241300e-01	-6.132997541093164529e+01	6.064259092230253856e+01
1.251251251251251362e-01	-3.574650867882638039e+01	3.503662778653195176e+01
1.261261261261261146e-01	-4.766259388764436267e+01	4.693091856154268271e+01
1.271271271271271208e-01	2.829191394038449303e+01	-2.904466017888244878e+01
1.281281281281281270e-01	3.736528142395632912e+00	-4.509600935784350284e+00
1.291291291291291332e-01	-7.283628667351047525e+00	6.490993776609363053e+00
1.301301301301301394e-01	-4.119774747751473853e+01	4.038633429105187389e+01
1.311311311311311179e-01	3.768159889149765185e+00	-4.597549000674847619e+00
1.321321321321321240e-01	-3.930886950679375502e+01	3.846232461646369671e+01
1.331331331331331302e-01	-7.226629633167090283e+00	6.363766074881159085e+00
1.341341341341341364e-01	-2.448582401793701280e+01	2.360749503935424443e+01
1.351351351351351426e-01	2.921929088961907439e+01	-3.011221674776864177e+01
1.361361361361361211e-01	2.940390740645898759e+01	-3.031054716923587478e+01
1.371371371371371273e-01	1.046621391636668896e+00	-1.966078523026874025e+00
1.381381381381381335e-01	3.007746983883033565e+01	-3.100883512829019040e+01
1.391391391391391397e-01	-2.067996413603932382e+01	1.973761167450500409e+01
1.401401401401401459e-01	-2.748800202644583024e+01	2.653559424356137697e+01
1.411411411411411521e-01	4.779844267024450488e+01	-4.875996398049163361e+01
1.421421421421421305e-01	3.947083886954326459e+01	-4.044052290120094995e+01
1.431431431431431367e-01	5.955002173550560940e+01	-6.052690961086710075e+01
1.441441441441441429e-01	1.237081529984132970e+02	-1.246912787162089984e+02
1.451451451451451491e-01	7.175289906293625108e+01	-7.274129045356971801e+01
1.461461461461461553e-01	4.428574840728137119e+00	-5.421254527611657714e+00
1.471471471471471337e-01	8.001442839001130380e+01	-8.101041475605040887e+01
1.481481481481481399e-01	-5.551784006214877110e-01	-4.431297576497804647e-01
1.491491491491491461e-01	3.253159439904979422e+01	-3.353123716671202459e+01
1.501501501501501523e-01	4.915013075132991816e+01	-5.015011962580562965e+01
1.511511511511511585e-01	1.117752752155908667e+02	-1.127746213520528471e+02
1.521521521521521647e-01	3.040337115243576704e+01	-3.140108634163202694e+01
1.531531531531531432e-01	3.381286906199613895e+01	-3.480796670744640409e+01
1.541541541541541493e-01	6.456224015849919340e+01	-6.555373625209658428e+01
1.551551551551551555e-01	4.533125787703777831e+01	-4.631817197209093706e+01
1.561561561561561617e-01	1.125820389518195270e+02	-1.135633951325730919e+02
1.571571571571571679e-01	3.391143872725585595e+01	-3.488626657393039210e+01
1.581581581581581464e-01	3.672937076751549057e+01	-3.769670631591277754e+01
1.591591591591591526e-01	6.437321029610892253e+01	-6.533209699083357691e+01
1.601601601601601588e-01	6.779316610697598833e+01	-6.874265574733080086e+01
1.611611611611611650e-01	1.565053473311361074e+02	-1.574445010087558785e+02
1.621621621621621712e-01	1.192888261267804353e+02	-1.202167151540769510e+02
1.631631631631631496e-01	9.059158019318326183e+01	-9.150728702168342465e+01
1.641641641641641558e-01	4.394849201717922682e+01	-4.485111114484826089e+01
1.651651651651651620e-01	1.151872259841553330e+02	-1.160758648508076902e+02
1.661661661661661682e-01	5.321077076324601052e+01	-5.408455063315874156e+01
1.671671671671671744e-01	3.987611849491612048e+01	-4.073417532577180822e+01
1.681681681681681528e-01	1.415089654319349108e+02	-1.423504507292349501e+02
1.691691691691691590e-01	1.187739909580815265e+02	-1.195980726141848862e+02
1.701701701701701652e-01	1.439632063339924741e+02	-1.447690694509501554e+02
1.711711711711711714e-01	1.199842119801276681e+02	-1.207710596754992594e+02
1.721721721721721776e-01	1.434192512964371247e+02	-1.441863054912927282e+02
1.731731731731731838e-01	8.725219324926260356e+01	-8.799869543759065493e+01
1.741741741741741623e-01	7.647037141535224691e+01	-7.719558341411264735e+01
1.751751751751751685e-01	1.391472004825784552e+02	-1.398504051616591255e+02
1.761761761761761746e-01	9.545616426616949468e+01	-9.613666625752475170e+01
1.771771771771771808e-01	1.009369104056580397e+02	-1.015940367909272339e+02
1.781781781781781870e-01	1.096842409546538022e+02	-1.103173419305806249e+02
1.791791791791791655e-01	1.284217486454917037e+02	-1.290301981664859170e+02
1.801801801801801717e-01	1.149957844328917247e+02	-1.155789808300980042e+02
1.811811811811811779e-01	8.820103687959174010e+01	-8.875840345585338298e+01
1.821821821821821841e-01	1.143252360935457403e+02	-1.148562216936750673e+02
1.831831831831831903e-01	6.058755656876473950e+01	-6.109163612455606085e+01
1.841841841841841965e-01	1.623260888626628571e+02	-1.628027639121092704e+02
1.851851851851851749e-01	8.529649936530516641e+01	-8.574529854550563357e+01
1.861861861861861811e-01	1.169221291034988326e+02	-1.173426086167680467e+02
1.871871871871871873e-01	1.646191603621276158e+02	-1.650109044148480280e+02
1.881881881881881935e-01	1.400169160613821191e+02	-1.403795372751637842e+02
1.891891891891891997e-01	2.131661007346083352e+02	-2.134992405293504021e+02
1.901901901901901781e-01	1.186351806481244608e+02	-1.189385095965990899e+02
1.911911911911911843e-01	1.702350111568734690e+02	-1.705082293104819371e+02
1.921921921921921905e-01	1.513559066600694507e+02	-1.515987438454480412e+02
1.931931931931931967e-01	1.200934768866672044e+02	-1.203056929728497124e+02
1.941941941941942029e-01	1.808560394384219592e+02	-1.810374245742946187e+02
1.951951951951951814e-01	1.599361963213365811e+02	-1.600865711431505076e+02
1.961961961961961876e-01	1.916378211608349318e+02	-1.917570369695711179e+02
1.971971971971971938e-01	1.928186260159687038e+02	-1.929065649243797793e+02
1.981981981981981999e-01	2.260587032367937468e+02	-2.261152782859775527e+02
1.991991991991992061e-01	1.801005640861739607e+02	-1.801257193315633458e+02
2.002002002002001846e-01	1.194868844121604923e+02	-1.194805949788444224e+02
2.012012012012011908e-01	1.168800311577854529e+02	-1.168423032651067359e+02
2.022022022022021970e-01	1.517289182294700822e+02	-1.516597891848753079e+02
2.032032032032032032e-01	1.237381237453953702e+02	-1.236376619075432046e+02
2.042042042042042094e-01	1.139217782658831197e+02	-1.137900829770474900e+02
2.052052052052052156e-01	3.161462280955935000e+01	-3.145182429739425700e+01
2.062062062062061940e-01	7.557204561719305502e+01	-7.537830486595615298e+01
2.072072072072072002e-01	4.264756341221652747e+01	-4.242307200357895880e+01
2.082082082082082064e-01	5.692564502916373925e+01	-5.667062495276343270e+01
2.092092092092092126e-01	3.997195242219409295e+01	-3.968665585612004065e+01
2.102102102102102188e-01	5.298792538126660645e+01	-5.267263444269110551e+01
2.112112112112111972e-01	1.285445683743923340e+01	-1.250948330364464312e+01
2.122122122122122034e-01	1.712246463638285121e+01	-1.674814963645883381e+01
2.132132132132132096e-01	-4.013293206316000550e+01	4.053621838564398416e+01
2.142142142142142158e-01	-4.903666740063922447e+01	4.946852625365252010e+01
2.152152152152152220e-01	-4.278866813227895705e+01	4.324867246967756529e+01
2.162162162162162282e-01	-3.390453192223543510e+01	3.439222686604907153e+01
2.172172172172172067e-01	-2.964069212471740400e+01	3.015559541495821705e+01
2.182182182182182129e-01	1.022475985454365954e+01	-9.683157382995469575e+00
2.192192192192192191e-01	-8.036866834714626862e+01	8.093643443324097575e+01
2.202202202202202252e-01	-1.169564881598798536e+02	1.175498564217174788e+02
2.212212212212212314e-01	-9.426414994541471515e+01	9.488253362733092899e+01
2.222222222222222099e-01	-9.787697021131974395e+01	9.851975782100628010e+01
2.232232232232232161e-01	-5.906815565826592973e+01	5.973471157144830102e+01
2.242242242242242223e-01	-1.235545727230866504e+02	1.242442378120649096e+02
2.252252252252252285e-01	-7.393738773441542378e+01	7.464948001984645032e+01
2.262262262262262347e-01	-8.063355116124542121e+01	8.136736648652214399e+01
2.272272272272272131e-01	-7.955410548049412967e+01	8.030891820805493353e+01
2.282282282282282193e-01	-1.097654522518514142e+02	1.105405159807310156e+02
2.292292292292292255e-01	-9.779348033165295817e+01	9.858802863556540785e+01
2.302302302302302317e-01	-1.507246603760181642e+02	1.515379075612418944e+02
2.312312312312312379e-01	-1.198246315258945174e+02	1.206557734082102087e+02
2.322322322322322163e-01	-1.299381846662629982e+02	1.307863993661758002e+02
2.332332332332332225e-01	-1.017371198123498175e+02	1.026015685678096787e+02
2.342342342342342287e-01	-1.603798397671772307e+02	1.612596677629936721e+02
2.352352352352352349e-01	-9.347953791482714792e+01	9.437387512795817202e+01
2.362362362362362411e-01	-8.094896382994423334e+01	8.185692588982378481e+01
2.372372372372372473e-01	-2.019378960942315473e+02	2.028585851572844092e+02
2.382382382382382258e-01	-1.203876714434150301e+02	1.213201770808947373e+02
2.392392392392392320e-01	-1.276569613332319619e+02	1.286003614315035293e+02
2.402402402402402382e-01	-1.811962895981746158e+02	1.821496512705520558e+02
2.412412412412412444e-01	-1.752530202861886153e+02	1.762154007954252393e+02
2.422422422422422505e-01	-1.675727305078019640e+02	1.685431781983217547e+02
2.432432432432432290e-01	-1.605848404727140917e+02	1.615623957116617646e+02
2.442442442442442352e-01	-1.778362919651575851e+02	1.788199880913371942e+02
2.452452452452452414e-01	-1.532400875147485237e+02	1.542289517945119712e+02
2.462462462462462476e-01	-8.509411519446909722e+01	8.608716978360946825e+01
2.472472472472472538e-01	-1.063836506904206090e+02	1.073799136011191564e+02
2.482482482482482600e-01	-1.772924191655832828e+02	1.782909052374538135e+02
2.492492492492492384e-01	-2.083421636362010076e+02	2.093418855104713998e+02
2.502502502502502724e-01	-1.410738952725650108e+02	1.420738643684327656e+02
2.512512512512512508e-01	-1.812995327842128575e+02	1.822987602764089274e+02
2.522522522522522292e-01	-1.569115275339259767e+02	1.579090253305204783e+02
2.532532532532532632e-01	-1.786284864899440379e+02	1.796232682094266124e+02
2.542542542542542416e-01	-1.487925605416987480e+02	1.497836424883677751e+02
2.552552552552552756e-01	-1.635159011112987457e+02	1.645023032479944618e+02
2.562562562562562540e-01	-2.175698513797860585e+02	2.185505982970061041e+02
2.572572572572572325e-01	-2.392594647213234964e+02	2.402335866017622266e+02
2.582582582582582664e-01	-2.367565780046001009e+02	2.377231115821581398e+02
2.592592592592592449e-01	-1.664935137811197592e+02	1.674515032934352519e+02
2.602602602602602788e-01	-2.236974512865976124e+02	2.246459494201574216e+02
2.612612612612612573e-01	-1.875033831916469751e+02	1.884414520185431456e+02
2.622622622622622357e-01	-2.004440067204897105e+02	2.013707186258949946e+02
2.632632632632632697e-01	-1.779561431114458685e+02	1.788705817108910310e+02
2.642642642642642481e-01	-2.336892006108128044e+02	2.345904616563587410e+02
2.652652652652652820e-01	-1.591731830418382003e+02	1.600603753162467910e+02
2.662662662662662605e-01	-1.520889675421162508e+02	1.529612137401357472e+02
2.672672672672672389e-01	-1.695564688304560832e+02	1.704129064263494229e+02
2.682682682682682729e-01	-1.840747477863262702e+02	1.849145298867848055e+02
2.692692692692692513e-01	-1.705735874529644605e+02	1.713958836345632619e+02
2.702702702702702853e-01	-1.706667502529094236e+02	1.714707473832763753e+02
2.712712712712712637e-01	-2.654449612894467236e+02	2.662298643313331468e+02
2.722722722722722422e-01	-9.220588847536616584e+01	9.297092127282405727e+01
2.732732732732732761e-01	-1.563859733475359803e+02	1.571303793934243913e+02
2.742742742742742545e-01	-2.002353025784263139e+02	2.009583457624878235e+02
2.752752752752752885e-01	-1.677983317908531262e+02	1.684992971276207356e+02
2.762762762762762669e-01	-2.014491404272785360e+02	2.021273347630932165e+02
2.772772772772773009e-01	-1.849319439579024333e+02	1.855866966563421556e+02
2.782782782782782793e-01	-2.335801116176781989e+02	2.342107752227207698e+02
2.792792792792792578e-01	-8.092280269360833245e+01	8.152875356987188127e+01
2.802802802802802917e-01	-1.543854861333017823e+02	1.549661250827304002e+02
2.812812812812812702e-01	-1.188447734857312525e+02	1.193995263401153721e+02
2.822822822822823041e-01	-1.837905568247149688e+02	1.843188750134610245e+02
2.832832832832832826e-01	-1.149644063461042549e+02	1.154657674386918558e+02
2.842842842842842610e-01	-1.563856492214094089e+02	1.568595574439998472e+02
2.852852852852852950e-01	-1.509853128129532536e+02	1.514312995386383420e+02
2.862862862862862734e-01	-2.059556152337654851e+02	2.063732394459719615e+02
2.872872872872873073e-01	-1.277808851898691103e+02	1.281697339184605084e+02
2.882882882882882858e-01	-1.473790837900708652e+02	1.477387725197154111e+02
2.892892892892892642e-01	-1.387999441426812837e+02	1.391301171930821283e+02
2.902902902902902982e-01	-2.018362627356830501e+02	2.021365936132947922e+02
2.912912912912912766e-01	-1.857802442499110498e+02	1.860504359707948367e+02
2.922922922922923106e-01	-8.936879930338481870e+01	8.960858468688255130e+01
2.932932932932932890e-01	-2.060985186834463718e+02	2.063076606163839415e+02
2.942942942942942675e-01	-1.649582352176509232e+02	1.651365268888089020e+02
2.952952952952953014e-01	-1.162400376587944777e+02	1.163873027634146240e+02
2.962962962962962798e-01	-1.664095113349666804e+02	1.665256042490919128e+02
2.972972972972973138e-01	-1.347252704852812428e+02	1.348100764097567605e+02
2.982982982982982922e-01	-1.613129297139108758e+02	1.613663647879039331e+02
2.992992992992992707e-01	-1.326265094924646633e+02	1.326485208763909043e+02
3.003003003003003046e-01	-1.842825320514287739e+02	1.842730979792028734e+02
3.013013013013012831e-01	-7.393498491922585458e+01	7.389411471978515067e+01
3.023023023023023170e-01	-1.344245386089267242e+02	1.343522726970061285e+02
3.033033033033032955e-01	-1.571703806307802154e+02	1.570667904669479640e+02
3.043043043043043294e-01	-9.228007057435185345e+01	9.214525859434526467e+01
3.053053053053053079e-01	-1.263411073026985889e+02	1.261752068161298723e+02
3.063063063063062863e-01	-1.382688359333746746e+02	1.380720109919069785e+02
3.073073073073073203e-01	-1.315490165533236393e+02	1.313214617884475501e+02
3.083083083083082987e-01	-3.539546381288635502e+01	3.513740424345750313e+01
3.093093093093093326e-01	-6.445338543627222805e+01	6.416507624600001236e+01
3.103103103103103111e-01	-4.001763052889194938e+01	3.969935681399964267e+01
3.113113113113112895e-01	-1.136286513730398795e+01	1.101494162460970472e+01
3.123123123123123235e-01	-7.429867847112701895e+01	7.392144920682424925e+01
3.133133133133133019e-01	-3.902184097842460631e+01	3.861567898787013320e+01
3.143143143143143359e-01	5.474603876713309170e+00	-5.909296957867705480e+00
3.153153153153153143e-01	2.694286590188289665e+01	-2.740566022485019460e+01
3.163163163163162928e-01	1.281740352466304955e+01	-1.330784145257946882e+01
3.173173173173173267e-01	2.471907117519338826e+01	-2.523666773565526711e+01
3.183183183183183051e-01	3.091000860839623243e+01	-3.145425197302781228e+01
3.193193193193193391e-01	3.347334386144979135e+01	-3.404369585202769599e+01
3.203203203203203175e-01	2.608916547816696863e+01	-2.668506209880086644e+01
3.213213213213212960e-01	3.315160623927677364e+01	-3.377245823412001613e+01
3.223223223223223299e-01	8.082932911441626800e+01	-8.147452255035496194e+01
3.233233233233233084e-01	4.352304017755796650e+01	-4.419193705130230398e+01
3.243243243243243423e-01	4.688518654738696512e+01	-4.757712541636450965e+01
3.253253253253253208e-01	7.797592330567356100e+01	-7.869021994210058324e+01
3.263263263263262992e-01	9.781034782098625158e+01	-9.854629588847035393e+01
3.273273273273273332e-01	1.793991594130509952e+02	-1.801560311650559925e+02
3.283283283283283116e-01	7.098023685494341350e+01	-7.175728385442570811e+01
3.293293293293293456e-01	1.355718480908387562e+02	-1.363683019503436924e+02
3.303303303303303240e-01	1.252273971229558924e+02	-1.260424702644421586e+02
3.313313313313313024e-01	5.526024317629115501e+01	-5.609312960993192831e+01
3.323323323323323364e-01	1.223556516983947375e+02	-1.232055278195854271e+02
3.333333333333333148e-01	6.168432925283260460e+01	-6.255035465661704563e+01
3.343343343343343488e-01	2.273690044715604941e+01	-2.361821875926585790e+01
3.353353353353353272e-01	1.457864101724819648e+02	-1.466821498961672319e+02
3.363363363363363057e-01	7.372484699506915717e+01	-7.463412237288304141e+01
3.373373373373373396e-01	1.520767058781927119e+02	-1.529986177678779313e+02
3.383383383383383181e-01	1.115254807313321095e+02	-1.124591174949429586e+02
3.393393393393393520e-01	1.921677939505984511e+02	-1.931122323559792733e+02
3.403403403403403304e-01	1.669124577701981877e+02	-1.678667639039269375e+02
3.413413413413413644e-01	1.135138461243819563e+02	-1.144770763152758661e+02
3.423423423423423428e-01	1.087979149907662730e+02	-1.097691167430366477e+02
3.433433433433433213e-01	9.650516121286658233e+01	-9.748337414799979683e+01
3.443443443443443552e-01	1.290870909405855400e+02	-1.300713477470189048e+02
3.453453453453453337e-01	1.345518828735146428e+02	-1.355412102631681250e+02
3.463463463463463676e-01	1.305747863077618263e+02	-1.315682059784796252e+02
3.473473473473473461e-01	1.517459727615094494e+02	-1.527425023644597957e+02
3.483483483483483245e-01	1.616226328552454561e+02	-1.626212869663219180e+02
3.493493493493493585e-01	1.467248434909531625e+02	-1.477246345852170748e+02
3.503503503503503369e-01	1.073142584648766586e+02	-1.083141978930769511e+02
3.513513513513513709e-01	8.832091320300256143e+01	-8.932001216920724573e+01
3.523523523523523493e-01	1.979776337207968311e+02	-1.989749042601696658e+02
3.533533533533533277e-01	1.196754536884727287e+02	-1.206699096442279995e+02
3.543543543543543617e-01	1.275911580207510525e+02	-1.285818160193204847e+02
3.553553553553553401e-01	1.371924861495969878e+02	-1.381783665730443715e+02
3.563563563563563741e-01	8.931344289778388656e+01	-9.029357085250606474e+01
3.573573573573573525e-01	1.452765552822990855e+02	-1.462499615630550807e+02
3.583583583583583310e-01	1.407268518925416174e+02	-1.416925739408569598e+02
3.593593593593593649e-01	1.672444153427814797e+02	-1.682014981987797455e+02
3.603603603603603434e-01	1.675252288390708202e+02	-1.684727260857912370e+02
3.613613613613613773e-01	1.322683506786860335e+02	-1.332053253779534714e+02
3.623623623623623557e-01	1.634077704006018337e+02	-1.643332960195235160e+02
3.633633633633633342e-01	1.348163570876153585e+02	-1.357295184147883447e+02
3.643643643643643681e-01	1.255162000740361066e+02	-1.264160941245594216e+02
3.653653653653653466e-01	1.332883535191641045e+02	-1.341740904275606283e+02
3.663663663663663805e-01	1.167201143026021413e+02	-1.175908182027672666e+02
3.673673673673673590e-01	1.058491073773964217e+02	-1.067039172687033499e+02
3.683683683683683929e-01	1.052949292124897482e+02	-1.061329998111949777e+02
3.693693693693693714e-01	7.332390528879452063e+01	-7.414440786390160554e+01
3.703703703703703498e-01	1.227127531838288945e+02	-1.235148763765839419e+02
3.713713713713713838e-01	7.446085336006322564e+01	-7.524380398627168631e+01
3.723723723723723622e-01	1.392889824717496481e+02	-1.400519863061211652e+02
3.733733733733733962e-01	9.799208283150484533e+01	-9.873438537325046127e+01
3.743743743743743746e-01	1.078589949440082734e+02	-1.085798621629328551e+02
3.753753753753753530e-01	1.179675126739148681e+02	-1.186662317362672354e+02
3.763763763763763870e-01	1.143298574504057399e+02	-1.150057374237684229e+02
3.773773773773773654e-01	3.767701443923127869e+01	-3.832938697575306719e+01
3.783783783783783994e-01	8.609992990933278634e+01	-8.672814990662843115e+01
3.793793793793793778e-01	1.199752325908116006e+02	-1.205786788298750309e+02
3.803803803803803563e-01	2.387817865968144204e+01	-2.445625441918181409e+01
3.813813813813813902e-01	9.442305175472436929e+01	-9.497518540107743945e+01
3.823823823823823687e-01	-1.963959026593405710e+00	1.438313473962084199e+00
3.833833833833834026e-01	4.517527505692831369e+01	-4.567391272816930581e+01
3.843843843843843811e-01	8.494754728129279897e+01	-8.541868399037581128e+01
3.853853853853853595e-01	2.551857068045485022e+01	-2.596174054109897966e+01
3.863863863863863934e-01	5.208094370300036502e+01	-5.249570848410576929e+01
3.873873873873873719e-01	3.852960230307935774e+01	-3.891555186207468608e+01
3.883883883883884058e-01	1.500610526239331648e+02	-1.504178053123473831e+02
3.893893893893893843e-01	8.971446768993786236e+01	-9.004167073079563011e+01
3.903903903903903627e-01	1.008859472231987411e+02	-1.011832770598659152e+02
3.913913913913913967e-01	6.829091765883102028e+01	-6.855808027496554757e+01
3.923923923923923751e-01	6.093452438521391201e+01	-6.117125559550559188e+01
3.933933933933934091e-01	1.477720778430332871e+01	-1.498327349571502154e+01
3.943943943943943875e-01	6.111101141535880288e+01	-6.128620785861067333e+01
3.953953953953953659e-01	4.383205973375542897e+01	-4.397621366482339056e+01
3.963963963963963999e-01	9.816215467499125680e+01	-9.827512354642033188e+01
3.973973973973973783e-01	1.051437336905599125e+02	-1.052254057924231176e+02
3.983983983983984123e-01	1.104465639960594103e+02	-1.104968585664227732e+02
3.993993993993993907e-01	8.278573356653836868e+01	-8.280460087132283320e+01
4.004004004004003692e-01	2.849084357379298282e+01	-2.847826495595424490e+01
4.014014014014014031e-01	1.157950300505701868e+01	-1.153549090303463842e+01
4.024024024024023816e-01	7.629636897289940123e+01	-7.622096690831699561e+01
4.034034034034034155e-01	5.771834938641315205e+01	-5.761163192104179132e+01
4.044044044044043940e-01	-1.831818932687143331e+01	1.845611666484408531e+01
4.054054054054054279e-01	5.693825504876797794e+01	-5.676925422844612967e+01
4.064064064064064064e-01	7.173658168026619819e+01	-7.153667449504139597e+01
4.074074074074073848e-01	3.749491378405355846e+01	-3.726429791331111829e+01
4.084084084084084187e-01	2.593964031445801055e+01	-2.567854380404592263e+01
4.094094094094093972e-01	3.411613724456485475e+00	-3.120294761180939069e+00
4.104104104104104311e-01	-2.135886344217311361e+01	2.168011678585725832e+01
4.114114114114114096e-01	5.934171651825484162e+01	-5.899084646740351445e+01
4.124124124124123880e-01	1.525188499619595461e+01	-1.487174519807235917e+01
4.134134134134134220e-01	2.085817369318581171e+01	-2.044914005124506673e+01
4.144144144144144004e-01	9.168090602480940277e+01	-9.124338301435250287e+01
4.154154154154154344e-01	5.263644752330866083e+01	-5.217086779151470211e+01
4.164164164164164128e-01	4.043968983711299359e+01	-3.994651377521351776e+01
4.174174174174173912e-01	3.163302640391703591e+01	-3.111274169193545802e+01
4.184184184184184252e-01	7.960023855634219103e+01	-7.905335968084855836e+01
4.194194194194194036e-01	8.582102887075166109e+01	-8.524809661610964895e+01
4.204204204204204376e-01	5.538315735580886923e+01	-5.478473826941794300e+01
4.214214214214214160e-01	4.326371049895323750e+01	-4.264039633101501892e+01
4.224224224224223945e-01	-5.308157835944175673e+01	5.372917124107915043e+01
4.234234234234234284e-01	3.167311071901473341e+01	-3.100187949967383005e+01
4.244244244244244069e-01	2.338240941890831337e+01	-2.268820361276759101e+01
4.254254254254254408e-01	3.105006947447555632e+01	-3.033357555099277292e+01
4.264264264264264193e-01	6.055035661240301437e+01	-5.981228308077067624e+01
4.274274274274273977e-01	-7.347327319972673365e+01	7.423219649119482710e+01
4.284284284284284317e-01	8.902371746879072845e+00	-8.123349161295582377e+00
4.294294294294294101e-01	3.796395506489170657e+01	-3.716560352621730345e+01
4.304304304304304440e-01	1.119781323868754974e+01	-1.038092220149464495e+01
4.314314314314314225e-01	-2.198220406066941379e+01	2.281682680891723081e+01
4.324324324324324564e-01	6.261572123995591710e+01	-6.176419210222260858e+01
4.334334334334334349e-01	3.971178159999176671e+01	-3.884418811232416857e+01
4.344344344344344133e-01	-7.090240448829113973e+00	7.973040361553732858e+00
4.354354354354354473e-01	3.885033538671124376e+01	-3.795320201076893341e+01
4.364364364364364257e-01	5.754806749910542152e+01	-5.663748779551338686e+01
4.374374374374374597e-01	2.629031134213357390e+01	-2.536718574293926309e+01
4.384384384384384381e-01	5.458639775226891544e+01	-5.365163909560176592e+01
4.394394394394394165e-01	2.902908552262267605e+01	-2.808361815002881201e+01
4.404404404404404505e-01	1.218907258538607685e+01	-1.123383142778778954e+01
4.414414414414414289e-01	-1.528835019884179935e+01	1.625242054565794803e+01
4.424424424424424629e-01	2.280795920847336689e+01	-2.183601299902113269e+01
4.434434434434434413e-01	2.674209807685281604e+01	-2.576323711943895489e+01
4.444444444444444198e-01	5.739706268674351008e+01	-5.641225493373130462e+01
4.454454454454454537e-01	2.316392557974046085e+01	-2.217414486401667872e+01
4.464464464464464322e-01	4.432341543455196131e+01	-4.332964050654653931e+01
4.474474474474474661e-01	-1.094205699522626496e+01	1.193884343538329951e+01
4.484484484484484446e-01	-3.664366731711895753e+00	4.663179005939165123e+00
4.494494494494494230e-01	2.084462449278142770e+01	-1.984477406582312753e+01
4.504504504504504570e-01	-1.383749532925132542e+01	1.483739520101807408e+01
4.514514514514514354e-01	5.588111325447172817e+01	-5.488215269471290014e+01
4.524524524524524693e-01	3.788951673029313838e+01	-3.689248331051445007e+01
4.534534534534534478e-01	2.922262539647163848e+01	-2.822850503898169805e+01
4.544544544544544262e-01	3.062316684106890108e+01	-2.963294258757770194e+01
4.554554554554554602e-01	8.988070994111549794e+01	-8.889536098064787950e+01
4.564564564564564386e-01	-5.384209708490136137e+00	6.363709007871253043e+00
4.574574574574574726e-01	-6.740479890841095312e+01	6.837747996311411214e+01
4.584584584584584510e-01	2.185367564891740955e+01	-2.088877468022267081e+01
4.594594594594594295e-01	1.053845305050962722e+01	-9.582286315770375040e+00
4.604604604604604634e-01	-6.798958349968915016e+00	7.745445339703767473e+00
4.614614614614614418e-01	-2.276593832249028182e+01	2.370180962804409575e+01
4.624624624624624758e-01	-2.829685636564359008e+00	3.754015816141667905e+00
4.634634634634634542e-01	2.027086371016567767e+01	-1.935898868585064392e+01
4.644644644644644327e-01	-6.394627013104640767e+00	7.293145169224509061e+00
4.654654654654654666e-01	9.681393315574891290e+01	-9.592966037274013047e+01
4.664664664664664451e-01	-5.093600868359219902e+01	5.180516167519419923e+01
4.674674674674674790e-01	-4.680471437811846869e+01	4.765788811131186264e+01
4.684684684684684575e-01	-9.856038929920583769e+01	9.939674010817161331e+01
4.694694694694694914e-01	-3.658727647385559667e+00	4.477428501751388623e+00
4.704704704704704699e-01	-8.604571852340347959e+01	8.684595984605751084e+01
4.714714714714714483e-01	-2.980608474921070083e+01	3.058707521685661845e+01
4.724724724724724823e-01	-2.175981022676796783e+01	2.252077755242963519e+01
4.734734734734734607e-01	-3.883326343866646368e+01	3.957345513536840542e+01
4.744744744744744946e-01	4.912502572094058451e+01	-4.840634159607204623e+01
4.754754754754754731e-01	1.710743086211343211e+01	-1.641096498406421134e+01
4.764764764764764515e-01	2.778657939792061882e+01	-2.711302047103375301e+01
4.774774774774774855e-01	-5.280110737106117114e+01	5.345109329411481980e+01
4.784784784784784639e-01	2.114457500358012609e+01	-2.051880482672831718e+01
4.794794794794794979e-01	-2.806499668800173097e+00	3.407435302963295776e+00
4.804804804804804763e-01	9.403254470139119192e+00	-8.827747617369228195e+00
4.814814814814814548e-01	1.767104943853889765e+01	-1.712154046046808986e+01
4.824824824824824887e-01	-6.166366201390773227e+01	6.218662973212353506e+01
4.834834834834834671e-01	-5.220971956764941524e+01	5.270562888633380538e+01
4.844844844844845011e-01	-1.965332623651475430e+00	2.433693159984136045e+00
4.854854854854854795e-01	-1.299483356976168409e+02	1.303886843105514686e+02
4.864864864864864580e-01	2.451046288251235694e+01	-2.409856163426836417e+01
4.874874874874874919e-01	-1.308976004589269593e+01	1.347280661849586458e+01
4.884884884884884704e-01	-3.507843568059193728e+01	3.543224879971828045e+01
4.894894894894895043e-01	-2.711784620888823127e+01	2.744207600437260197e+01
4.904904904904904828e-01	-6.724089572854722974e+01	6.753522158386651597e+01
4.914914914914914612e-01	-4.467546444445650167e+01	4.493959531377311123e+01
4.924924924924924952e-01	7.785511855412496907e+00	-7.551837159448244741e+00
4.934934934934934736e-01	9.110353741549786832e+00	-8.907366289523023895e+00
4.944944944944945076e-01	5.613240737456060714e+01	-5.596030789179643961e+01
4.954954954954954860e-01	-3.983812733229708414e+01	3.997916866422200144e+01
4.964964964964965199e-01	-5.320338466534860800e+01	5.331322837689111083e+01
4.974974974974974984e-01	-5.597773209259388238e+01	5.605626956415954965e+01
4.984984984984984768e-01	-7.062457294084174464e+01	7.067172651019404839e+01
4.994994994994995108e-01	-3.596923372383420769e+01	3.598495676289125100e+01
5.005005005005005447e-01	-1.746209924330644370e+01	1.744637620424940394e+01
5.015015015015015232e-01	-3.171792582259110205e+01	3.167077225323879475e+01
5.025025025025025016e-01	7.757580597352701446e+00	-7.836118068918370483e+00
5.035035035035034801e-01	-4.049042048482723999e+01	4.038057677328473716e+01
5.045045045045044585e-01	-4.376178057714012226e+01	4.362073924521520496e+01
5.055055055055055480e-01	-5.094494122009093218e+01	5.077284173732676464e+01
5.065065065065065264e-01	-8.685246940133581006e+01	8.664948194930904890e+01
5.075075075075075048e-01	-8.371572999471483456e+01	8.348205529875058062e+01
5.085085085085084833e-01	-6.827055224751489959e+01	6.800642137819829713e+01
5.095095095095094617e-01	2.395210011346832246e+01	-2.424642596878760514e+01
5.105105105105105512e-01	3.676285626229547798e+00	-4.000515421713919828e+00
5.115115115115115296e-01	2.175977930736204513e+01	-2.211359242648838475e+01
5.125125125125125081e-01	-7.714951378734490106e+01	7.676646721474173773e+01
5.135135135135134865e-01	-9.836424138393999783e+01	9.795234013569600506e+01
5.145145145145144649e-01	-4.810004839774973817e+01	4.765969978481511760e+01
5.155155155155155544e-01	-1.842585930809880423e+01	1.795749877176614362e+01
5.165165165165165329e-01	-7.455956357215582031e+00	6.960047038531192776e+00
5.175175175175175113e-01	1.327984367511541564e+01	-1.380281139333121665e+01
5.185185185185184897e-01	-1.383262591254109886e+01	1.328311693447029285e+01
5.195195195195194682e-01	4.228464601950005886e+01	-4.286015287226994985e+01
5.205205205205205576e-01	-3.100553133454832633e+01	3.040459570038520454e+01
5.215215215215215361e-01	-5.640004087841136737e+01	5.577427070155956557e+01
5.225225225225225145e-01	-8.453954080348721334e+01	8.388955488043356468e+01
5.235235235235234930e-01	-7.777719492622331643e+01	7.710363599933644707e+01
5.245245245245244714e-01	-6.446768088984363487e+01	6.377121501179441765e+01
5.255255255255255609e-01	-1.208744870162536529e+02	1.201558028913851217e+02
5.265265265265265393e-01	-6.414597009666333349e+01	6.340577839996139176e+01
5.275275275275275177e-01	-5.310150229886626505e+01	5.234053497320459769e+01
5.285285285285284962e-01	-2.050286813863169755e+02	2.042476909186710543e+02
5.295295295295294746e-01	-9.242578251015487467e+01	9.162554118750084342e+01
5.305305305305305641e-01	-2.191761389276790624e+02	2.183574380733132330e+02
5.315315315315315425e-01	-1.251498307183373413e+02	1.243134799093715657e+02
5.325325325325325210e-01	-9.439248803857289261e+01	9.353931430537950575e+01
5.335335335335334994e-01	-1.407009321238383563e+02	1.398317791322363632e+02
5.345345345345344779e-01	-2.042830209992214634e+02	2.033987482162126810e+02
5.355355355355355673e-01	-1.898872077466014048e+02	1.889886895904815276e+02
5.365365365365365458e-01	-1.895825710504253152e+02	1.886706960261102779e+02
5.375375375375375242e-01	-1.905260453345825340e+02	1.896017151550052233e+02
5.385385385385385026e-01	-1.930579787289078695e+02	1.921221074233540662e+02
5.395395395395394811e-01	-1.945740954656461099e+02	1.936276084759112450e+02
5.405405405405405705e-01	-1.888072147580836315e+02	1.878510480233443900e+02
5.415415415415415490e-01	-2.536590779477168383e+02	2.526941769790221031e+02
5.425425425425425274e-01	-2.286731235863395568e+02	2.277004425316363836e+02
5.435435435435435059e-01	-1.653111801002286825e+02	1.643316808008475789e+02
5.445445445445444843e-01	-2.492101042221827925e+02	2.482247552617151882e+02
5.455455455455455738e-01	-2.588436764523332272e+02	2.578534521988420352e+02
5.465465465465465522e-01	-2.015110778784906529e+02	2.005169575210007054e+02
5.475475475475475307e-01	-3.464738316157022382e+02	3.454767981959235499e+02
5.485485485485485091e-01	-2.062625837914473550e+02	2.052636232316885412e+02
5.495495495495495986e-01	-2.826740449264249264e+02	2.816741450546581973e+02
5.505505505505505770e-01	-2.550826613994107390e+02	2.540828109724524495e+02
5.515515515515515554e-01	-2.664619433883500506e+02	2.654631311141228025e+02
5.525525525525525339e-01	-2.422867112397724156e+02	2.412899247996153917e+02
5.535535535535535123e-01	-2.844228084132763570e+02	2.834290334852709066e+02
5.545545545545546018e-01	-3.116931489119252774e+02	3.107033681962014953e+02
5.555555555555555802e-01	-2.288148456709832317e+02	2.278300379179710262e+02
5.565565565565565587e-01	-3.821669966959174758e+02	3.811881357385036040e+02
5.575575575575575371e-01	-3.049940250139812292e+02	3.040220788045289737e+02
5.585585585585585155e-01	-3.682329549560494115e+02	3.672688846092332824e+02
5.595595595595596050e-01	-3.506494973238659441e+02	3.496942561662676781e+02
5.605605605605605835e-01	-2.407128229676683588e+02	2.397673555950744912e+02
5.615615615615615619e-01	-3.205715993828109163e+02	3.196368407261437596e+02
5.625625625625625403e-01	-3.148832644232279563e+02	3.139601388240336632e+02
5.635635635635635188e-01	-4.018020648656574849e+02	4.008914851620654645e+02
5.645645645645646082e-01	-3.721693680998615150e+02	3.712722347239192118e+02
5.655655655655655867e-01	-3.434472003490922134e+02	3.425644004363675776e+02
5.665665665665665651e-01	-3.339865635564655122e+02	3.331189700687979212e+02
5.675675675675675436e-01	-3.237448070929634127e+02	3.228932779552300758e+02
5.685685685685685220e-01	-3.590680515925629948e+02	3.582334288443151991e+02
5.695695695695696115e-01	-3.387120625953591571e+02	3.378951715581662256e+02
5.705705705705705899e-01	-3.395966210331219486e+02	3.387982694944475384e+02
5.715715715715715683e-01	-4.463638639680696087e+02	4.455848413824861041e+02
5.725725725725725468e-01	-3.652826124624157842e+02	3.645236891709477050e+02
5.735735735735735252e-01	-3.434973070777237467e+02	3.427592335460914228e+02
5.745745745745746147e-01	-3.440151681625761171e+02	3.432986742390933159e+02
5.755755755755755931e-01	-3.848522374710332201e+02	3.841580316648925191e+02
5.765765765765765716e-01	-4.097236330497316885e+02	4.090524018303908065e+02
5.775775775775775500e-01	-4.385156075781098366e+02	4.378680146964724145e+02
5.785785785785785285e-01	-4.030752180343533269e+02	4.024519038664151367e+02
5.795795795795796179e-01	-3.430329341713126041e+02	3.424345150849216566e+02
5.805805805805805964e-01	-4.830820401050294777e+02	4.825091078503874655e+02
5.815815815815815748e-01	-4.230210168441262795e+02	4.224741379686326468e+02
5.825825825825825532e-01	-4.503562464429805914e+02	4.498359617309990313e+02
5.835835835835835317e-01	-3.600773369654144744e+02	3.595841609035149986e+02
5.845845845845846211e-01	-4.054971306788825700e+02	4.050315509470885900e+02
5.855855855855855996e-01	-4.216873673602683539e+02	4.212498443498114398e+02
5.865865865865865780e-01	-4.112439944185941272e+02	4.108349607766533609e+02
5.875875875875875565e-01	-3.807510232456883728e+02	3.803708834475647791e+02
5.885885885885885349e-01	-3.942744847977182872e+02	3.939236147468669742e+02
5.895895895895896244e-01	-5.110110922498371337e+02	5.106898389061529997e+02
5.905905905905906028e-01	-3.700107235916537434e+02	3.697194046283781859e+02
5.915915915915915813e-01	-3.663160154455975430e+02	3.660549189351854693e+02
5.925925925925925597e-01	-3.922906804723771756e+02	3.920600646016347355e+02
5.935935935935935381e-01	-4.290147813405153556e+02	4.288148741552905676e+02
5.945945945945946276e-01	-3.701278117732666146e+02	3.699588109529447593e+02
5.955955955955956060e-01	-3.610306229149397268e+02	3.608926955769670712e+02
5.965965965965965845e-01	-3.675534254454453276e+02	3.674467079800739953e+02
5.975975975975975629e-01	-3.504898517058072684e+02	3.504144496412248486e+02
5.985985985985985414e-01	-3.860869975815293742e+02	3.860429854795069673e+02
5.995995995995996308e-01	-3.563857506836709490e+02	3.563731720658321933e+02
6.006006006006006093e-01	-4.106194837474381529e+02	4.106383510522226175e+02
6.016016016016015877e-01	-3.098372704537970321e+02	3.098875650241603807e+02
6.026026026026025662e-01	-3.440342516692285812e+02	3.441159237710917864e+02
6.036036036036035446e-01	-2.802046120073867428e+02	2.803175808788158179e+02
6.046046046046046341e-01	-3.601886485117517509e+02	3.603328024428196841e+02
6.056056056056056125e-01	-2.954699740707190472e+02	2.956451705139709247e+02
6.066066066066065909e-01	-2.520589417043038338e+02	2.522650074157155302e+02
6.076076076076075694e-01	-2.986389504316157399e+02	2.988756816419074198e+02
6.086086086086086588e-01	-2.234178658999601055e+02	2.236850285160946328e+02
6.096096096096096373e-01	-2.183047366348777700e+02	2.186020664715449300e+02
6.106106106106106157e-01	-2.677727935628797127e+02	2.680999966037375088e+02
6.116116116116115942e-01	-2.479211611914778928e+02	2.482779138798921110e+02
6.126126126126125726e-01	-1.518696402036011648e+02	1.522555897625964860e+02
6.136136136136136621e-01	-9.449744935977908256e+01	9.491221414088448682e+01
6.146146146146146405e-01	-5.657035989548309374e+01	5.701352975612721963e+01
6.156156156156156189e-01	-1.105793862095274172e+01	1.152907533003575935e+01
6.166166166166165974e-01	6.664700320177347592e+00	-6.166062648936358137e+00
6.176176176176175758e-01	4.828137292794578173e+01	-4.775572737531446421e+01
6.186186186186186653e-01	1.525633827048814624e+02	-1.520112490585283922e+02
6.196196196196196437e-01	4.232765262141419527e+01	-4.174957686191382322e+01
6.206206206206206222e-01	1.554271445096739228e+02	-1.548236982706104925e+02
6.216216216216216006e-01	1.413556512969571770e+02	-1.407274312996615322e+02
6.226226226226225791e-01	1.705324536450714277e+02	-1.698800811085496321e+02
6.236236236236236685e-01	1.997647603130531877e+02	-1.990888803396905189e+02
6.246246246246246470e-01	2.151558908822304943e+02	-2.144571718198781412e+02
6.256256256256256254e-01	2.091425703931563191e+02	-2.084217031742317374e+02
6.266266266266266038e-01	2.794236006551847140e+02	-2.786812981134390839e+02
6.276276276276275823e-01	3.955378222871894991e+02	-3.947748184528179536e+02
6.286286286286286717e-01	3.469585720089214078e+02	-3.461756213827129613e+02
6.296296296296296502e-01	3.911407716230024221e+02	-3.903386484302473605e+02
6.306306306306306286e-01	3.847313529970136869e+02	-3.839108504219066162e+02
6.316316316316316071e-01	4.263163847393868764e+02	-4.254783141406816753e+02
6.326326326326325855e-01	5.000259332064508158e+02	-4.991711233151439160e+02
6.336336336336336750e-01	4.807234698343614241e+02	-4.798527659341962703e+02
6.346346346346346534e-01	4.952938253311168069e+02	-4.944080884227202546e+02
6.356356356356356319e-01	5.779787501954714344e+02	-5.770788561449480767e+02
6.366366366366366103e-01	5.519776345163181759e+02	-5.510644731891452466e+02
6.376376376376375887e-01	6.077122829103757340e+02	-6.067867572914540233e+02
6.386386386386386782e-01	6.444032682768802260e+02	-6.434662935776127597e+02
6.396396396396396566e-01	7.031257608992145833e+02	-7.021782636524941381e+02
6.406406406406406351e-01	6.562232591824604242e+02	-6.552661763264621868e+02
6.416416416416416135e-01	7.447899970024460572e+02	-7.438242749541307148e+02
6.426426426426425920e-01	7.437457216640177649e+02	-7.427723153832617982e+02
6.436436436436436814e-01	7.291535614663129081e+02	-7.281734335115907015e+02
6.446446446446446599e-01	4.972069595277629332e+02	-4.962210791043155496e+02
6.456456456456456383e-01	6.171805149450622139e+02	-6.161898569464927959e+02
6.466466466466466168e-01	7.130849681733725447e+02	-7.120905122176172881e+02
6.476476476476475952e-01	6.850872276148473929e+02	-6.840899570754745582e+02
6.486486486486486847e-01	6.700187604009372535e+02	-6.690196614347325976e+02
6.496496496496496631e-01	7.850726152262503774e+02	-7.840726757980501134e+02
6.506506506506506415e-01	7.656797151574108966e+02	-7.646799240631469274e+02
6.516516516516516200e-01	6.408924821596400534e+02	-6.398938280485635914e+02
6.526526526526525984e-01	7.275826183233364191e+02	-7.265860887203861012e+02
6.536536536536536879e-01	7.484667564243619609e+02	-7.474733367536441619e+02
6.546546546546546663e-01	7.452658473744133971e+02	-7.442765199847599433e+02
6.556556556556556448e-01	7.731343107937499326e+02	-7.721500539873165962e+02
6.566566566566566232e-01	7.577653457138445674e+02	-7.567871327787113387e+02
6.576576576576576016e-01	6.893558511331435739e+02	-6.883846493808731566e+02
6.586586586586586911e-01	7.267067581077415070e+02	-7.257435279168475972e+02
6.596596596596596696e-01	6.998974986045512878e+02	-6.989431924708225097e+02
6.606606606606606480e-01	6.821018944724107769e+02	-6.811574560670298979e+02
6.616616616616616264e-01	6.670633604482173951e+02	-6.661297236846065744e+02
6.626626626626626049e-01	7.241201462482359830e+02	-7.231982343585507351e+02
6.636636636636636943e-01	7.425420237542143695e+02	-7.416327483764005137e+02
6.646646646646646728e-01	5.303005862214130275e+02	-5.294048464977278172e+02
6.656656656656656512e-01	6.215911029649188322e+02	-6.207097846528090486e+02
6.666666666666666297e-01	5.944166422953376241e+02	-5.935506168915532044e+02
6.676676676676676081e-01	6.404120009355810907e+02	-6.395621248143903586e+02
6.686686686686686976e-01	5.036227478190595548e+02	-5.027898613854187602e+02
6.696696696696696760e-01	6.088032480152517110e+02	-6.079881748737655016e+02
6.706706706706706544e-01	5.636905014716624009e+02	-5.628940476121574648e+02
6.716716716716716329e-01	4.709384582123398673e+02	-4.701614112128575584e+02
6.726726726726726113e-01	4.367128476355459270e+02	-4.359559758835409298e+02
6.736736736736737008e-01	4.641450606867467741e+02	-4.634091126192626575e+02
6.746746746746746792e-01	4.799956877140238589e+02	-4.792813910775968225e+02
6.756756756756756577e-01	4.798723491451074210e+02	-4.791804102761298623e+02
6.766766766766766361e-01	4.350499672272562748e+02	-4.343810703535119160e+02
6.776776776776777256e-01	5.101916110844468335e+02	-5.095464176485081680e+02
6.786786786786787040e-01	5.163768731387838216e+02	-5.157560211439405293e+02
6.796796796796796825e-01	4.909795344529654813e+02	-4.903836378323316012e+02
6.806806806806806609e-01	3.730015180789792453e+02	-3.724311660884013691e+02
6.816816816816816393e-01	5.273232200131884611e+02	-5.267789766485568634e+02
6.826826826826827288e-01	4.027317718138197051e+02	-4.022141752533578369e+02
6.836836836836837072e-01	4.594338785055977041e+02	-4.589434405776812582e+02
6.846846846846846857e-01	3.605291381291029893e+02	-3.600663438061357056e+02
6.856856856856856641e-01	2.600838919339957442e+02	-2.596491988528413231e+02
6.866866866866866426e-01	4.607676141174816280e+02	-4.603614521269271336e+02
6.876876876876877320e-01	2.955729395157313775e+02	-2.951957102514286362e+02
6.886886886886887105e-01	3.299042018245544909e+02	-3.295562783118601828e+02
6.896896896896896889e-01	4.477512348920384966e+02	-4.474329611771461828e+02
6.906906906906906674e-01	3.482905102158162549e+02	-3.480022010255440250e+02
6.916916916916916458e-01	3.886949167218031675e+02	-3.884368571523743299e+02
6.926926926926927353e-01	2.126334767232244758e+02	-2.124059219583483866e+02
6.936936936936937137e-01	2.221879635504133148e+02	-2.219911386089456187e+02
6.946946946946946921e-01	2.039171223942482527e+02	-2.037512219076795361e+02
6.956956956956956706e-01	2.986025508132371442e+02	-2.984677388332305554e+02
6.966966966966966490e-01	2.078466809278028791e+02	-2.077430907639706277e+02
6.976976976976977385e-01	2.075138726999601886e+02	-2.074416067880395929e+02
6.986986986986987169e-01	2.200177834492220939e+02	-2.199769132497813757e+02
6.996996996996996954e-01	2.660778900283895041e+02	-2.660684559561636320e+02
7.007007007007006738e-01	1.103185123950555777e+02	-1.103405237789818045e+02
7.017017017017016522e-01	1.109405086032921730e+02	-1.109939436772852304e+02
7.027027027027027417e-01	8.348768417316682644e+01	-8.357249009764232994e+01
7.037037037037037202e-01	1.394407490524296236e+02	-1.395568419665548561e+02
7.047047047047046986e-01	8.404213236219953842e+01	-8.418939746681968472e+01
7.057057057057056770e-01	1.661885815984883834e+02	-1.663668732696463621e+02
7.067067067067066555e-01	1.013237976059269272e+02	-1.015329395388644969e+02
7.077077077077077449e-01	4.155575993799477885e+01	-4.179554532149251145e+01
7.087087087087087234e-01	7.719090461734856490e+01	-7.746109633823235185e+01
7.097097097097097018e-01	2.932302804213871639e+01	-2.962335891975046565e+01
7.107107107107106803e-01	-1.587727403145692051e+00	1.257554352744857162e+00
7.117117117117116587e-01	1.996118533461567779e+01	-2.032087406426020948e+01
7.127127127127127482e-01	-3.966674806763401762e+01	3.927789933904262654e+01
7.137137137137137266e-01	-4.353990303021776498e+01	4.312227881801129570e+01
7.147147147147147050e-01	-9.490599019003962411e+00	9.044612293318888163e+00
7.157157157157156835e-01	-8.369542619552669294e+01	8.322151797293625464e+01
7.167167167167166619e-01	-1.430781843321746578e+02	1.425768232395870427e+02
7.177177177177177514e-01	-1.369053374434659816e+02	1.363770192547199258e+02
7.187187187187187298e-01	-7.095416213551999363e+01	7.039940928113587404e+01
7.197197197197197083e-01	-1.465144353600991849e+02	1.459337964106705670e+02
7.207207207207206867e-01	-1.746218956372559887e+02	1.740159447609924541e+02
7.217217217217216652e-01	-2.412251587137430704e+02	2.405944951087005279e+02
7.227227227227227546e-01	-3.606053244056799372e+02	3.599505717072402149e+02
7.237237237237237331e-01	-5.093005186738454881e+02	5.086223243380308077e+02
7.247247247247247115e-01	-7.375831398432264905e+02	7.368821745064589095e+02
7.257257257257256899e-01	-7.905069023814894535e+02	7.897838591974280007e+02
7.267267267267266684e-01	-8.703064271136036041e+02	8.695620210677151363e+02
7.277277277277277578e-01	-7.971156299845550848e+02	7.963505971870971507e+02
7.287287287287287363e-01	-9.000382853374815113e+02	8.992533822955950882e+02
7.297297297297297147e-01	-9.713189157715914916e+02	9.705149186412245399e+02
7.307307307307306932e-01	-1.194798961088160468e+03	1.193976664906561609e+03
7.317317317317316716e-01	-1.359964827263849884e+03	1.359125045163391405e+03
7.327327327327327611e-01	-1.451521535977848998e+03	1.450665098381955659e+03
7.337337337337337395e-01	-1.654333122487873425e+03	1.653460876289854014e+03
7.347347347347347180e-01	-1.505297895367568117e+03	1.504410703093159555e+03
7.357357357357356964e-01	-1.829826240746610438e+03	1.828924979701064558e+03
7.367367367367367859e-01	-1.811597992088191859e+03	1.810683553488746611e+03
7.377377377377377643e-01	-1.987249752532826278e+03	1.986323040627421051e+03
7.387387387387387427e-01	-2.014077950270014071e+03	2.013139881443117929e+03
7.397397397397397212e-01	-2.235777461473706808e+03	2.234828963340146856e+03
7.407407407407406996e-01	-2.375357605774172953e+03	2.374399616261857318e+03
7.417417417417417891e-01	-2.471022886290458246e+03	2.470056352712900207e+03
7.427427427427427675e-01	-2.331119475752716426e+03	2.330145353872277610e+03
7.437437437437437460e-01	-2.534460117383332545e+03	2.533479370466112414e+03
7.447447447447447244e-01	-2.644483628015190789e+03	2.643497225878495101e+03
7.457457457457457028e-01	-2.620747989844840049e+03	2.619756907898170994e+03
7.467467467467467923e-01	-2.685692142847786727e+03	2.684697361128304237e+03
7.477477477477477708e-01	-2.701002262307800720e+03	2.700004764511206304e+03
7.487487487487487492e-01	-2.942710017512099057e+03	2.941710790019903015e+03
7.497497497497497276e-01	-2.829283132221644337e+03	2.828283163125776809e+03
7.507507507507507061e-01	-2.785867808531361334e+03	2.784868086657090771e+03
7.517517517517517955e-01	-2.981096917944041707e+03	2.980098431872171204e+03
7.527527527527527740e-01	-3.011705210169527618e+03	3.010708947258829085e+03
7.537537537537537524e-01	-2.977740071531416106e+03	2.976747016942275877e+03
7.547547547547547309e-01	-3.138359379900948625e+03	3.137370515621185405e+03
7.557557557557557093e-01	-3.090766019066677472e+03	3.089782322940498034e+03
7.567567567567567988e-01	-3.066435757617420222e+03	3.065458202378472379e+03
7.577577577577577772e-01	-3.186997173009259768e+03	3.186026725318739864e+03
7.587587587587587556e-01	-3.148726114553687694e+03	3.147763734044451212e+03
7.597597597597597341e-01	-3.519488100209652657e+03	3.518534738537275189e+03
7.607607607607607125e-01	-3.426207156425992252e+03	3.425263756327720785e+03
7.617617617617618020e-01	-3.477966724221779714e+03	3.477034218584300106e+03
7.627627627627627804e-01	-3.387218085150313527e+03	3.386297396087260495e+03
7.637637637637637589e-01	-3.459527449037643237e+03	3.458619486977763700e+03
7.647647647647647373e-01	-3.371015460618044472e+03	3.370121123404913305e+03
7.657657657657657158e-01	-3.484397322173515931e+03	3.483517494177699518e+03
7.667667667667668052e-01	-3.423834916916133352e+03	3.422970468160673590e+03
7.677677677677677837e-01	-3.593079038294736620e+03	3.592230823594823960e+03
7.687687687687687621e-01	-3.428565500376500495e+03	3.427734358494185017e+03
7.697697697697697405e-01	-3.507823709878171030e+03	3.507010462692947385e+03
7.707707707707707190e-01	-3.643061592306082730e+03	3.642267044002170223e+03
7.717717717717718084e-01	-3.667708215961758469e+03	3.666933152232878911e+03
7.727727727727727869e-01	-3.879044572716032690e+03	3.878289759988471815e+03
7.737737737737737653e-01	-3.717129308475023663e+03	3.716395493149746926e+03
7.747747747747747438e-01	-3.831747274416859000e+03	3.831035182131427973e+03
7.757757757757757222e-01	-4.145604565041021488e+03	4.144914899952043015e+03
7.767767767767768117e-01	-3.981454871343697960e+03	3.980788315430515468e+03
7.777777777777777901e-01	-4.093227323096330565e+03	4.092584535486644199e+03
7.787787787787787686e-01	-4.485975469517320562e+03	4.485357085835404177e+03
7.797797797797797470e-01	-4.472325709931567872e+03	4.471732341669729976e+03
7.807807807807807254e-01	-4.379370660965055322e+03	4.378802894878960615e+03
7.817817817817818149e-01	-4.450399198721838729e+03	4.449857596250290953e+03
7.827827827827827933e-01	-4.322620094314045673e+03	4.322105191023804764e+03
7.837837837837837718e-01	-4.542060970924877438e+03	4.541573275981063489e+03
7.847847847847847502e-01	-4.248958242794865328e+03	4.248498238457466869e+03
7.857857857857857287e-01	-4.173115345390189759e+03	4.172683486537176577e+03
7.867867867867868181e-01	-4.096745107227466178e+03	4.096341820904982342e+03
7.877877877877877966e-01	-4.093798475483057246e+03	4.093424160483133164e+03
7.887887887887887750e-01	-4.276493790400024409e+03	4.276148816866229936e+03
7.897897897897897534e-01	-4.269980900903090514e+03	4.269665609964515170e+03
7.907907907907907319e-01	-4.197745831934367743e+03	4.197460535368293677e+03
7.917917917917918214e-01	-4.098225531452701034e+03	4.097970511376301147e+03
7.927927927927927998e-01	-4.172654543058572017e+03	4.172430051649934285e+03
7.937937937937937782e-01	-4.080725191981012358e+03	4.080531451229775485e+03
7.947947947947947567e-01	-4.160703292749993125e+03	4.160540494237828170e+03
7.957957957957957351e-01	-4.124256490788559859e+03	4.124124795499724314e+03
7.967967967967968246e-01	-3.978971238661964435e+03	3.978870776824112454e+03
7.977977977977978030e-01	-3.932412763144510791e+03	3.932343634099916017e+03
7.987987987987987815e-01	-3.878264234008376661e+03	3.878226506115698157e+03
7.997997997997997599e-01	-3.835154321814802643e+03	3.835148032381486701e+03
8.008008008008007383e-01	-3.117121513955563842e+03	3.117146669200953056e+03
8.018018018018018278e-01	-2.837570532966301471e+03	2.837627108015485192e+03
8.028028028028028062e-01	-2.642438344821792271e+03	2.642526283730203431e+03
8.038038038038037847e-01	-2.254302074039078889e+03	2.254421289847814933e+03
8.048048048048047631e-01	-1.821983675453387605e+03	1.822134050275201616e+03
8.058058058058058526e-01	-1.795298892446048740e+03	1.795480277581921428e+03
8.068068068068068310e-01	-1.560669833342410129e+03	1.560882049428592609e+03
8.078078078078078095e-01	-1.446203792451939307e+03	1.446446629637317983e+03
8.088088088088087879e-01	-1.317923997217075794e+03	1.318197215370684262e+03
8.098098098098097664e-01	-1.105139383221979870e+03	1.105442712170454570e+03
8.108108108108108558e-01	-9.778554313329724437e+02	9.781885711277144537e+02
8.118118118118118343e-01	-6.418346152918180678e+02	6.421972365055997898e+02
8.128128128128128127e-01	-2.425426665793690404e+02	2.429344106320894241e+02
8.138138138138137911e-01	1.057896328218049575e+02	-1.053691533085357435e+02
8.148148148148147696e-01	5.234335943071856718e+02	-5.229847951269852047e+02
8.158158158158158590e-01	1.302071916952509582e+03	-1.301595241903063197e+03
8.168168168168168375e-01	1.358921656572026905e+03	-1.358417577016235555e+03
8.178178178178178159e-01	2.156887865594536834e+03	-2.156356879994407336e+03
8.188188188188187944e-01	1.913205854111271719e+03	-1.912648487535010190e+03
8.198198198198197728e-01	2.336067690579074224e+03	-2.335484494181867831e+03
8.208208208208208623e-01	2.718976221057188468e+03	-2.718367771536194141e+03
8.218218218218218407e-01	2.941740684769294148e+03	-2.941107583793367212e+03
8.228228228228228192e-01	3.187501341922326901e+03	-3.186844215537057607e+03
8.238238238238237976e-01	3.408383889193926279e+03	-3.407703387202570866e+03
8.248248248248247760e-01	3.672791703338111347e+03	-3.672088498659030847e+03
8.258258258258258655e-01	3.764899505714945917e+03	-3.764174293716185730e+03
8.268268268268268439e-01	3.922474546273692795e+03	-3.921728044085364672e+03
8.278278278278278224e-01	4.609259061299591849e+03	-4.608492007104736331e+03
8.288288288288288008e-01	5.101107143307427577e+03	-5.100320295612055816e+03
8.298298298298297793e-01	5.008459108166506667e+03	-5.007653245049548786e+03
8.308308308308308687e-01	5.244353966048970506e+03	-5.243529884392866734e+03
8.318318318318318472e-01	5.567281919268849379e+03	-5.566440433971549282e+03
8.328328328328328256e-01	5.749406675576668022e+03	-5.748548618745812746e+03
8.338338338338338041e-01	6.222365176797688036e+03	-6.221491396927774986e+03
8.348348348348347825e-01	6.453205080499049473e+03	-6.452316441632397073e+03
8.358358358358358720e-01	6.912645602482898539e+03	-6.911742983355229626e+03
8.368368368368368504e-01	6.785743822001956687e+03	-6.784828115173456354e+03
8.378378378378378288e-01	6.752148197655426884e+03	-6.751220308628130624e+03
8.388388388388388073e-01	7.208863263781374371e+03	-7.207924110103754174e+03
8.398398398398397857e-01	6.885835876027426821e+03	-6.884886386387071980e+03
8.408408408408408752e-01	9.091603755276611992e+03	-9.090644868581886840e+03
8.418418418418418536e-01	7.765441614723375096e+03	-7.764474279174977710e+03
8.428428428428428321e-01	7.421650039615083188e+03	-7.420675211768409099e+03
8.438438438438438105e-01	7.963228604225452727e+03	-7.962247248044699518e+03
8.448448448448447889e-01	8.053326065591899351e+03	-8.052339151496846171e+03
8.458458458458458784e-01	8.122279637480907695e+03	-8.121288141387310134e+03
8.468468468468468568e-01	8.398425508521313532e+03	-8.397430410875862435e+03
8.478478478478478353e-01	8.510375305685152853e+03	-8.509377590495956611e+03
8.488488488488488137e-01	8.581011812838309197e+03	-8.580012466701848098e+03
8.498498498498497922e-01	8.822123805716906645e+03	-8.821123816842431552e+03
8.508508508508508816e-01	8.337779204134634710e+03	-8.336779561366973212e+03
8.518518518518518601e-01	8.230827159631791801e+03	-8.229828851473521354e+03
8.528528528528528385e-01	7.914642781453131647e+03	-7.913646795087092869e+03
8.538538538538538170e-01	7.498309143528411369e+03	-7.497316463841528275e+03
8.548548548548547954e-01	7.484201549363525373e+03	-7.483213157972892077e+03
8.558558558558558849e-01	7.433570592950108221e+03	-7.432587467232312520e+03
8.568568568568568633e-01	7.000240991420411774e+03	-6.999264103545050602e+03
8.578578578578578417e-01	7.011136106025402114e+03	-7.010166421993744734e+03
8.588588588588588202e-01	6.958222284520887115e+03	-6.957260763210640107e+03
8.598598598598597986e-01	6.995106235603309869e+03	-6.994153827820425249e+03
8.608608608608608881e-01	7.096702183001993035e+03	-7.095759830540459006e+03
8.618618618618618665e-01	7.230902766815243012e+03	-7.229971401525783222e+03
8.628628628628628450e-01	7.279602849927133320e+03	-7.278683392795743202e+03
8.638638638638638234e-01	7.204425305360665334e+03	-7.203518665597888685e+03
8.648648648648649129e-01	7.205354592859440345e+03	-7.204461667001291062e+03
8.658658658658658913e-01	6.761472915603085312e+03	-6.760594586624502881e+03
8.668668668668668698e-01	7.740381632480134613e+03	-7.739518768921848277e+03
8.678678678678678482e-01	5.341964302588706232e+03	-5.341117757698376408e+03
8.688688688688688266e-01	5.676258823863417092e+03	-5.675429434751891677e+03
8.698698698698699161e-01	5.700068463538288597e+03	-5.699257050351825455e+03
8.708708708708708945e-01	5.844666391920914975e+03	-5.843873757030173692e+03
8.718718718718718730e-01	5.503072299492050661e+03	-5.502299226698662096e+03
8.728728728728728514e-01	5.487836691031674491e+03	-5.487083944793176670e+03
8.738738738738738299e-01	5.362648671856340115e+03	-5.361916996530238066e+03
8.748748748748749193e-01	5.433216644194107175e+03	-5.432506763301812498e+03
8.758758758758758978e-01	5.499932355279039257e+03	-5.499244970790409752e+03
8.768768768768768762e-01	5.569198455379214465e+03	-5.568534247018408678e+03
8.778778778778778547e-01	5.360208302280393582e+03	-5.359567926853720564e+03
8.788788788788788331e-01	5.490214171099925807e+03	-5.489598261846358582e+03
8.798798798798799226e-01	5.185509902579240588e+03	-5.184919068544234506e+03
8.808808808808809010e-01	5.440115877254815132e+03	-5.439550702688049569e+03
8.818818818818818794e-01	5.321410126300480442e+03	-5.320871170078120485e+03
8.828828828828828579e-01	5.293742925755619581e+03	-5.293230720827666119e+03
8.838838838838838363e-01	5.177253800633771789e+03	-5.176768853497053897e+03
8.848848848848849258e-01	4.919395015334966956e+03	-4.918937805532287712e+03
8.858858858858859042e-01	4.347560151459162626e+03	-4.347131131105100394e+03
8.868868868868868827e-01	4.731410130835117343e+03	-4.731009724168949106e+03
8.878878878878878611e-01	3.257301712992059947e+03	-3.256930315958252322e+03
8.888888888888888395e-01	4.018889200535279997e+03	-4.018547180391954498e+03
8.898898898898899290e-01	3.221553959459499310e+03	-3.221241654415267931e+03
8.908908908908909074e-01	3.251784527788975993e+03	-3.251502246668501812e+03
8.918918918918918859e-01	3.148424496112879751e+03	-3.148172518051494535e+03
8.928928928928928643e-01	3.105530809832308933e+03	-3.105309383999987404e+03
8.938938938938938428e-01	3.033343331082187888e+03	-3.033152676437154696e+03
8.948948948948949322e-01	2.507810214570040444e+03	-2.507650519642252675e+03
8.958958958958959107e-01	2.569001430779778275e+03	-2.568872853484496318e+03
8.968968968968968891e-01	2.252129357309597708e+03	-2.252032024791229560e+03
8.978978978978978676e-01	1.854923425432132717e+03	-1.854857433938506119e+03
8.988988988988988460e-01	2.294768580137370918e+03	-2.294733994924559283e+03
8.998998998998999355e-01	1.832876524140314814e+03	-1.832873379408106985e+03
9.009009009009009139e-01	1.546176042901765413e+03	-1.546204341759848603e+03
9.019019019019018923e-01	1.309185874799473140e+03	-1.309245589264356340e+03
9.029029029029028708e-01	1.317726423386412762e+03	-1.317817494409099481e+03
9.039039039039038492e-01	1.123374030868078307e+03	-1.123496368392456816e+03
9.049049049049049387e-01	1.010817182949454036e+03	-1.010970666001350196e+03
9.059059059059059171e-01	9.694821736657875135e+02	-9.696666504725909590e+02
9.069069069069068956e-01	7.370142215664761807e+02	-7.372295097072212684e+02
9.079079079079078740e-01	3.325388053033645406e+02	-3.327846918891183918e+02
9.089089089089088525e-01	3.636202938298457639e+02	-3.638965357142248536e+02
9.099099099099099419e-01	4.518745486926806620e+02	-4.521808727122874529e+02
9.109109109109109204e-01	1.705400037032987086e+02	-1.708761069478409240e+02
9.119119119119118988e-01	-3.800877751894585685e+02	3.797222250776333681e+02
9.129129129129128772e-01	-2.878542458241500981e+02	2.874596103214006462e+02
9.139139139139138557e-01	-9.291172192859726238e+02	9.286938886299160458e+02
9.149149149149149451e-01	-1.166223380878410353e+03	1.165771773682033427e+03
9.159159159159159236e-01	-1.073753792991114778e+03	1.073274355828825946e+03
9.169169169169169020e-01	-1.393213836551886516e+03	1.392707043517918237e+03
9.179179179179178805e-01	-1.781514880896829936e+03	1.780981233136427818e+03
9.189189189189188589e-01	-2.046583597639591744e+03	2.046023622853454071e+03
9.199199199199199484e-01	-3.695533338858791012e+03	3.694947590781249346e+03
9.209209209209209268e-01	-5.923743520735688435e+03	5.923132578587143144e+03
9.219219219219219053e-01	-6.133329835164975520e+03	6.132694303079130805e+03
9.229229229229228837e-01	-5.962578895318500145e+03	5.961919401744964489e+03
9.239239239239238621e-01	-7.678136548706042049e+03	7.677453745788879132e+03
9.249249249249249516e-01	-8.344256925120229425e+03	8.343551488053082721e+03
9.259259259259259300e-01	-7.552874614974953147e+03	7.552147241333380407e+03
9.269269269269269085e-01	-8.232746799528968040e+03	8.231998208580633218e+03
9.279279279279278869e-01	-9.251400465475044257e+03	9.250631397468470823e+03
9.289289289289288654e-01	-9.930086814288193636e+03	9.929298029720761406e+03
9.299299299299299548e-01	-9.652365414709354809e+03	9.651557693575281519e+03
9.309309309309309333e-01	-1.050288084780045210e+04	1.050205498881948915e+04
9.319319319319319117e-01	-1.121767478964806651e+04	1.121683160947568103e+04
9.329329329329328901e-01	-1.127587990137598536e+04	1.127502023379580532e+04
9.339339339339339796e-01	-1.319445200371170358e+04	1.319357669881102629e+04
9.349349349349349581e-01	-1.474008474806839149e+04	1.473919467139757035e+04
9.359359359359359365e-01	-1.560139866960635118e+04	1.560049470132288843e+04
9.369369369369369149e-01	-1.624587122012574764e+04	1.624495425412395161e+04
9.379379379379378934e-01	-1.664630466571786746e+04	1.664537560874491464e+04
9.389389389389389828e-01	-1.691380532877882433e+04	1.691286509953811401e+04
9.399399399399399613e-01	-1.734486746708166902e+04	1.734391699532436905e+04
9.409409409409409397e-01	-1.842723661259032087e+04	1.842627683819596859e+04
9.419419419419419182e-01	-1.846860315196854572e+04	1.846763502401564256e+04
9.429429429429428966e-01	-1.887711756165759653e+04	1.887614203748511500e+04
9.439439439439439861e-01	-1.822533382491340308e+04	1.822435186917410465e+04
9.449449449449449645e-01	-1.902595263930946385e+04	1.902496522301600635e+04
9.459459459459459429e-01	-1.885728088571059925e+04	1.885628898527533966e+04
9.469469469469469214e-01	-2.015910604074975345e+04	2.015811063701922103e+04
9.479479479479478998e-01	-2.078782484304149330e+04	2.078682692032646446e+04
9.489489489489489893e-01	-2.137865627599895379e+04	2.137765682110112539e+04
9.499499499499499677e-01	-2.223944629198308030e+04	2.223844629321925095e+04
9.509509509509509462e-01	-2.507967432435279261e+04	2.507867477057757060e+04
9.519519519519519246e-01	-2.553144192364432456e+04	2.553044380327228646e+04
9.529529529529529031e-01	-2.522796265619068072e+04	2.522696695621897379e+04
9.539539539539539925e-01	-2.660306557499251358e+04	2.660207328002485883e+04
9.549549549549549710e-01	-2.802931286611115502e+04	2.802832495738421494e+04
9.559559559559559494e-01	-2.983019278696717083e+04	2.982921024138024950e+04
9.569569569569569278e-01	-2.990484778563004147e+04	2.990387157477906658e+04
9.579579579579579063e-01	-3.164657497341031558e+04	3.164560606262708097e+04
9.589589589589589957e-01	-2.964520926625224456e+04	2.964424861364982280e+04
9.599599599599599742e-01	-3.129767640176077111e+04	3.129672495728608919e+04
9.609609609609609526e-01	-3.169586527961242246e+04	3.169492398410689202e+04
9.619619619619619311e-01	-3.086383841194677370e+04	3.086290819621594346e+04
9.629629629629629095e-01	-3.272140401321384707e+04	3.272048579710696504e+04
9.639639639639639990e-01	-3.206703925106208408e+04	3.206613394256250103e+04
9.649649649649649774e-01	-3.273688777275895336e+04	3.273599626708625510e+04
9.659659659659659559e-01	-3.373736491756310716e+04	3.373648809628787421e+04
9.669669669669669343e-01	-3.551290587145705649e+04	3.551204460162911710e+04
9.679679679679679127e-01	-3.508809092575527757e+04	3.508724605904632335e+04
9.689689689689690022e-01	-3.764038223588962865e+04	3.763955460775102256e+04
9.699699699699699806e-01	-3.739888327614778973e+04	3.739807370498444652e+04
9.709709709709709591e-01	-3.889180241452252085e+04	3.889101170088360232e+04
9.719719719719719375e-01	-3.864213314668119710e+04	3.864136207246849517e+04
9.729729729729729160e-01	-4.036639234001223667e+04	4.036564166770698648e+04
9.739739739739740054e-01	-3.980752994437365123e+04	3.980680041628253093e+04
9.749749749749749839e-01	-3.776838799201241636e+04	3.776768032953352667e+04
9.759759759759759623e-01	-3.729324263424472156e+04	3.729255753715423634e+04
9.769769769769769407e-01	-3.810789075579844939e+04	3.810722890155862115e+04
9.779779779779779192e-01	-4.081253387662689784e+04	4.081189591971614573e+04
9.789789789789790087e-01	-4.053274953427605215e+04	4.053213610554178740e+04
9.799799799799799871e-01	-4.164061796907277312e+04	4.164002967510757298e+04
9.809809809809809655e-01	-4.141549351155070326e+04	4.141493093409248831e+04
9.819819819819819440e-01	-4.259085993836017587e+04	4.259032363371693646e+04
9.829829829829829224e-01	-4.183603538097265846e+04	4.183552587947237771e+04
9.839839839839840119e-01	-4.322519189094120520e+04	4.322470969640740077e+04
9.849849849849849903e-01	-4.251048892670890928e+04	4.251003451596246305e+04
9.859859859859859688e-01	-4.088665002190104133e+04	4.088622384428866644e+04
9.869869869869869472e-01	-4.228336475029246503e+04	4.228296722724237770e+04
9.879879879879879256e-01	-4.099033629948802263e+04	4.098996782409321168e+04
9.889889889889890151e-01	-3.936371236576444062e+04	3.936337330239394942e+04
9.899899899899899935e-01	-3.821912705867444311e+04	3.821881774261305691e+04
9.909909909909909720e-01	-3.633078809927721159e+04	3.633050883639392123e+04
9.919919919919919504e-01	-3.487597003559348377e+04	3.487572110203901684e+04
9.929929929929930399e-01	-3.753998976337288332e+04	3.753977140530663746e+04
9.939939939939940183e-01	-3.698180985079604579e+04	3.698162228414267156e+04
9.949949949949949968e-01	-3.648032508890558529e+04	3.648016849914145860e+04
9.959959959959959752e-01	-3.306516492849682254e+04	3.306503947046663961e+04
9.969969969969969537e-01	-3.351404111718916101e+04	3.351394691495283041e+04
9.979979979979980431e-01	-3.197645980696047627e+04	3.197639695367043169e+04
9.989989989989990216e-01	-3.499287882293354778e+04	3.499284738074262714e+04
1.000000000000000000e+00	-3.780827103987471492e+04	3.780827103987471492e+04
