# Time	RLS_Output	RLS_Error
0.000000000000000000e+00	0.000000000000000000e+00	0.000000000000000000e+00
1.001001001001000992e-03	0.000000000000000000e+00	0.000000000000000000e+00
2.002002002002001985e-03	0.000000000000000000e+00	0.000000000000000000e+00
3.003003003003002977e-03	0.000000000000000000e+00	0.000000000000000000e+00
4.004004004004003969e-03	0.000000000000000000e+00	0.000000000000000000e+00
5.005005005005004962e-03	0.000000000000000000e+00	0.000000000000000000e+00
6.006006006006005954e-03	0.000000000000000000e+00	0.000000000000000000e+00
7.007007007007006946e-03	0.000000000000000000e+00	0.000000000000000000e+00
8.008008008008007939e-03	0.000000000000000000e+00	0.000000000000000000e+00
9.009009009009008931e-03	0.000000000000000000e+00	0.000000000000000000e+00
1.001001001001000992e-02	0.000000000000000000e+00	0.000000000000000000e+00
1.101101101101101092e-02	0.000000000000000000e+00	0.000000000000000000e+00
1.201201201201201191e-02	0.000000000000000000e+00	0.000000000000000000e+00
1.301301301301301290e-02	0.000000000000000000e+00	0.000000000000000000e+00
1.401401401401401389e-02	0.000000000000000000e+00	0.000000000000000000e+00
1.501501501501501488e-02	0.000000000000000000e+00	0.000000000000000000e+00
1.601601601601601588e-02	0.000000000000000000e+00	0.000000000000000000e+00
1.701701701701701513e-02	0.000000000000000000e+00	0.000000000000000000e+00
1.801801801801801786e-02	0.000000000000000000e+00	0.000000000000000000e+00
1.901901901901902059e-02	0.000000000000000000e+00	0.000000000000000000e+00
2.002002002002001985e-02	0.000000000000000000e+00	0.000000000000000000e+00
2.102102102102101910e-02	0.000000000000000000e+00	0.000000000000000000e+00
2.202202202202202183e-02	0.000000000000000000e+00	0.000000000000000000e+00
2.302302302302302456e-02	0.000000000000000000e+00	0.000000000000000000e+00
2.402402402402402382e-02	0.000000000000000000e+00	0.000000000000000000e+00
2.502502502502502307e-02	0.000000000000000000e+00	7.076624788865043536e-01
2.602602602602602580e-02	3.241724674531020756e-01	4.053556236690863401e-01
2.702702702702702853e-02	4.916962421974817032e-01	2.589760630552426224e-01
2.802802802802802778e-02	5.931166862469402501e-01	1.779575264517844202e-01
2.902902902902902704e-02	6.418604439884232349e-01	1.488531949266704846e-01
3.003003003003002977e-02	7.700871882393094392e-01	3.948397510143453193e-02
3.103103103103103250e-02	8.008860112058104885e-01	2.674212739692072294e-02
3.203203203203203175e-02	8.173492953997176791e-01	2.751741355610004547e-02
3.303303303303303101e-02	7.804121545160848106e-01	8.085767342314598149e-02
3.403403403403403027e-02	7.856501490867170423e-01	9.117112614643640978e-02
3.503503503503503647e-02	8.450864200225133294e-01	4.641925267577062808e-02
3.603603603603603572e-02	8.646324627415311603e-01	4.067603684106546602e-02
3.703703703703703498e-02	9.190229147729129799e-01	-8.068078926389832262e-04
3.803803803803804118e-02	9.485166278186638600e-01	-1.830089699005965631e-02
3.903903903903904044e-02	9.866380508687104811e-01	-4.534254533920722974e-02
4.004004004004003969e-02	1.005671351809698688e+00	-5.422687712652196623e-02
4.104104104104103895e-02	9.401422950133344614e-01	2.051030740898651672e-02
4.204204204204203821e-02	8.652605544107053737e-01	1.036502288254441684e-01
4.304304304304304440e-02	9.456242636032596849e-01	3.058658737116992654e-02
4.404404404404404366e-02	9.915233326136891900e-01	-8.977745691061467248e-03
4.504504504504504292e-02	9.896712567304537522e-01	-1.762529790275690900e-03
4.604604604604604912e-02	9.475611934344090326e-01	4.473377422040469842e-02
4.704704704704704837e-02	9.967924383229869179e-01	-1.092466616149256886e-03
4.804804804804804763e-02	1.066627922857681821e+00	-6.850755081953552317e-02
4.904904904904904689e-02	1.056884430494685612e+00	-5.733065527292180441e-02
5.005005005005004615e-02	1.073846149113821369e+00	-7.384738528522394319e-02
5.105105105105105234e-02	9.888058400984135465e-01	1.064905773065571992e-02
5.205205205205205160e-02	1.023294915973961716e+00	-2.537220094571845941e-02
5.305305305305305086e-02	9.855634119027415485e-01	9.840318631270994487e-03
5.405405405405405705e-02	9.480066180957018585e-01	4.389381716317497517e-02
5.505505505505505631e-02	9.221518579143853644e-01	6.526443554240357603e-02
5.605605605605605557e-02	9.219727044799729265e-01	5.998303481753375355e-02
5.705705705705705483e-02	1.004021718194413548e+00	-2.849754571257478997e-02
5.805805805805805409e-02	1.044352893567270568e+00	-7.622494066515173028e-02
5.905905905905906028e-02	1.006601035083557694e+00	-4.682664073036868491e-02
6.006006006006005954e-02	1.020169105720515779e+00	-6.969734842040420375e-02
6.106106106106105880e-02	1.041984326210207756e+00	-1.017550855004487609e-01
6.206206206206206499e-02	9.940025460699338788e-01	-6.494557311557114243e-02
6.306306306306305731e-02	9.456388576084098219e-01	-2.867285581239631398e-02
6.406406406406406351e-02	9.196622189203270681e-01	-1.569393545831088144e-02
6.506506506506506970e-02	9.346588845813181834e-01	-4.458221375941229248e-02
6.606606606606606202e-02	9.050528151804190236e-01	-2.974791450260594328e-02
6.706706706706706822e-02	9.620875232774647179e-01	-1.024199430967195346e-01
6.806806806806806054e-02	8.834093072733003593e-01	-4.022913488707768881e-02
6.906906906906906674e-02	8.717053545111413948e-01	-4.584637354759812933e-02
7.007007007007007293e-02	9.092785042540993956e-01	-1.015573701802926498e-01
7.107107107107106525e-02	9.197286292021948917e-01	-1.309440617695634135e-01
7.207207207207207145e-02	9.102136425121049035e-01	-1.411456359377879499e-01
7.307307307307307764e-02	8.919313687024146287e-01	-1.433404203674240041e-01
7.407407407407406996e-02	8.951830313807430661e-01	-1.678093898076942203e-01
7.507507507507507616e-02	8.666215747673237102e-01	-1.611845076213705985e-01
7.607607607607608236e-02	8.257982701965640437e-01	-1.429953530333749612e-01
7.707707707707707467e-02	7.903099971416508440e-01	-1.308164236057547392e-01
7.807807807807808087e-02	7.807567483865003322e-01	-1.452246625421161896e-01
7.907907907907907319e-02	7.680809964085433261e-01	-1.571388478631202679e-01
8.008008008008007939e-02	7.219284582412006657e-01	-1.361803806993613364e-01
8.108108108108108558e-02	7.674625364648171022e-01	-2.074877503272216650e-01
8.208208208208207790e-02	7.619013049411460514e-01	-2.282535445390234674e-01
8.308308308308308410e-02	7.157301930048857175e-01	-2.089371590366131404e-01
8.408408408408407642e-02	7.135909561260048717e-01	-2.341537938371949235e-01
8.508508508508508261e-02	7.546825191489865414e-01	-3.030753227720911491e-01
8.608608608608608881e-02	7.797249798692906797e-01	-3.563943238127561530e-01
8.708708708708708113e-02	7.739977954659406079e-01	-3.793622927164995162e-01
8.808808808808808732e-02	7.113158129214531833e-01	-3.457657010962341682e-01
8.908908908908909352e-02	6.966642855802525069e-01	-3.605610410380366559e-01
9.009009009009008584e-02	6.991156703139699280e-01	-3.927916507071861352e-01
9.109109109109109204e-02	6.894618398214582555e-01	-4.132199554423837684e-01
9.209209209209209823e-02	6.696374416473037661e-01	-4.237508558934536262e-01
9.309309309309309055e-02	6.767929791650413307e-01	-4.615048384199509912e-01
9.409409409409409675e-02	6.726083220816869712e-01	-4.881315152781944278e-01
9.509509509509508907e-02	7.115161666596252488e-01	-5.580331147634085553e-01
9.609609609609609526e-02	7.164354279956509641e-01	-5.940979036171936123e-01
9.709709709709710146e-02	7.966968623160159968e-01	-7.056258396293753066e-01
9.809809809809809378e-02	7.308075207647386495e-01	-6.710930558815283442e-01
9.909909909909909997e-02	6.741424396987750756e-01	-6.458435816156568032e-01
1.001001001001000923e-01	7.561057945695215388e-01	-7.592505267772575728e-01
1.011011011011010985e-01	5.376927450211290704e-01	-5.722779578329463268e-01
1.021021021021021047e-01	1.998412048288103759e-01	-2.658326984554310601e-01
1.031031031031030970e-01	1.328027832064936353e-01	-2.301353015747958364e-01
1.041041041041041032e-01	-1.569160470198064927e-01	2.833875173793801161e-02
1.051051051051051094e-01	-1.490185977111969651e-01	-1.067633007635254705e-02
1.061061061061061017e-01	-2.112668153645118896e-01	2.061217033144743804e-02
1.071071071071071079e-01	-3.556546273504624378e-01	1.342287950289035581e-01
1.081081081081081141e-01	-3.671317574027742614e-01	1.151536960176490765e-01
1.091091091091091064e-01	-9.939521652748362079e-02	-1.828859039464879044e-01
1.101101101101101126e-01	-3.529958706924881534e-02	-2.770054571622407313e-01
1.111111111111111049e-01	5.993590667779290226e-03	-3.480137339934474827e-01
1.121121121121121111e-01	-2.104692688865484884e-01	-1.609277649210194006e-01
1.131131131131131173e-01	-2.376865623893493207e-01	-1.627201037784545279e-01
1.141141141141141097e-01	-2.086499709902669419e-01	-2.203703830720593615e-01
1.151151151151151159e-01	-2.907859671714875249e-01	-1.664238355075916553e-01
1.161161161161161082e-01	-1.753205758964953287e-01	-3.096265608209919362e-01
1.171171171171171144e-01	-1.466926255618057895e-01	-3.655123023913083302e-01
1.181181181181181206e-01	-1.700127523737567370e-01	-3.689434699864597156e-01
1.191191191191191129e-01	-1.742931998870388133e-01	-3.908813668783538420e-01
1.201201201201201191e-01	-1.513325431364362927e-01	-4.395014918695214767e-01
1.211211211211211253e-01	-5.507478960778952048e-01	-6.516135748928431060e-02
1.221221221221221176e-01	-4.226684547490955901e-01	-2.177069719239302370e-01
1.231231231231231238e-01	-5.497229984146340120e-01	-1.144853623909799500e-01
1.241241241241241300e-01	-7.889827861446877533e-01	1.015982975155775847e-01
1.251251251251251362e-01	-6.615265486016193019e-01	-4.835434369280933176e-02
1.261261261261261146e-01	-8.305392722600809519e-01	9.886394615840299327e-02
1.271271271271271208e-01	-7.800892893820847718e-01	2.734305088413013785e-02
1.281281281281281270e-01	-8.751462912208474165e-01	1.020734978321299335e-01
1.291291291291291332e-01	-1.046069376858830724e+00	2.534344861171460295e-01
1.301301301301301394e-01	-1.118022900343799364e+00	3.066097138809334988e-01
1.311311311311311179e-01	-1.046901461154260859e+00	2.175123496291784253e-01
1.321321321321321240e-01	-1.294515379575066572e+00	4.479704892450061537e-01
1.331331331331331302e-01	-1.301926705670168216e+00	4.390631473842371291e-01
1.341341341341341364e-01	-1.227517947791390229e+00	3.491889692086214136e-01
1.351351351351351426e-01	-1.049876088771803939e+00	1.569502306222355648e-01
1.361361361361361211e-01	-8.963552070166339591e-01	-1.028455576025499862e-02
1.371371371371371273e-01	-1.015193278185477999e+00	9.573614679527286953e-02
1.381381381381381335e-01	-9.465276709666451405e-01	1.516238150679116714e-02
1.391391391391391397e-01	-1.073113982823600931e+00	1.307615212892823120e-01
1.401401401401401459e-01	-1.166879882629945575e+00	2.144720997454940825e-01
1.411411411411411521e-01	-1.126638958706261961e+00	1.651176484591363458e-01
1.421421421421421305e-01	-1.161830603102053772e+00	1.921465714443661987e-01
1.431431431431431367e-01	-1.078487836868570193e+00	1.015999615070776185e-01
1.441441441441441429e-01	-7.833948449419203541e-01	-1.997308728537837696e-01
1.451451451451451491e-01	-7.385349287965679022e-01	-2.498564618369047974e-01
1.461461461461461553e-01	-8.970376652329294931e-01	-9.564202165059076943e-02
1.471471471471471337e-01	-7.740852092029520959e-01	-2.219011568361521913e-01
1.481481481481481399e-01	-7.234170786752653903e-01	-2.748910795960027853e-01
1.491491491491491461e-01	-7.946641677832366746e-01	-2.049785998789932506e-01
1.501501501501501523e-01	-8.375118070049339947e-01	-1.624770674707800566e-01
1.511511511511511585e-01	-7.679423106010484501e-01	-2.314038258609324439e-01
1.521521521521521647e-01	-7.966031785717562208e-01	-2.011120106245052330e-01
1.531531531531531432e-01	-8.888910209103295657e-01	-1.062066245399365672e-01
1.541541541541541493e-01	-9.004856525379518750e-01	-9.101044105943301155e-02
1.551551551551551555e-01	-9.504951955873168767e-01	-3.641889946584320192e-02
1.561561561561561617e-01	-7.906904974296673494e-01	-1.906656833238921100e-01
1.571571571571571679e-01	-9.554334013182219643e-01	-1.939444535631218436e-02
1.581581581581581464e-01	-1.050868257776831571e+00	8.353270937954127007e-02
1.591591591591591526e-01	-1.128697545210041620e+00	1.698108504853917955e-01
1.601601601601601588e-01	-1.124147394808965750e+00	1.746577544541524363e-01
1.611611611611611650e-01	-9.984657050491519970e-01	5.931202742938401773e-02
1.621621621621621712e-01	-9.838638104854260380e-01	5.597478318891657700e-02
1.631631631631631496e-01	-9.861874135122390417e-01	7.048058501206955206e-02
1.641641641641641558e-01	-1.061521715646958519e+00	1.589025879779242256e-01
1.651651651651651620e-01	-9.703820585968662149e-01	8.174319194451018511e-02
1.661661661661661682e-01	-9.481451520828785284e-01	7.436528217014992670e-02
1.671671671671671744e-01	-1.032117022850565391e+00	1.740601919948779885e-01
1.681681681681681528e-01	-9.170163974125247197e-01	7.553110011247432531e-02
1.691691691691691590e-01	-8.052722918153780718e-01	-1.880936428798640758e-02
1.701701701701701652e-01	-6.650644064341200146e-01	-1.407987105235495306e-01
1.711711711711711714e-01	-6.849976358905149887e-01	-1.018500594810752835e-01
1.721721721721721776e-01	-4.842542244424732911e-01	-2.827999704131256009e-01
1.731731731731731838e-01	-5.198549774506330268e-01	-2.266472108774189032e-01
1.741741741741741623e-01	-5.270452838952808250e-01	-1.981667148651169441e-01
1.751751751751751685e-01	-4.950935384389035798e-01	-2.081111406417804899e-01
1.761761761761761746e-01	-4.460209196778273100e-01	-2.344810716774251569e-01
1.771771771771771808e-01	-5.356166591607224303e-01	-1.215097261084659985e-01
1.781781781781781870e-01	-5.820293467736606940e-01	-5.107162915316021401e-02
1.791791791791791655e-01	-6.716083142287201380e-01	6.315879323450224181e-02
1.801801801801801717e-01	-7.391789023619456112e-01	1.559825051556716913e-01
1.811811811811811779e-01	-7.636735993768519748e-01	2.063070231152094314e-01
1.821821821821821841e-01	-7.873702039433140287e-01	2.563846038139935279e-01
1.831831831831831903e-01	-8.961024117674145639e-01	3.920228559760899900e-01
1.841841841841841965e-01	-8.139464431910433673e-01	3.372713937446162324e-01
1.851851851851851749e-01	-9.406675307589349444e-01	4.918683505584725002e-01
1.861861861861861811e-01	-8.520677267268935706e-01	4.315882134576792262e-01
1.871871871871871873e-01	-7.877197484051936538e-01	3.959756956847957365e-01
1.881881881881881935e-01	-7.626477071494511817e-01	4.000264933677838974e-01
1.891891891891891997e-01	-6.975402353665086652e-01	3.644004406244509831e-01
1.901901901901901781e-01	-6.469965576831812060e-01	3.436676092085538814e-01
1.911911911911911843e-01	-6.184009877512141040e-01	3.451828341427478075e-01
1.921921921921921905e-01	-5.300616997053788637e-01	2.872245143267915246e-01
1.931931931931931967e-01	-4.566299204165490400e-01	2.444138342340411996e-01
1.941941941941942029e-01	-3.615352976390744377e-01	1.801501617664236776e-01
1.951951951951951814e-01	-2.164317585187672255e-01	6.605693670483023250e-02
1.961961961961961876e-01	-1.328496115979867775e-01	1.363380286181252454e-02
1.971971971971971938e-01	1.282957138390724561e-01	-2.162346222501343451e-01
1.981981981981981999e-01	2.434460251993154634e-01	-3.000210743831082105e-01
1.991991991991992061e-01	3.395884605444880466e-01	-3.647437059338640153e-01
2.002002002002001846e-01	3.569335314983287932e-01	-3.506440981822617764e-01
2.012012012012011908e-01	3.463295567206388093e-01	-3.086016640419220747e-01
2.022022022022021970e-01	4.476069425961982096e-01	-3.784778980014138483e-01
2.032032032032032032e-01	4.124340971733707617e-01	-3.119722593212027606e-01
2.042042042042042094e-01	4.565014784741642795e-01	-3.248061896385403546e-01
2.052052052052052156e-01	1.897640440650015803e-01	-2.696553189990752442e-02
2.062062062062061940e-01	1.374655562494097316e-01	5.627519498748703719e-02
2.072072072072072002e-01	8.230634585585372420e-02	1.421850627817182744e-01
2.082082082082082064e-01	9.458240465709014111e-02	1.604376717432199617e-01
2.092092092092092126e-01	1.686257509451652425e-01	1.166708151288844419e-01
2.102102102102102188e-01	3.460817187867787359e-01	-3.079078021127612530e-02
2.112112112112111972e-01	3.320898909483075423e-01	1.288364284628251699e-02
2.122122122122122034e-01	4.917108542143527883e-01	-1.173958542903340563e-01
2.132132132132132096e-01	3.864049614879425110e-01	1.688136099603798623e-02
2.142142142142142158e-01	4.267072753820299602e-01	5.151577631266945900e-03
2.152152152152152220e-01	4.206699351539379128e-01	3.933440224467288360e-02
2.162162162162162282e-01	4.086644734334867191e-01	7.903047038014782144e-02
2.172172172172172067e-01	3.939665806007073834e-01	1.209367096401047781e-01
2.182182182182182129e-01	4.800986329408610809e-01	6.150383860732866470e-02
2.192192192192192191e-01	5.030540947827182308e-01	6.471199131198956955e-02
2.202202202202202252e-01	3.121875766992709411e-01	2.811806851383495398e-01
2.212212212212212314e-01	3.149086426284681828e-01	3.034750392877475500e-01
2.222222222222222099e-01	2.435062395977903305e-01	3.992813700887481443e-01
2.232232232232232161e-01	4.545612239255171216e-01	2.119946892568542740e-01
2.242242242242242223e-01	3.926857815860987366e-01	2.969793073921627724e-01
2.252252252252252285e-01	3.931258887104472355e-01	3.189663967205780826e-01
2.262262262262262347e-01	4.144167996090381001e-01	3.193985256676896700e-01
2.272272272272272131e-01	5.007036897179727442e-01	2.541090378428256802e-01
2.282282282282282193e-01	5.235149036084955076e-01	2.515488252711058914e-01
2.292292292292292255e-01	5.976356604602599543e-01	1.969126434521836222e-01
2.302302302302302317e-01	4.810130915051984424e-01	3.322340937185346288e-01
2.312312312312312379e-01	4.886232212954401133e-01	3.425186610202531901e-01
2.322322322322322163e-01	4.888149829353203857e-01	3.593997169774813538e-01
2.332332332332332225e-01	5.422510896225691823e-01	3.221976658372953661e-01
2.342342342342342287e-01	5.053885800939914574e-01	3.744394157224376629e-01
2.352352352352352349e-01	6.504267882339114237e-01	2.439104248971156741e-01
2.362362362362362411e-01	8.588640923372419245e-01	4.909796754230422167e-02
2.372372372372372473e-01	6.098635464179295029e-01	3.108255166349337406e-01
2.382382382382382258e-01	6.905788101937175849e-01	2.419268272859896873e-01
2.392392392392392320e-01	8.801293111076210485e-01	6.327078716395984070e-02
2.402402402402402382e-01	9.067478516485756312e-01	4.661382072885345007e-02
2.412412412412412444e-01	8.315696696164148749e-01	1.308108396202185553e-01
2.422422422422422505e-01	7.446031865647071424e-01	2.258445039550898148e-01
2.432432432432432290e-01	8.406229769700581667e-01	1.369322619776278671e-01
2.442442442442442352e-01	8.829967928977088265e-01	1.006993332819011711e-01
2.452452452452452414e-01	7.842983290789604656e-01	2.045659506844752507e-01
2.462462462462462476e-01	7.887025666085863973e-01	2.043520225317813077e-01
2.472472472472472538e-01	9.732218964837142661e-01	2.304101421484017198e-02
2.482482482482482600e-01	1.037262685466446177e+00	-3.877661359592377011e-02
2.492492492492492384e-01	9.090620741089161516e-01	9.065980016147257015e-02
2.502502502502502724e-01	9.456115038303779530e-01	5.435759203736889589e-02
2.512512512512512508e-01	9.517184686080151224e-01	4.750902358806430303e-02
2.522522522522522292e-01	1.070154760162167262e+00	-7.265696356766748742e-02
2.532532532532532632e-01	1.020238216772482387e+00	-2.545649728989707317e-02
2.542542542542542416e-01	1.080616615445851414e+00	-8.953466877683169400e-02
2.552552552552552756e-01	1.103334327698662243e+00	-1.169321910029478273e-01
2.562562562562562540e-01	1.009618917048102915e+00	-2.887199982806309961e-02
2.572572572572572325e-01	9.372599063109908757e-01	3.686197412774550042e-02
2.582582582582582664e-01	8.447887473920240309e-01	1.217448301660174481e-01
2.592592592592592449e-01	7.843865056128442870e-01	1.736030067026446133e-01
2.602602602602602788e-01	7.475386452327101861e-01	2.009594883270849897e-01
2.612612612612612573e-01	7.985021814185764288e-01	1.395666454775899012e-01
2.622622622622622357e-01	6.937159213921405554e-01	2.329959840131448079e-01
2.632632632632632697e-01	7.079955201917330632e-01	2.064430792534329706e-01
2.642642642642642481e-01	6.620290294699675560e-01	2.392320160759773273e-01
2.652652652652652820e-01	7.233879418288635677e-01	1.638043325797405858e-01
2.662662662662662605e-01	8.037779236056822318e-01	6.846827441380398671e-02
2.672672672672672389e-01	7.355400176187955052e-01	1.208975782745511651e-01
2.682682682682682729e-01	8.190381915592785944e-01	2.074390889926081005e-02
2.692692692692692513e-01	8.540050487381714017e-01	-3.170886713936149626e-02
2.702702702702702853e-01	8.274078181479936900e-01	-2.341068778105270809e-02
2.712712712712712637e-01	6.499590744061599645e-01	1.349439674802447309e-01
2.722722722722722422e-01	8.216205297065084512e-01	-5.658773224861723961e-02
2.732732732732732761e-01	8.369896096595859092e-01	-9.258356377116705449e-02
2.742742742742742545e-01	7.423847705590445045e-01	-1.934158649753425774e-02
2.752752752752752885e-01	7.302715350714600318e-01	-2.930619830386305136e-02
2.762762762762762669e-01	7.224395435446536728e-01	-4.424520772998674634e-02
2.772772772772773009e-01	7.814477334099561023e-01	-1.266950349702220535e-01
2.782782782782782793e-01	7.350162102440370715e-01	-1.043526052014795980e-01
2.792792792792792578e-01	8.074711684654090060e-01	-2.015202922018594078e-01
2.802802802802802917e-01	8.061333079316330696e-01	-2.254943585030276809e-01
2.812812812812812702e-01	8.797544702185831067e-01	-3.250016158344649631e-01
2.822822822822823041e-01	8.591823349183388414e-01	-3.308641461722880983e-01
2.832832832832832826e-01	8.305497570910767013e-01	-3.291886645034701742e-01
2.842842842842842610e-01	8.746097236464415170e-01	-4.007015010559979440e-01
2.852852852852852950e-01	8.991580211368780384e-01	-4.531712954518018477e-01
2.862862862862862734e-01	8.278362999581305726e-01	-4.102120877516636788e-01
2.872872872872873073e-01	7.895768600406681825e-01	-4.007281314492809887e-01
2.882882882882882858e-01	7.510123528978515095e-01	-3.913236232533147119e-01
2.892892892892892642e-01	8.097262696308982211e-01	-4.795532192300606122e-01
2.902902902902902982e-01	7.632959357830918501e-01	-4.629650581713407598e-01
2.912912912912912766e-01	6.947778315289423468e-01	-4.245861106451598310e-01
2.922922922922923106e-01	6.766534496557257139e-01	-4.368680661579896207e-01
2.932932932932932890e-01	6.166738461762701906e-01	-4.075319132387029697e-01
2.942942942942942675e-01	5.204745938099855085e-01	-3.421829226520082257e-01
2.952952952952953014e-01	5.349963647258240140e-01	-3.877312601056835395e-01
2.962962962962962798e-01	3.715080238894523657e-01	-2.554151097642213264e-01
2.972972972972973138e-01	3.806050525404348073e-01	-2.957991280649250321e-01
2.982982982982982922e-01	3.353666352271392204e-01	-2.819315612340815291e-01
2.992992992992992707e-01	1.721256503189405596e-01	-1.501142663927111931e-01
3.003003003003003046e-01	-9.568365776037975751e-03	1.342935501409750487e-04
3.013013013013012831e-01	-2.822396371136849658e-02	-1.264623572934182177e-02
3.023023023023023170e-01	-5.716990864034766223e-02	-1.509600328024011257e-02
3.033033033033032955e-01	-1.753319838083836624e-01	7.174181997614507977e-02
3.043043043043043294e-01	-1.296867799922108710e-01	-5.125200014372888191e-03
3.053053053053053079e-01	-2.735480864292272885e-01	1.076475998605141149e-01
3.063063063063062863e-01	-3.978961485922553609e-01	2.010712071245516208e-01
3.073073073073073203e-01	-5.291803183679862910e-01	3.016255534919035641e-01
3.083083083083082987e-01	-5.288816378501144388e-01	2.708220684212653273e-01
3.093093093093093326e-01	-5.335319883324893819e-01	2.452227980602667001e-01
3.103103103103103111e-01	-5.034702191433840790e-01	1.851965042510761439e-01
3.113113113113112895e-01	-3.782823130980488835e-01	3.035880040376531808e-02
3.123123123123123235e-01	-4.630926475954947885e-01	8.586338329272497072e-02
3.133133133133133019e-01	-4.562721308427538092e-01	5.011014028828286726e-02
3.143143143143143359e-01	-5.256854394652679119e-01	9.099235831087187920e-02
3.153153153153153143e-01	-5.029765259218582640e-01	4.018220295456020885e-02
3.163163163163162928e-01	-4.588688235767072188e-01	-3.156910433971260588e-02
3.173173173173173267e-01	-5.718823299517371561e-01	5.428576948985919248e-02
3.183183183183183051e-01	-6.226894854835107740e-01	7.844612085193203299e-02
3.193193193193193391e-01	-5.924927212081851913e-01	2.214073063028376698e-02
3.203203203203203175e-01	-6.120880923063424239e-01	1.619147167244450181e-02
3.213213213213212960e-01	-6.669966633351163132e-01	4.614466849187370823e-02
3.223223223223223299e-01	-6.321922254541718633e-01	-1.300121048452074213e-02
3.233233233233233084e-01	-7.383565674595198303e-01	6.945969371518090352e-02
3.243243243243243423e-01	-8.473633664435998858e-01	1.554244974660540235e-01
3.253253253253253208e-01	-8.561915309516209271e-01	1.418948945246000237e-01
3.263263263263262992e-01	-8.594609513257186473e-01	1.235128838416164054e-01
3.273273273273273332e-01	-6.774901878027148605e-01	-7.938156420227715504e-02
3.283283283283283116e-01	-7.021897847902345280e-01	-7.485721469205319778e-02
3.293293293293293456e-01	-6.584202024225818128e-01	-1.380336570823478270e-01
3.303303303303303240e-01	-6.105295157243786353e-01	-2.045436257618832299e-01
3.313313313313313024e-01	-6.393273251239894872e-01	-1.935591085167828185e-01
3.323323323323323364e-01	-5.662828338313780074e-01	-2.835932873593083325e-01
3.333333333333333148e-01	-6.519854320437228345e-01	-2.140399717407149849e-01
3.343343343343343488e-01	-8.670177476797680249e-01	-1.430056443003924205e-02
3.353353353353353272e-01	-8.727804147569084847e-01	-2.295930892834641135e-02
3.363363363363363057e-01	-9.559207489382600675e-01	4.664537112437194821e-02
3.373373373373373396e-01	-9.055411003954365601e-01	-1.637078928978830117e-02
3.383383383383383181e-01	-9.601557976312794507e-01	2.651903402043331859e-02
3.393393393393393520e-01	-8.653976428844657454e-01	-7.904076249636315943e-02
3.403403403403403304e-01	-8.926858373439372496e-01	-6.162029638481114624e-02
3.413413413413413644e-01	-9.297517700931378082e-01	-3.347842080077489957e-02
3.423423423423423428e-01	-1.006355609671555573e+00	3.515385740117948910e-02
3.433433433433433213e-01	-1.100431610038656860e+00	1.222186749054485766e-01
3.443443443443443552e-01	-1.064552066381706741e+00	8.029525994833819347e-02
3.453453453453453337e-01	-1.021711846401588852e+00	3.238445674809531383e-02
3.463463463463463676e-01	-1.003091592872403348e+00	9.671922154592671461e-03
3.473473473473473461e-01	-9.883154747604533386e-01	-8.214128189883429521e-03
3.483483483483483245e-01	-9.943644444566512863e-01	-4.289666619805121428e-03
3.493493493493493585e-01	-1.018917133374017236e+00	1.912603911009114199e-02
3.503503503503503369e-01	-1.004434490575580652e+00	4.495062375286962286e-03
3.513513513513513709e-01	-1.075101323409141774e+00	7.600235720446024690e-02
3.523523523523523493e-01	-9.785498762284196017e-01	-1.872066314441311885e-02
3.533533533533533277e-01	-9.488020568656229115e-01	-4.565389888965476484e-02
3.543543543543543617e-01	-9.620096648896276914e-01	-2.864833367980401668e-02
3.553553553553553401e-01	-9.728718368630773217e-01	-1.300858658431869319e-02
3.563563563563563741e-01	-1.040289810281417759e+00	6.016185555924136175e-02
3.573573573573573525e-01	-1.095583532644969438e+00	1.221772518889666648e-01
3.583583583583583310e-01	-1.088562807441074254e+00	1.228407591257191234e-01
3.593593593593593649e-01	-1.059942617361601558e+00	1.028597613633307484e-01
3.603603603603603434e-01	-1.035328688513351914e+00	8.783144179292168285e-02
3.613613613613613773e-01	-1.071504842629261711e+00	1.345301433618238951e-01
3.623623623623623557e-01	-1.030150458947798109e+00	1.046248400261198253e-01
3.633633633633633342e-01	-9.237556966661928382e-01	1.059436949320924359e-02
3.643643643643643681e-01	-8.139567638886854306e-01	-8.593728663463295891e-02
3.653653653653653466e-01	-7.806761511639190854e-01	-1.050607572326112127e-01
3.663663663663663805e-01	-7.738230990813902421e-01	-9.688080108373720023e-02
3.673673673673673590e-01	-7.764601805665086731e-01	-7.834971074041807704e-02
3.683683683683683929e-01	-7.450609049839281850e-01	-9.300969372129797019e-02
3.693693693693693714e-01	-7.615028898010853808e-01	-5.899968530600263605e-02
3.703703703703703498e-01	-7.394585391350844139e-01	-6.266465361995976480e-02
3.713713713713713838e-01	-7.793627102653715166e-01	-3.587915943091823934e-03
3.723723723723723622e-01	-7.206427411353899526e-01	-4.236109323613734823e-02
3.733733733733733962e-01	-6.814827597694859129e-01	-6.081978197612325499e-02
3.743743743743743746e-01	-6.690141830905339537e-01	-5.185303583405198591e-02
3.753753753753753530e-01	-6.839670389379692850e-01	-1.475202341439885156e-02
3.763763763763763870e-01	-6.382386711953836889e-01	-3.764130216729599798e-02
3.773773773773773654e-01	-6.828058232374359937e-01	3.043328671564471399e-02
3.783783783783783994e-01	-6.897188378904871575e-01	6.149884059484467258e-02
3.793793793793793778e-01	-6.151097536873112448e-01	1.166351462388504068e-02
3.803803803803803563e-01	-6.588819173030850962e-01	8.080615780271316329e-02
3.813813813813813902e-01	-6.578816468361414760e-01	1.057480004830717579e-01
3.823823823823823687e-01	-7.451430559283327426e-01	2.194975032970112316e-01
3.833833833833834026e-01	-7.874533010407088751e-01	2.888156297997168109e-01
3.843843843843843811e-01	-7.667522742768444477e-01	2.956155651938262574e-01
3.853853853853853595e-01	-7.507619964831963033e-01	3.075921358390684701e-01
3.863863863863863934e-01	-7.727268172976108351e-01	3.579620361922039584e-01
3.873873873873873719e-01	-7.820498422869842647e-01	3.961002832916542538e-01
3.883883883883884058e-01	-7.592159104845641604e-01	4.024632220703330265e-01
3.893893893893893843e-01	-7.073718474355612518e-01	3.801688065777888426e-01
3.903903903903903627e-01	-6.139618677433794636e-01	3.166320310762065771e-01
3.913913913913913967e-01	-5.841360028986747333e-01	3.169733867641530978e-01
3.923923923923923751e-01	-5.902406023644728439e-01	3.535093920727913064e-01
3.933933933933934091e-01	-6.345147483074845551e-01	4.284490368957922235e-01
3.943943943943943875e-01	-5.881685479244856962e-01	4.129721046726154698e-01
3.953953953953953659e-01	-4.669054415657966084e-01	3.227515104978373461e-01
3.963963963963963999e-01	-3.094249226754481330e-01	1.964560512463745523e-01
3.973973973973973783e-01	-1.385358735635798810e-01	5.686377170037276718e-02
3.983983983983984123e-01	6.516135115811601264e-02	-1.154559215214824019e-01
3.993993993993993907e-01	1.479164757464199731e-01	-1.667837805308869936e-01
4.004004004004003692e-01	1.861677846495039257e-01	-1.735891668107643060e-01
4.014014014014014031e-01	1.101658950548469323e-01	-6.615379303246644860e-02
4.024024024024023816e-01	2.420593581477634149e-01	-1.666572935653627408e-01
4.034034034034034155e-01	2.776356715268753494e-01	-1.709182061555170884e-01
4.044044044044043940e-01	1.751231507189564551e-01	-3.719581274630323620e-02
4.054054054054054279e-01	1.859400045453573069e-01	-1.693918422350834674e-02
4.064064064064064064e-01	2.919433354903476774e-01	-9.203615026554293199e-02
4.074074074074073848e-01	2.431594097225344697e-01	-1.254353898009560875e-02
4.084084084084084187e-01	2.187267979583477906e-01	4.236971245374113182e-02
4.094094094094093972e-01	2.720663719839979677e-01	1.925259129154843762e-02
4.104104104104104311e-01	1.146101545451888026e-01	2.066431891389544084e-01
4.114114114114114096e-01	2.142846264996323691e-01	1.365854243516978483e-01
4.124124124124123880e-01	9.858088184243038454e-02	2.815589162811646951e-01
4.134134134134134220e-01	2.224428220143281898e-01	1.865908199264179612e-01
4.144144144144144004e-01	2.768429661069173875e-01	1.606800443499857844e-01
4.154154154154154344e-01	3.307434733118886916e-01	1.348362584820691490e-01
4.164164164164164128e-01	4.048280879825042478e-01	8.834797391696952440e-02
4.174174174174173912e-01	4.824037661570759750e-01	3.788094582450257652e-02
4.184184184184184252e-01	6.416138800923377739e-01	-9.473500459871053714e-02
4.194194194194194036e-01	7.770930470087510367e-01	-2.041607923667324576e-01
4.204204204204204376e-01	6.882342345564054220e-01	-8.981514816547830904e-02
4.214214214214214160e-01	6.827795033196778496e-01	-5.946533538146203668e-02
4.224224224224223945e-01	5.477138216720927044e-01	9.987905996530066499e-02
4.234234234234234284e-01	6.783615414829816670e-01	-7.130322142079426051e-03
4.244244244244244069e-01	7.146019073879680272e-01	-2.039610124724566820e-02
4.254254254254254408e-01	7.538010505917682735e-01	-3.730712710898509421e-02
4.264264264264264193e-01	7.772115468932501159e-01	-3.913801526091220673e-02
4.274274274274273977e-01	6.504617232245912817e-01	1.084615682434967310e-01
4.284284284284284317e-01	6.649228253687472501e-01	1.140997602147432177e-01
4.294294294294294101e-01	6.310792022585394179e-01	1.672723364158660297e-01
4.304304304304304440e-01	6.408882638444378665e-01	1.760027733484672563e-01
4.314314314314314225e-01	5.501741824392115676e-01	2.844485658086056690e-01
4.324324324324324564e-01	6.359086327640448566e-01	2.156205049692664355e-01
4.334334334334334349e-01	6.649620079010553075e-01	2.026314797665461631e-01
4.344344344344344133e-01	6.463302055819523106e-01	2.364697071426666852e-01
4.354354354354354473e-01	5.819626396964513448e-01	3.151707362458623374e-01
4.364364364364364257e-01	6.140252726690270668e-01	2.965544309230082609e-01
4.374374374374374597e-01	4.584737939178898936e-01	4.646518052764222473e-01
4.384384384384384381e-01	4.406131677654170908e-01	4.941454889017338759e-01
4.394394394394394165e-01	6.360582817743176687e-01	3.094090908195452627e-01
4.404404404404404505e-01	7.311768345857654339e-01	2.240643230125215490e-01
4.414414414414414289e-01	6.171493466318660470e-01	3.469210001842842894e-01
4.424424424424424629e-01	5.634504855335570328e-01	4.084957239186768341e-01
4.434434434434434413e-01	6.321376417593977948e-01	3.467233156544635708e-01
4.444444444444444198e-01	8.472170108476375638e-01	1.375907421645701234e-01
4.454454454454454537e-01	9.937220356341214256e-01	-3.941319910337970356e-03
4.464464464464464322e-01	1.114766667009545520e+00	-1.209917390041215235e-01
4.474474474474474661e-01	9.449965660038419646e-01	5.178987415319236121e-02
4.484484484484484446e-01	9.533413673347564954e-01	4.547090689251265250e-02
4.494494494494494230e-01	9.694486327566870232e-01	3.040179420161337465e-02
4.504504504504504570e-01	8.878791892684316789e-01	1.120206824983172034e-01
4.514514514514514354e-01	1.033172990195676988e+00	-3.421243043684951690e-02
4.524524524524524693e-01	9.768993749395731285e-01	2.013404483911707121e-02
4.534534534534534478e-01	9.857105575885363180e-01	8.409799901403114397e-03
4.544544544544544262e-01	1.043130673004485809e+00	-5.290641951328711734e-02
4.554554554554554602e-01	1.165195152542443990e+00	-1.798461920748273268e-01
4.564564564564564386e-01	1.065267420290057165e+00	-8.576812090894059271e-02
4.574574574574574726e-01	9.439276985031199718e-01	2.875335620004015880e-02
4.584584584584584510e-01	9.301086118069712416e-01	3.479235688776782798e-02
4.594594594594594295e-01	9.281157081155577693e-01	2.805102662369363120e-02
4.604604604604604634e-01	9.280116498430630578e-01	1.847533989178928859e-02
4.614614614614614418e-01	8.143041062003483210e-01	1.215671993534641615e-01
4.624624624624624758e-01	7.274399502273656282e-01	1.968902293499430467e-01
4.634634634634634542e-01	7.803875008643683664e-01	1.314875234506656110e-01
4.644644644644644327e-01	7.740747621393925249e-01	1.244433939804756584e-01
4.654654654654654666e-01	9.180253600624478372e-01	-3.375257705367007421e-02
4.664664664664664451e-01	8.362872586362706251e-01	3.286573296572903313e-02
4.674674674674674790e-01	8.063792383270962372e-01	4.679449486629627675e-02
4.684684684684684575e-01	7.147677924472000122e-01	1.215830165185767253e-01
4.694694694694694914e-01	7.512649245933504805e-01	6.743592977247803155e-02
4.704704704704704699e-01	6.452665487977100600e-01	1.549747738563223010e-01
4.714714714714714483e-01	6.126986687563557021e-01	1.682917988895630268e-01
4.724724724724724823e-01	5.289661973476945667e-01	2.320011283139730152e-01
4.734734734734734607e-01	4.578794324301728169e-01	2.823122642717716957e-01
4.744744744744744946e-01	4.998114209938874786e-01	2.188727038746504650e-01
4.754754754754754731e-01	5.283513369204193566e-01	1.681145411288030855e-01
4.764764764764764515e-01	6.158375183520168328e-01	5.772140853484952761e-02
4.774774774774774855e-01	6.312642418337115480e-01	1.872168121993544876e-02
4.784784784784784639e-01	6.787699857312964324e-01	-5.299980887948907426e-02
4.794794794794794979e-01	7.681508207560350243e-01	-1.672151865929122350e-01
4.804804804804804763e-01	8.995362137143907422e-01	-3.240293609444996337e-01
4.814814814814814548e-01	9.129761922453761835e-01	-3.634672141745691754e-01
4.824824824824824887e-01	8.069415840172441401e-01	-2.839738658014409056e-01
4.834834834834834671e-01	7.507219485411307236e-01	-2.548126298567407466e-01
4.844844844844845011e-01	8.002494770349792841e-01	-3.318889407023184468e-01
4.854854854854854795e-01	5.849837783429111537e-01	-1.446351654082917992e-01
4.864864864864864580e-01	6.083306925742597571e-01	-1.964294443302656568e-01
4.874874874874874919e-01	7.538433961486841195e-01	-3.707968235455152417e-01
4.884884884884884704e-01	7.077226492672246128e-01	-3.539095301408849426e-01
4.894894894894895043e-01	7.212197259322031817e-01	-3.969899304478315405e-01
4.904904904904904828e-01	6.822009967256043028e-01	-3.878751414063220659e-01
4.914914914914914612e-01	6.436046756789240986e-01	-3.794738063623158686e-01
4.924924924924924952e-01	6.888732959593437677e-01	-4.551985999950913797e-01
4.934934934934934736e-01	6.038907569193956437e-01	-4.009033048926328724e-01
4.944944944944945076e-01	7.149155042202184340e-01	-5.428160214560500130e-01
4.954954954954954860e-01	6.031561438820602916e-01	-4.621148119571400481e-01
4.964964964964965199e-01	4.777107647514269861e-01	-3.678670532089263201e-01
4.974974974974974984e-01	3.156122774891109706e-01	-2.370748059234409622e-01
4.984984984984984768e-01	2.415941639817456577e-01	-1.944405946294380794e-01
4.994994994994995108e-01	9.274507135738353780e-02	-7.702203230034268544e-02
5.005005005005005447e-01	1.137878650414425596e-01	-1.295109040984839810e-01
5.015015015015015232e-01	3.709960343366225377e-02	-8.425317278596859694e-02
5.025025025025025016e-01	4.658461330176173754e-02	-1.251220848674305386e-01
5.035035035035034801e-01	5.898466932483623082e-02	-1.688283808673357034e-01
5.045045045045044585e-01	1.925727835226848789e-02	-1.602986102771857546e-01
5.055055055055055480e-01	-5.222672192783254369e-02	-1.198727608363364672e-01
5.065065065065065264e-01	-1.644919599664516341e-01	-3.849549206030991599e-02
5.075075075075075048e-01	-3.988976002323437742e-01	1.652229042680925797e-01
5.085085085085084833e-01	-4.856731042453975578e-01	2.215422349287922144e-01
5.095095095095094617e-01	-4.120582529773744174e-01	1.177323976580933462e-01
5.105105105105105512e-01	-4.749960946276850504e-01	1.507662991433128541e-01
5.115115115115115296e-01	-3.966688773209449681e-01	4.285575819460646363e-02
5.125125125125125081e-01	-5.414624592689735172e-01	1.584158866658074150e-01
5.135135135135134865e-01	-5.947089252215658206e-01	1.828076769775760502e-01
5.145145145145144649e-01	-5.332737850999607065e-01	9.292517216534246227e-02
5.155155155155155544e-01	-5.686703421178567197e-01	1.003098057851954383e-01
5.165165165165165329e-01	-6.367693554487116048e-01	1.408600367643226825e-01
5.175175175175175113e-01	-6.075255564306671907e-01	8.455783821486662077e-02
5.185185185185184897e-01	-5.350694561038241703e-01	-1.443952196698172763e-02
5.195195195195194682e-01	-3.885392321875313359e-01	-1.869676205823573301e-01
5.205205205205205576e-01	-4.218347135208350140e-01	-1.791009206422882194e-01
5.215215215215215361e-01	-4.776611776558335465e-01	-1.481089991959714802e-01
5.225225225225225145e-01	-5.282975775718623535e-01	-1.216883454817823118e-01
5.235235235235234930e-01	-5.480743198261268656e-01	-1.254846070607386066e-01
5.245245245245244714e-01	-5.683498727392880534e-01	-1.281160053099321683e-01
5.255255255255255609e-01	-7.122492477815253187e-01	-6.434877087012957908e-03
5.265265265265265393e-01	-7.001768826129299850e-01	-4.001481408901252923e-02
5.275275275275275177e-01	-6.245485984834129312e-01	-1.364187271782549837e-01
5.285285285285284962e-01	-8.136085635679826122e-01	3.261809592206577069e-02
5.295295295295294746e-01	-7.263593003076918020e-01	-7.388202234633878263e-02
5.305305305305305641e-01	-7.678177852426777417e-01	-5.088306912315010422e-02
5.315315315315315425e-01	-7.346464916160502234e-01	-1.017043173497248487e-01
5.325325325325325210e-01	-7.488523392756468722e-01	-1.043213939177459748e-01
5.335335335335334994e-01	-8.160851113614328023e-01	-5.306788024056530162e-02
5.345345345345344779e-01	-9.644691451890499145e-01	8.019636218027348384e-02
5.355355355355355673e-01	-9.864275744966268800e-01	8.790941837676002901e-02
5.365365365365365458e-01	-9.431623290569974838e-01	3.128730474196328437e-02
5.375375375375375242e-01	-1.000203569043116136e+00	7.587338946580790555e-02
5.385385385385385026e-01	-1.005106272298011971e+00	6.923496674420059893e-02
5.395395395395394811e-01	-1.044219209175423213e+00	9.773221944057186583e-02
5.405405405405405705e-01	-9.907019323568793112e-01	3.453519761762879892e-02
5.415415415415415490e-01	-1.085755004026309090e+00	1.208540353315699090e-01
5.425425425425425274e-01	-1.105867009291034542e+00	1.331859545878746331e-01
5.435435435435435059e-01	-9.681532133657224648e-01	-1.134608601539355277e-02
5.445445445445444843e-01	-8.895031010360815449e-01	-9.584585943153434151e-02
5.455455455455455738e-01	-9.024381547058304420e-01	-8.778609878536836053e-02
5.465465465465465522e-01	-8.322252314212537083e-01	-1.618951260686856131e-01
5.475475475475475307e-01	-9.463878469724595899e-01	-5.064557280623049884e-02
5.485485485485485091e-01	-9.574919553493789204e-01	-4.146860440944832860e-02
5.495495495495495986e-01	-1.018073647080335986e+00	1.817377531358710385e-02
5.505505505505505770e-01	-1.009162609951160139e+00	9.312182992859741049e-03
5.515515515515515554e-01	-9.844915211724047932e-01	-1.432075305486435468e-02
5.525525525525525339e-01	-8.797658713530142061e-01	-1.170205688040202308e-01
5.535535535535535123e-01	-8.998517766224243264e-01	-9.392315138300022515e-02
5.545545545545546018e-01	-9.196504387796772262e-01	-7.013027694410589596e-02
5.555555555555555802e-01	-8.847585076056465603e-01	-1.000492454065613490e-01
5.565565565565565587e-01	-9.743255000896543505e-01	-4.535457324207237129e-03
5.575575575575575371e-01	-9.627214600448483761e-01	-9.224749407385712807e-03
5.585585585585585155e-01	-1.004315032013268549e+00	4.024468519711688064e-02
5.595595595595596050e-01	-1.064142752713597595e+00	1.089015951153112782e-01
5.605605605605605835e-01	-1.026815869520914859e+00	8.134849692705159452e-02
5.615615615615615619e-01	-9.851656150127527933e-01	5.040695834560138255e-02
5.625625625625625403e-01	-9.817716088555326071e-01	5.864600966121924497e-02
5.635635635635635188e-01	-1.070456528825986853e+00	1.598768252339510809e-01
5.645645645645646082e-01	-1.034695999885978157e+00	1.375626239436646969e-01
5.655655655655655867e-01	-9.839556630112047397e-01	1.011557502865850777e-01
5.665665665665665651e-01	-9.389372064246821470e-01	7.134371875708012123e-02
5.675675675675675436e-01	-9.212976643685877320e-01	6.976852663527488563e-02
5.685685685685685220e-01	-8.612242121405309092e-01	2.660146389271300649e-02
5.695695695695696115e-01	-8.466785462563816145e-01	2.978750906347682470e-02
5.705705705705705899e-01	-7.724615508044064827e-01	-2.588998786999963109e-02
5.715715715715715683e-01	-8.026081439428431885e-01	2.358555835935083334e-02
5.725725725725725468e-01	-8.404109982523521039e-01	8.148770678426331404e-02
5.735735735735735252e-01	-7.069359642707839786e-01	-3.113756736155592897e-02
5.745745745745746147e-01	-6.784264973679846600e-01	-3.806742611479807525e-02
5.755755755755755931e-01	-6.599503307467000646e-01	-3.425547539402307162e-02
5.765765765765765716e-01	-6.615204484283296882e-01	-9.710770912574773206e-03
5.775775775775775500e-01	-6.860230051388475081e-01	3.843012350145325051e-02
5.785785785785785285e-01	-6.982023760090699804e-01	7.488820807085183606e-02
5.795795795795796179e-01	-6.424022086335838821e-01	4.398312224265721326e-02
5.805805805805805964e-01	-6.246555453375297606e-01	5.172329069550873903e-02
5.815815815815815748e-01	-6.692412800680933582e-01	1.223624045744665656e-01
5.825825825825825532e-01	-7.021054911469187809e-01	1.818207791653392302e-01
5.835835835835835317e-01	-6.859225689742904919e-01	1.927465070748141107e-01
5.845845845845846211e-01	-7.243922570593096522e-01	2.588125252653523112e-01
5.855855855855855996e-01	-6.386270187290206124e-01	2.011040082721147204e-01
5.865865865865865780e-01	-6.071971732852921022e-01	1.981635313445464508e-01
5.875875875875875565e-01	-5.322821922698351971e-01	1.521423941462373697e-01
5.885885885885885349e-01	-5.574779691536337900e-01	2.066079183023007415e-01
5.895895895895896244e-01	-6.658584579585159480e-01	3.446051142743715712e-01
5.905905905905906028e-01	-5.920984450287087864e-01	3.007794817531628806e-01
5.915915915915915813e-01	-5.562206078604092774e-01	2.951240974483209101e-01
5.925925925925925597e-01	-5.634482811633423349e-01	3.328324104209005596e-01
5.935935935935935381e-01	-5.375946050616295935e-01	3.376874198368219337e-01
5.945945945945946276e-01	-4.038839787117960989e-01	2.348831583899459174e-01
5.955955955955956060e-01	-2.684886248069588421e-01	1.305612868343061783e-01
5.965965965965965845e-01	-2.775286859843302256e-01	1.708112206129707433e-01
5.975975975975975629e-01	-1.787863670301489682e-01	1.033843024477452965e-01
5.985985985985985414e-01	-1.150489581974821762e-01	7.103685617509691852e-02
5.995995995995996308e-01	-4.030828051804883488e-02	2.772966267930977724e-02
6.006006006006006093e-01	-6.956626971103455070e-02	8.843357449550212634e-02
6.016016016016015877e-01	-3.311673879118476327e-02	8.341130915454994521e-02
6.026026026026025662e-01	-1.048249962115038458e-01	1.864970980747079898e-01
6.036036036036035446e-01	-6.694518247146385992e-02	1.799140539005326944e-01
6.046046046046046341e-01	-3.326287712504553962e-02	1.774168081930053709e-01
6.056056056056056125e-01	-7.217165272875919468e-02	2.473680959806282276e-01
6.066066066066065909e-01	-3.063148337445642522e-02	2.366971947861475634e-01
6.076076076076075694e-01	-4.126699617535052600e-02	2.779982064670273867e-01
6.086086086086086588e-01	8.517841432001387048e-02	1.819842018145065299e-01
6.096096096096096373e-01	1.074996950536583895e-01	1.898301416135149966e-01
6.106106106106106157e-01	-7.610213863261924838e-03	3.348132547210332377e-01
6.116116116116115942e-01	1.493927413074321899e-02	3.418134142834867717e-01
6.126126126126125726e-01	1.148321780306570949e-01	2.711173809646684751e-01
6.136136136136136621e-01	2.330475830797402170e-01	1.817171980256687691e-01
6.146146146146146405e-01	1.934060061585733403e-01	2.497638544855533826e-01
6.156156156156156189e-01	3.736259124614086935e-01	9.751079662160844208e-02
6.166166166166165974e-01	5.439438923497076361e-01	-4.530622110871818098e-02
6.176176176176175758e-01	6.490078557769266565e-01	-1.233623031456062558e-01
6.186186186186186653e-01	8.452989552320516742e-01	-2.931653088789799577e-01
6.196196196196196437e-01	7.333036609417933338e-01	-1.552279014414224001e-01
6.206206206206206222e-01	7.840465653886137254e-01	-1.806003263251885205e-01
6.216216216216216006e-01	6.936005411162254886e-01	-6.538054382058533509e-02
6.226226226226225791e-01	7.473340038253558637e-01	-9.496146730356547216e-02
6.236236236236236685e-01	7.466784679409682601e-01	-7.079849457828824022e-02
6.246246246246246470e-01	7.417070202110869204e-01	-4.298795785871967201e-02
6.256256256256256254e-01	5.965151289220373965e-01	1.243520900025465448e-01
6.266266266266266038e-01	8.044223065470200718e-01	-6.211976480141290224e-02
6.276276276276275823e-01	9.974604111531237827e-01	-2.344565767815972590e-01
6.286286286286286717e-01	1.162964604944719094e+00	-3.800139787362554200e-01
6.296296296296296502e-01	1.059242976696523453e+00	-2.571197839414800512e-01
6.306306306306306286e-01	9.120057436332751344e-01	-9.150316852618889385e-02
6.316316316316316071e-01	8.940550803294926574e-01	-5.598448162426616914e-02
6.326326326326325855e-01	8.882586946537948114e-01	-3.344880334686972656e-02
6.336336336336336750e-01	8.707085677313887162e-01	-4.667566260940780865e-06
6.346346346346346534e-01	7.937837144158674807e-01	9.195319398066137406e-02
6.356356356356356319e-01	7.257634444974434551e-01	1.741306060258736021e-01
6.366366366366366103e-01	5.698406154142232616e-01	3.433207117587597779e-01
6.376376376376375887e-01	6.793190724707937056e-01	2.462065464508834678e-01
6.386386386386386782e-01	7.871340259453386556e-01	1.498406733220993825e-01
6.396396396396396566e-01	8.846505697464194240e-01	6.284667697400980746e-02
6.406406406406406351e-01	9.395056479819642314e-01	1.757720801630668905e-02
6.416416416416416135e-01	1.063558954931337119e+00	-9.783690661598276606e-02
6.426426426426425920e-01	1.147458637610413001e+00	-1.740523568544108945e-01
6.436436436436436814e-01	1.136767947435231463e+00	-1.566399927130549541e-01
6.446446446446446599e-01	9.489222128871351858e-01	3.695821056026027396e-02
6.456456456456456383e-01	9.845578826622455315e-01	6.100115907186176578e-03
6.466466466466466168e-01	1.030901778052779827e+00	-3.644582229750237268e-02
6.476476476476475952e-01	1.046842374468315962e+00	-4.957183509548346301e-02
6.486486486486486847e-01	9.796915743581393610e-01	1.940739184654205474e-02
6.496496496496496631e-01	1.053263893665466133e+00	-5.332446546517244368e-02
6.506506506506506415e-01	9.147660489454566557e-01	8.502504531846954983e-02
6.516516516516516200e-01	7.715746291490330755e-01	2.270794819274234433e-01
6.526526526526525984e-01	8.739363785444757005e-01	1.225932244058612897e-01
6.536536536536536879e-01	7.699921141940105906e-01	2.234275565238001970e-01
6.546546546546546663e-01	8.378517635184851153e-01	1.514756261350083122e-01
6.556556556556556448e-01	8.969056005831531619e-01	8.735120585021560746e-02
6.566566566566566232e-01	8.204597157500800320e-01	1.577532193831289176e-01
6.576576576576576016e-01	7.587677893617418290e-01	2.124339629086353654e-01
6.586586586586586911e-01	7.855603036959355467e-01	1.776698871979766059e-01
6.596596596596596696e-01	6.891608840393325108e-01	2.651452496894162181e-01
6.606606606606606480e-01	5.576912108115770206e-01	3.867471945692522173e-01
6.616616616616616264e-01	4.015053368901886910e-01	5.321314267206584958e-01
6.626626626626626049e-01	3.741227013553802827e-01	5.477891883298464659e-01
6.636636636636636943e-01	3.912311985906328782e-01	5.180441792232550746e-01
6.646646646646646728e-01	5.120808627753156150e-01	3.836588609099398361e-01
6.656656656656656512e-01	5.266581833851408101e-01	3.546601287246670120e-01
6.666666666666666297e-01	5.881123735133505503e-01	2.779130302710897116e-01
6.676676676676676081e-01	6.890462811792175124e-01	1.608298400114694937e-01
6.686686686686686976e-01	6.063514521523517553e-01	2.265349814884212165e-01
6.696696696696696760e-01	6.312231848857906558e-01	1.838499566004718755e-01
6.706706706706706544e-01	5.309719824878386119e-01	2.654818770170916942e-01
6.716716716716716329e-01	5.015236905479686369e-01	2.755233089343220865e-01
6.726726726726726113e-01	4.497392550219360685e-01	3.071324969830567242e-01
6.736736736736737008e-01	3.969400874399598989e-01	3.390079800441432312e-01
6.746746746746746792e-01	4.587060383672785235e-01	2.555905980597431570e-01
6.756756756756756577e-01	4.958154329255182735e-01	1.961234360520298092e-01
6.766766766766766361e-01	4.286762681025824695e-01	2.402206056417574564e-01
6.776776776776777256e-01	4.812407209178200529e-01	1.639527150208722195e-01
6.786786786786787040e-01	5.568150081523388639e-01	6.403698669090474027e-02
6.796796796796796825e-01	5.937540716809778241e-01	2.142548952921097261e-03
6.806806806806806609e-01	5.889807680837011450e-01	-1.862877750579727820e-02
6.816816816816816393e-01	6.553078993851502165e-01	-1.110645347535703653e-01
6.826826826826827288e-01	6.759218291243808130e-01	-1.583252686625032934e-01
6.836836836836837072e-01	7.645431901420851606e-01	-2.741052622256642812e-01
6.846846846846846857e-01	7.145240874164661138e-01	-2.517297644491653941e-01
6.856856856856856641e-01	6.154346582291558843e-01	-1.807415770747603512e-01
6.866866866866866426e-01	7.100823454807534407e-01	-3.039203549262797233e-01
6.876876876876877320e-01	6.209563518192642295e-01	-2.437270875164949113e-01
6.886886886886887105e-01	6.477617482079146560e-01	-2.998382355136299804e-01
6.896896896896896889e-01	7.632975530288750310e-01	-4.450238381365642093e-01
6.906906906906906674e-01	7.401731850170079063e-01	-4.518639947447857796e-01
6.916916916916916458e-01	6.957649731223867207e-01	-4.377054036935347225e-01
6.926926926926927353e-01	6.058299851896741250e-01	-3.782752203135919533e-01
6.936936936936937137e-01	4.256120175749679713e-01	-2.287870761072612891e-01
6.946946946946946921e-01	2.349245885348985596e-01	-6.902410196618594118e-02
6.956956956956956706e-01	3.572750125372118335e-01	-2.224630325306268530e-01
6.966966966966966490e-01	3.605550200532836591e-01	-2.569648562210420928e-01
6.976976976976977385e-01	1.951364378160191926e-01	-1.228705258954319590e-01
6.986986986986987169e-01	9.650597527352311467e-02	-5.563577583280979871e-02
6.996996996996996954e-01	2.941823600476913270e-01	-2.847482878217948987e-01
7.007007007007006738e-01	1.162010241239578301e-01	-1.382124080501841989e-01
7.017017017017016522e-01	5.501374491833728453e-02	-1.084488189113919920e-01
7.027027027027027417e-01	-1.077041304950183132e-01	2.289820601950978696e-02
7.037037037037037202e-01	-2.595618151555429964e-01	1.434689010303114021e-01
7.047047047047046986e-01	-2.325160331189360385e-01	8.525092849879500889e-02
7.057057057057056770e-01	-3.461296815684329620e-02	-1.436787030011310584e-01
7.067067067067066555e-01	2.795226004095078057e-02	-2.370941929785150559e-01
7.077077077077077449e-01	5.426685108494026105e-02	-2.940522345826751538e-01
7.087087087087087234e-01	1.133315375390434449e-01	-3.835232584228264741e-01
7.097097097097097018e-01	2.498432185207068168e-01	-5.501740961324567136e-01
7.107107107107106803e-01	9.799272969150504831e-02	-4.281657800923398538e-01
7.117117117117116587e-01	9.728603335385802020e-02	-4.569747629983903492e-01
7.127127127127127482e-01	-6.823901751798086557e-02	-3.206097110734085209e-01
7.137137137137137266e-01	-1.064724365150180319e-01	-3.111517756914493615e-01
7.147147147147147050e-01	-4.578842920368617064e-02	-4.001982964813889376e-01
7.157157157157156835e-01	-7.484898624044974969e-02	-3.990592363499911865e-01
7.167167167167166619e-01	-9.662400071956638026e-02	-4.047370918680360252e-01
7.177177177177177514e-01	-2.633133230181771145e-01	-2.650048657278756270e-01
7.187187187187187298e-01	-3.008361637254563514e-01	-2.539166906586607930e-01
7.197197197197197083e-01	-4.448379441825376368e-01	-1.358010052460667527e-01
7.207207207207206867e-01	-5.014465667821114137e-01	-1.045043094814344098e-01
7.217217217217216652e-01	-5.907444145408579095e-01	-3.991919050169856487e-02
7.227227227227227546e-01	-6.668909270920012622e-01	1.213822865226543701e-02
7.237237237237237331e-01	-7.318532721930357532e-01	5.365893637836971486e-02
7.247247247247247115e-01	-8.519543383956548199e-01	1.509890016280587277e-01
7.257257257257256899e-01	-9.321629438940111090e-01	2.091197598325041929e-01
7.267267267267266684e-01	-1.011381072563658723e+00	2.669750266752406453e-01
7.277277277277277578e-01	-9.496521234110520959e-01	1.846193259531617725e-01
7.287287287287287363e-01	-8.816713109001614868e-01	9.676826901375756851e-02
7.297297297297297147e-01	-7.844524093085115668e-01	-1.954472105842763874e-02
7.307307307307306932e-01	-8.719791644542920217e-01	4.968298285548478077e-02
7.317317317317316716e-01	-9.729899532228054593e-01	1.332078527642667209e-01
7.327327327327327611e-01	-9.425615987417805819e-01	8.612400284843457765e-02
7.337337337337337395e-01	-9.779760060753520667e-01	1.057298080558664033e-01
7.347347347347347180e-01	-7.042353140589217020e-01	-1.829569603496810082e-01
7.357357357357356964e-01	-9.516938183891464620e-01	5.043277284320202281e-02
7.367367367367367859e-01	-8.960614940300675180e-01	-1.837710541509873785e-02
7.377377377377377643e-01	-1.011028367589691612e+00	8.431646218440669305e-02
7.387387387387387427e-01	-1.061143537375307533e+00	1.230747104791423130e-01
7.397397397397397212e-01	-1.056808450075612971e+00	1.083103165158187942e-01
7.407407407407406996e-01	-1.097798139623756386e+00	1.398086273082678188e-01
7.417417417417417891e-01	-1.181619582017249259e+00	2.150860044592076692e-01
7.427427427427427675e-01	-1.066658611256269484e+00	9.253673081753333030e-02
7.437437437437437460e-01	-1.050379568518451157e+00	6.963265129841189616e-02
7.447447447447447244e-01	-1.099472485221818063e+00	1.130703485261035368e-01
7.457457457457457028e-01	-1.032904126882642215e+00	4.182218021362282823e-02
7.467467467467467923e-01	-9.478464823033749820e-01	-4.693523717921033178e-02
7.477477477477477708e-01	-9.166521524397991394e-01	-8.084564415470052445e-02
7.487487487487487492e-01	-9.965081418726755569e-01	-2.719350323403757486e-03
7.497497497497497276e-01	-9.760315670598682658e-01	-2.393752880787858306e-02
7.507507507507507061e-01	-9.330667442673349354e-01	-6.665513000305378633e-02
7.517517517517517955e-01	-1.105646163397689952e+00	1.071600915271675447e-01
7.527527527527527740e-01	-1.045957806114287347e+00	4.969489541573279823e-02
7.537537537537537524e-01	-8.438603685811989497e-01	-1.491942205591686443e-01
7.547547547547547309e-01	-8.154822642318737547e-01	-1.733820155315620726e-01
7.557557557557557093e-01	-7.535650126375159630e-01	-2.301311135420945897e-01
7.567567567567567988e-01	-7.335323324358899999e-01	-2.440229065117962559e-01
7.577577577577577772e-01	-7.278962686502203905e-01	-2.425514218695770108e-01
7.587587587587587556e-01	-8.563190397231557061e-01	-1.060614695134777241e-01
7.597597597597597341e-01	-8.597482763765246228e-01	-9.361339600090512469e-02
7.607607607607607125e-01	-8.888759302781183980e-01	-5.452416799346382348e-02
7.617617617617618020e-01	-8.828394367168221901e-01	-4.966620076288552621e-02
7.627627627627627804e-01	-8.786392021327866786e-01	-4.204986092007600984e-02
7.637637637637637589e-01	-8.814144568883204300e-01	-2.654760299122593814e-02
7.647647647647647373e-01	-8.422581243051154853e-01	-5.207908882591261168e-02
7.657657657657657158e-01	-9.276153291769807518e-01	4.778733336054974412e-02
7.667667667667668052e-01	-9.771799942890391222e-01	1.127312388291734635e-01
7.677677677677677837e-01	-8.997004972932944877e-01	5.148579738049252619e-02
7.687687687687687621e-01	-7.483696952204409447e-01	-8.277218709525313578e-02
7.697697697697697405e-01	-7.967116333394981265e-01	-1.653555188423616595e-02
7.707707707707707190e-01	-7.887390509202838462e-01	-5.809252992162172724e-03
7.717717717717718084e-01	-7.922331960587354338e-01	1.716946717913492293e-02
7.727727727727727869e-01	-8.143062669184460978e-01	5.949353935764745138e-02
7.737737737737737653e-01	-7.816060551200896267e-01	4.779072984336107943e-02
7.747747747747747438e-01	-7.919764477034676453e-01	7.988416227244021783e-02
7.757757757757757222e-01	-8.501320620831362973e-01	1.604669731048713466e-01
7.767767767767768117e-01	-8.642608615580027465e-01	1.977049483756316839e-01
7.777777777777777901e-01	-8.801844581432746173e-01	2.373968484567351434e-01
7.787787787787787686e-01	-8.836287142215153434e-01	2.652450323052986114e-01
7.797797797797797470e-01	-8.730395374348028925e-01	2.796712755971799691e-01
7.807807807807807254e-01	-7.908180957975181613e-01	2.230520097028093618e-01
7.817817817817818149e-01	-7.201417185136753663e-01	1.785392469654860648e-01
7.827827827827827933e-01	-6.923057827360701300e-01	1.774024924952569693e-01
7.837837837837837718e-01	-7.103925512824579291e-01	2.226976074688215568e-01
7.847847847847847502e-01	-6.380329205991948083e-01	1.780285832005805702e-01
7.857857857857857287e-01	-5.926790342741657946e-01	1.608201812608670012e-01
7.867867867867868181e-01	-5.219143219324091643e-01	1.186279994484283340e-01
7.877877877877877966e-01	-4.412976779413214090e-01	6.698267801730156679e-02
7.887887887887887750e-01	-4.860592890529953358e-01	1.410857552584024455e-01
7.897897897897897534e-01	-3.856338295986040388e-01	7.034289102310109509e-02
7.907907907907907319e-01	-3.833550077385356469e-01	9.805844166448390853e-02
7.917917917917918214e-01	-3.109718843362912488e-01	5.595180793598081292e-02
7.927927927927927998e-01	-3.452227136628894244e-01	1.207313050253153719e-01
7.937937937937937782e-01	-2.200282901348080133e-01	2.628753889790744203e-02
7.947947947947947567e-01	-2.121407978984065634e-01	4.934228573331128631e-02
7.957957957957957351e-01	-2.560418028296430060e-01	1.243465139940169439e-01
7.967967967967968246e-01	-1.956270331970085818e-01	9.516519534484021992e-02
7.977977977977978030e-01	-2.168464745000976412e-01	1.477174299053111706e-01
7.987987987987987815e-01	-2.406716895546651414e-01	2.029437968759480737e-01
7.997997997997997599e-01	-2.542851812113086640e-01	2.479957478952395378e-01
8.008008008008007383e-01	-2.217196784717170854e-01	2.468749238610900287e-01
8.018018018018018278e-01	-8.657766002927680393e-02	1.431527092130683021e-01
8.028028028028028062e-01	-5.496039812842316852e-02	1.428993065394820738e-01
8.038038038038037847e-01	-9.196968910055508539e-02	2.111854978367281310e-01
8.048048048048047631e-01	5.033847625310718110e-02	1.000363455608277302e-01
8.058058058058058526e-01	1.559673793401971931e-01	2.541775653245409439e-02
8.068068068068068310e-01	2.597297232581102788e-01	-4.751363707560363192e-02
8.078078078078078095e-01	3.167161754131463947e-01	-7.387899003455850044e-02
8.088088088088087879e-01	2.254473802398087867e-01	4.777077336865634405e-02
8.098098098098097664e-01	2.580371384778058497e-01	4.529180999681864384e-02
8.108108108108108558e-01	2.933050364111783881e-01	3.983475833087896101e-02
8.118118118118118343e-01	4.100504397602955375e-01	-4.742922597863025169e-02
8.128128128128128127e-01	5.025051117679035784e-01	-1.107610590475059387e-01
8.138138138138137911e-01	4.112287575617002977e-01	9.250755707512936521e-03
8.148148148148147696e-01	5.017466820695768437e-01	-5.294750186911711953e-02
8.158158158158158590e-01	6.266620113800976943e-01	-1.499869619336708371e-01
8.168168168168168375e-01	5.872350417792111532e-01	-8.315548598788535806e-02
8.178178178178178159e-01	6.870338675869815948e-01	-1.560482674576614270e-01
8.188188188188187944e-01	6.801598187161607134e-01	-1.227932424545199463e-01
8.198198198198197728e-01	6.956682625401100495e-01	-1.124718653338392382e-01
8.208208208208208623e-01	6.307924905934166881e-01	-2.234296959920045733e-02
8.218218218218218407e-01	6.631121524818391899e-01	-3.001117655501717163e-02
8.228228228228228192e-01	6.260297095344977691e-01	3.109667573469032664e-02
8.238238238238237976e-01	5.710594383962608322e-01	1.094425529589900803e-01
8.248248248248247760e-01	5.229602562108459640e-01	1.802444228698354411e-01
8.258258258258258655e-01	5.766835468746033255e-01	1.485284518857953318e-01
8.268268268268268439e-01	5.874978461097103422e-01	1.590043422183420319e-01
8.278278278278278224e-01	7.586292240485748017e-01	8.424970807023313135e-03
8.288288288288288008e-01	8.027500330985002375e-01	-1.590233772691174163e-02
8.298298298298297793e-01	8.115317606093325198e-01	-5.668643651665750127e-03
8.308308308308308687e-01	8.388957827506557940e-01	-1.481412664729053752e-02
8.318318318318318472e-01	8.795658649001645291e-01	-3.808056760011435671e-02
8.328328328328328256e-01	9.277256405822971175e-01	-6.966880972661038118e-02
8.338338338338338041e-01	8.541760557684546784e-01	1.960381414427236901e-02
8.348348348348347825e-01	9.142043271260679171e-01	-2.556546047371244246e-02
8.358358358358358720e-01	9.924860599371932990e-01	-8.986693226815878344e-02
8.368368368368368504e-01	9.775035450426727834e-01	-6.179671654250384893e-02
8.378378378378378288e-01	9.986412481209777647e-01	-7.075222082446919192e-02
8.388388388388388073e-01	9.840247096336464105e-01	-4.487103201387976359e-02
8.398398398398397857e-01	9.800638602933658960e-01	-3.057421993855291564e-02
8.408408408408408752e-01	1.013487080062502432e+00	-5.460038533785249726e-02
8.418418418418418536e-01	9.134486361810023602e-01	5.388691221628760797e-02
8.428428428428428321e-01	9.917436006409598992e-01	-1.691575396642619467e-02
8.438438438438438105e-01	1.042996926229008636e+00	-6.164074547544984295e-02
8.448448448448447889e-01	1.044185048070524147e+00	-5.727095301736440103e-02
8.458458458458458784e-01	1.042976547621853989e+00	-5.148045402446921326e-02
8.468468468468468568e-01	1.048508454029255743e+00	-5.341080857898983236e-02
8.478478478478478353e-01	9.708323331723140992e-01	2.688285602394724361e-02
8.488488488488488137e-01	9.326991016628951581e-01	6.664703479908573591e-02
8.498498498498497922e-01	9.303489203836313726e-01	6.963995409208267873e-02
8.508508508508508816e-01	7.975399962542718546e-01	2.021027714079580706e-01
8.518518518518518601e-01	7.540189878733211115e-01	2.442891703979471751e-01
8.528528528528528385e-01	7.838835613984892481e-01	2.121028046406153722e-01
8.538538538538538170e-01	7.483193860564562039e-01	2.443603008270641697e-01
8.548548548548547954e-01	6.931767706482269142e-01	2.952146199852463404e-01
8.558558558558558849e-01	6.445340873731713049e-01	3.385916304225330409e-01
8.568568568568568633e-01	6.023100950546009802e-01	3.745777803068920386e-01
8.578578578578578417e-01	5.469557546916899993e-01	4.227282769659976847e-01
8.588588588588588202e-01	4.750018510908253222e-01	4.865194591563006266e-01
8.598598598598597986e-01	4.778268603194654185e-01	4.745809225649869623e-01
8.608608608608608881e-01	5.499105345777162146e-01	3.924419269566027380e-01
8.618618618618618665e-01	5.526335408170015562e-01	3.787317486428535274e-01
8.628628628628628450e-01	6.131640166364817901e-01	3.062931147537237830e-01
8.638638638638638234e-01	6.274435156443728401e-01	2.791962471325173389e-01
8.648648648648649129e-01	6.836693700402829421e-01	2.092564881092855433e-01
8.658658658658658913e-01	6.677339349007788138e-01	2.105950436819905569e-01
8.668668668668668698e-01	7.253749362330679240e-01	1.374886220528629410e-01
8.678678678678678482e-01	7.917180711316802455e-01	5.482681919838083839e-02
8.688688688688688266e-01	7.501111391552438556e-01	7.927797236984024387e-02
8.698698698698699161e-01	8.489637721977179030e-01	-3.755058573485192674e-02
8.708708708708708945e-01	9.072916874836421952e-01	-1.146567967419562795e-01
8.718718718718718730e-01	9.011816613790394337e-01	-1.281088679903217287e-01
8.728728728728728514e-01	8.531523550468858019e-01	-1.004061165489300578e-01
8.738738738738738299e-01	7.595748742181605007e-01	-2.789954811648009958e-02
8.748748748748749193e-01	8.894026895154393264e-01	-1.795217972210101376e-01
8.758758758758758978e-01	7.512681732898637277e-01	-6.388368466075433627e-02
8.768768768768768762e-01	7.386709421566071132e-01	-7.446258135099281805e-02
8.778778778778778547e-01	6.672859449855319536e-01	-2.691051831250457216e-02
8.788788788788788331e-01	6.643789480538103698e-01	-4.846969448662807878e-02
8.798798798798799226e-01	5.680219713652108204e-01	2.281206364074828130e-02
8.808808808808809010e-01	6.963731958035718206e-01	-1.311986290381795817e-01
8.818818818818818794e-01	6.285278431076506411e-01	-8.957162074743352242e-02
8.828828828828828579e-01	6.186337261651460029e-01	-1.064287982120297738e-01
8.838838838838838363e-01	6.226681950105771302e-01	-1.377210582930860627e-01
8.848848848848849258e-01	5.252347069254624801e-01	-6.802490424638496513e-02
8.858858858858859042e-01	4.227093653716971211e-01	6.310988690629071307e-03
8.868868868868868827e-01	4.531654750998128089e-01	-5.275880893200779465e-02
8.878878878878878611e-01	4.437890677524682914e-01	-7.239203394489762688e-02
8.888888888888888395e-01	4.365849599720354468e-01	-9.456481664636273710e-02
8.898898898898899290e-01	4.087217330222512324e-01	-9.641668879076303877e-02
8.908908908908909074e-01	3.204778482817381424e-01	-3.819672780776628418e-02
8.918918918918918859e-01	3.366291435660205833e-01	-8.465108218089378855e-02
8.928928928928928643e-01	3.711397793110423060e-01	-1.497139469894800679e-01
8.938938938938938428e-01	3.804423772649177526e-01	-1.897877322318520799e-01
8.948948948948949322e-01	2.591223569330755039e-01	-9.942742914552696321e-02
8.958958958958959107e-01	3.448446522879418663e-01	-2.162673570060726080e-01
8.968968968968968891e-01	3.247863322118706986e-01	-2.274538138435659718e-01
8.978978978978978676e-01	1.766524529711342995e-01	-1.106609593445101875e-01
8.988988988988988460e-01	2.723532561943932673e-01	-2.377680433825743733e-01
8.998998998998999355e-01	2.597729725311206384e-01	-2.566282403233847709e-01
9.009009009009009139e-01	2.504103575247908497e-01	-2.787092156079079008e-01
9.019019019019018923e-01	1.114595237194611344e-01	-1.711739886026684698e-01
9.029029029029028708e-01	4.058605885044499345e-02	-1.316570815370853020e-01
9.039039039039038492e-01	3.945034466711542370e-02	-1.617878690455706314e-01
9.049049049049049387e-01	-4.374014104118630064e-02	-1.097429108550300042e-01
9.059059059059059171e-01	4.831025402186817086e-02	-2.327870608253590767e-01
9.069069069069068956e-01	2.946157415322372269e-02	-2.447497148983111270e-01
9.079079079079078740e-01	-7.630422210728602522e-03	-2.382561635431207636e-01
9.089089089089088525e-01	-7.213383831751836450e-02	-2.041080460615536940e-01
9.099099099099099419e-01	-6.373398619723188996e-02	-2.425900334095511812e-01
9.109109109109109204e-01	-1.447288711311472409e-01	-1.913743734110670003e-01
9.119119119119118988e-01	-2.335965540481600433e-01	-1.319535577770590828e-01
9.129129129129128772e-01	-2.764264514124106231e-01	-1.182090513370289142e-01
9.139139139139138557e-01	-4.439928490767818814e-01	2.066219302025007476e-02
9.149149149149149451e-01	-5.158351535278469235e-01	6.422795715095264146e-02
9.159159159159159236e-01	-5.880200342211455711e-01	1.085828719323378988e-01
9.169169169169169020e-01	-5.888423467765797614e-01	8.204931280830751739e-02
9.179179179179178805e-01	-5.246569876476110394e-01	-8.990772754509768205e-03
9.189189189189188589e-01	-4.565072320206323142e-01	-1.034675541169603474e-01
9.199199199199199484e-01	-5.363416739268238587e-01	-4.940640361501447142e-02
9.209209209209209268e-01	-6.745524227883508139e-01	6.361027424292731158e-02
9.219219219219219053e-01	-6.931186479153598201e-01	5.758656207097634372e-02
9.229229229229228837e-01	-6.509552720013017657e-01	-8.538301534592451780e-03
9.239239239239238621e-01	-5.173576713102774338e-01	-1.654452458529088732e-01
9.249249249249249516e-01	-5.375295044460669525e-01	-1.679075626998849380e-01
9.259259259259259300e-01	-4.630467724053350942e-01	-2.643268691677138627e-01
9.269269269269269085e-01	-5.006504863278063988e-01	-2.479404620071834486e-01
9.279279279279278869e-01	-5.212470324974295410e-01	-2.478209740768855252e-01
9.289289289289288654e-01	-5.822230587788029821e-01	-2.065615086538258316e-01
9.299299299299299548e-01	-5.513804625170056761e-01	-2.563406715568019578e-01
9.309309309309309333e-01	-4.131916093937296752e-01	-4.126673715698133682e-01
9.319319319319319117e-01	-4.664527751454555782e-01	-3.767273972407658711e-01
9.329329329329328901e-01	-5.109059435091608536e-01	-3.487616366715827754e-01
9.339339339339339796e-01	-5.669942086205619347e-01	-3.083106920572504794e-01
9.349349349349349581e-01	-5.703337963758851048e-01	-3.197428744460212302e-01
9.359359359359359365e-01	-6.960972735323505134e-01	-2.078710099296653402e-01
9.369369369369369149e-01	-8.584700366508979386e-01	-5.849596514511457013e-02
9.379379379379378934e-01	-7.838509108664033498e-01	-1.452060620879580544e-01
9.389389389389389828e-01	-9.936834892593316981e-01	5.345424854957325778e-02
9.399399399399399613e-01	-1.041221920825483149e+00	9.075016352537146336e-02
9.409409409409409397e-01	-9.157583220109801747e-01	-4.401607234220861198e-02
9.419419419419419182e-01	-7.949907403846065979e-01	-1.731372125175115739e-01
9.429429429429428966e-01	-8.200697429679785211e-01	-1.554544295138592380e-01
9.439439439439439861e-01	-7.792084822282866474e-01	-2.027472570692202547e-01
9.449449449449449645e-01	-9.775817190575084581e-01	-9.834574399280482382e-03
9.459459459459459429e-01	-1.020814677846837215e+00	2.891424258796049251e-02
9.469469469469469214e-01	-1.017492295874736552e+00	2.208856534072423106e-02
9.479479479479478998e-01	-9.710149518600890151e-01	-2.690776316815413072e-02
9.489489489489489893e-01	-9.301730890184582989e-01	-6.928180881061107854e-02
9.499499499499499677e-01	-9.488209402284214500e-01	-5.117782360017597565e-02
9.509509509509509462e-01	-1.096207894864241528e+00	9.665411964247760945e-02
9.519519519519519246e-01	-1.105027493970713204e+00	1.069071219325666844e-01
9.529529529529529031e-01	-9.995739734504986984e-01	3.874001743660926422e-03
9.539539539539539925e-01	-9.473798266027938508e-01	-4.491514105201976914e-02
9.549549549549549710e-01	-9.182405356017786513e-01	-6.966819133839952105e-02
9.559559559559559494e-01	-9.064793831895618936e-01	-7.606620373306627325e-02
9.569569569569569278e-01	-8.080717286693988033e-01	-1.681391223050315853e-01
9.579579579579579063e-01	-8.039415521048991486e-01	-1.649692311312508375e-01
9.589589589589589957e-01	-7.395217642866108720e-01	-2.211308381357101061e-01
9.599599599599599742e-01	-9.366206582133019820e-01	-1.482381646987507295e-02
9.609609609609609526e-01	-1.033027305689944608e+00	9.173180016044046869e-02
9.619619619619619311e-01	-1.048197400148228597e+00	1.179816693196240607e-01
9.629629629629629095e-01	-9.618887357705602215e-01	4.367262889028533657e-02
9.639639639639639990e-01	-9.169417521303447893e-01	1.163325254774805195e-02
9.649649649649649774e-01	-9.999669603573033694e-01	1.084612876590187458e-01
9.659659659659659559e-01	-1.097033311986514326e+00	2.202120367533592082e-01
9.669669669669669343e-01	-1.074140427153949862e+00	2.128705992147185144e-01
9.679679679679679127e-01	-1.027718130091288318e+00	1.828514211354690389e-01
9.689689689689690022e-01	-8.794445740498021413e-01	5.181643544707059679e-02
9.699699699699699806e-01	-8.433820158174742954e-01	3.381085247672910299e-02
9.709709709709709591e-01	-8.537477095878255318e-01	6.303407067273170128e-02
9.719719719719719375e-01	-7.975618019129387948e-01	2.648758921421312529e-02
9.729729729729729160e-01	-7.356237788314055059e-01	-1.504852642132092910e-02
9.739739739739740054e-01	-6.959067760061300456e-01	-3.362131511605914724e-02
9.749749749749749839e-01	-5.676626946073531910e-01	-1.399997842791530500e-01
9.759759759759759623e-01	-5.551087298486556687e-01	-1.299883606351255327e-01
9.769769769769769407e-01	-5.937064221399659392e-01	-6.814781768990363364e-02
9.779779779779779192e-01	-6.403401448184385947e-01	2.383234065323924789e-03
9.789789789789790087e-01	-7.279718974778179863e-01	1.145431632111549858e-01
9.799799799799799871e-01	-7.506723293906599759e-01	1.623783641898552954e-01
9.809809809809809655e-01	-7.475583645947485589e-01	1.849809063763107053e-01
9.819819819819819440e-01	-6.832705583173112052e-01	1.469659150799266234e-01
9.829829829829829224e-01	-6.743625714086641798e-01	1.648610711247875393e-01
9.839839839839840119e-01	-5.225018406935760806e-01	4.030730689152661750e-02
9.849849849849849903e-01	-6.089023249470192356e-01	1.544915785021419019e-01
9.859859859859859688e-01	-5.933431749968445246e-01	1.671655626244079595e-01
9.869869869869869472e-01	-6.012167573769447992e-01	2.036937072930291581e-01
9.879879879879879256e-01	-5.865094197471775184e-01	2.180340249369234762e-01
9.889889889889890151e-01	-4.991620404903444608e-01	1.600986699956702952e-01
9.899899899899899935e-01	-5.389872623868072754e-01	2.296712009979380298e-01
9.909909909909909720e-01	-4.749598049816882162e-01	1.956969216888563845e-01
9.919919919919919504e-01	-3.744235117742495955e-01	1.254899573073546826e-01
9.929929929929930399e-01	-3.524239243155377066e-01	1.340658580708909697e-01
9.939939939939940183e-01	-3.517454904583163788e-01	1.641788370824799614e-01
9.949949949949949968e-01	-3.376432652368355214e-01	1.810535011082770596e-01
9.959959959959959752e-01	-3.215268573283471820e-01	1.960688271480488520e-01
9.969969969969969537e-01	-2.514486679422034410e-01	1.572464316145734120e-01
9.979979979979980431e-01	-1.668748469989355387e-01	1.040215569544553770e-01
9.989989989989990216e-01	-1.440586047355499055e-01	1.126164138164295891e-01
1.000000000000000000e+00	-6.187394628461791168e-02	6.187394628461669044e-02
