# Time	FTRLS_Output	FTRLS_Error
0.000000000000000000e+00	0.000000000000000000e+00	0.000000000000000000e+00
1.001001001001000992e-03	0.000000000000000000e+00	0.000000000000000000e+00
2.002002002002001985e-03	0.000000000000000000e+00	0.000000000000000000e+00
3.003003003003002977e-03	0.000000000000000000e+00	0.000000000000000000e+00
4.004004004004003969e-03	0.000000000000000000e+00	0.000000000000000000e+00
5.005005005005004962e-03	0.000000000000000000e+00	0.000000000000000000e+00
6.006006006006005954e-03	0.000000000000000000e+00	0.000000000000000000e+00
7.007007007007006946e-03	0.000000000000000000e+00	0.000000000000000000e+00
8.008008008008007939e-03	0.000000000000000000e+00	0.000000000000000000e+00
9.009009009009008931e-03	0.000000000000000000e+00	0.000000000000000000e+00
1.001001001001000992e-02	0.000000000000000000e+00	0.000000000000000000e+00
1.101101101101101092e-02	0.000000000000000000e+00	0.000000000000000000e+00
1.201201201201201191e-02	0.000000000000000000e+00	0.000000000000000000e+00
1.301301301301301290e-02	0.000000000000000000e+00	0.000000000000000000e+00
1.401401401401401389e-02	0.000000000000000000e+00	0.000000000000000000e+00
1.501501501501501488e-02	0.000000000000000000e+00	0.000000000000000000e+00
1.601601601601601588e-02	0.000000000000000000e+00	0.000000000000000000e+00
1.701701701701701513e-02	0.000000000000000000e+00	0.000000000000000000e+00
1.801801801801801786e-02	0.000000000000000000e+00	0.000000000000000000e+00
1.901901901901902059e-02	0.000000000000000000e+00	0.000000000000000000e+00
2.002002002002001985e-02	0.000000000000000000e+00	0.000000000000000000e+00
2.102102102102101910e-02	0.000000000000000000e+00	0.000000000000000000e+00
2.202202202202202183e-02	0.000000000000000000e+00	0.000000000000000000e+00
2.302302302302302456e-02	0.000000000000000000e+00	0.000000000000000000e+00
2.402402402402402382e-02	0.000000000000000000e+00	0.000000000000000000e+00
2.502502502502502307e-02	0.000000000000000000e+00	7.076624788865043536e-01
2.602602602602602580e-02	5.178952934564351551e+01	-5.106000125452132465e+01
2.702702702702702853e-02	4.340220141193201897e+01	-4.265152910667929120e+01
2.802802802802802778e-02	1.031007648941428698e+02	-1.023296906814441485e+02
2.902902902902902704e-02	1.009034307637692081e+02	-1.001127171248541146e+02
3.003003003003002977e-02	5.577266763223844492e+01	-5.496309646889770306e+01
3.103103103103103250e-02	6.414457226020221015e+01	-6.331694412159947660e+01
3.203203203203203175e-02	2.139415049039268624e+01	-2.054928378143686984e+01
3.303303303303303101e-02	-1.498013010861833116e+01	1.584139993655756129e+01
3.403403403403403027e-02	4.211948558924579800e+01	-4.124266431401264299e+01
3.503503503503503647e-02	6.005002449819177457e+01	-5.915851882549348772e+01
3.603603603603603572e-02	9.745558066523750540e+01	-9.655027216565490278e+01
3.703703703703703498e-02	9.674352677737191186e+01	-9.582531067049163198e+01
3.803803803803804118e-02	4.260794927193524018e+01	-4.167773354110663320e+01
3.903903903903904044e-02	4.610372779084241301e+01	-4.516243228531291010e+01
4.004004004004003969e-02	2.116341838323124946e+01	-2.021197390854807452e+01
4.104104104104103895e-02	9.421907314803116051e+00	-8.461254712380794629e+00
4.204204204204203821e-02	2.761383625699727062e-01	6.927724206661768358e-01
4.304304304304304440e-02	1.256771239278991459e+02	-1.247009130769247207e+02
4.404404404404404366e-02	4.120283841025790394e+01	-4.022029282333527789e+01
4.504504504504504292e-02	4.329799487251981560e+01	-4.231008614557963909e+01
4.604604604604604912e-02	1.583197346800864302e+01	-1.483967850035382874e+01
4.704704704704704837e-02	8.552361121947632228e+01	-8.452791124776948095e+01
4.804804804804804763e-02	3.579133807244155197e+00	-2.581013435206009010e+00
4.904904904904904689e-02	5.214495036950847862e+01	-5.114539659428671570e+01
5.005005005005004615e-02	2.842288488219554310e+01	-2.742288611836694656e+01
5.105105105105105234e-02	7.211371797705098174e+01	-7.111426307922191370e+01
5.205205205205205160e-02	4.108250175058424247e+01	-4.008457903555599700e+01
5.305305305305305086e-02	1.841885461641319921e+01	-1.742345088587918767e+01
5.405405405405405705e-02	5.792942809831674822e+01	-5.693752766305787105e+01
5.505505505505505631e-02	7.305576514169817415e+01	-7.206834884824138499e+01
5.605605605605605557e-02	6.019037305035668339e+01	-5.920841731105917916e+01
5.705705705705705483e-02	6.742022310365409510e+01	-6.644469893117225467e+01
5.805805805805805409e-02	3.433986387003101726e+01	-3.337173591712890186e+01
5.905905905905906028e-02	4.300226251578215653e+01	-4.204248812142896696e+01
6.006006006006005954e-02	3.187328182275596333e+01	-3.092281006545585242e+01
6.106106106106105880e-02	4.223850332513477923e+01	-4.129827408442501735e+01
6.206206206206206499e-02	2.637305514422840957e+01	-2.544399817127404617e+01
6.306306306306305731e-02	-5.445042911509936800e+00	6.362008913305950308e+00
6.406406406406406351e-02	5.883030052810203614e+01	-5.792633224464002240e+01
6.506506506506506970e-02	3.784082186840603867e+01	-3.695074519758413345e+01
6.606606606606606202e-02	-5.219075011533425013e+00	6.094379912211238093e+00
6.706706706706706822e-02	6.497470356516974732e+01	-6.411503598498900658e+01
6.806806806806806054e-02	1.760587122199713761e+01	-1.676269104961091472e+01
6.906906906906906674e-02	4.922467293989733150e+01	-4.839881395893378624e+01
7.007007007007007293e-02	7.095107639561003054e+01	-7.014335526153622880e+01
7.107107107107106525e-02	4.877965039179532880e+01	-4.799086582436270021e+01
7.207207207207207145e-02	8.204699006520101534e+01	-8.127792205862670016e+01
7.307307307307307764e-02	-7.691336443535046197e-01	1.517724592688495244e+00
7.407407407407406996e-02	5.387484291950931947e+01	-5.314746927793627407e+01
7.507507507507507616e-02	1.516570491457398617e+01	-1.446026784742803351e+01
7.607607607607608236e-02	7.715600375101582920e+00	-7.032797457938393393e+00
7.707707707707707467e-02	1.631132102142563056e+01	-1.565182744788973501e+01
7.807807807807808087e-02	2.378155807073834538e+01	-2.314602598489396001e+01
7.907907907907907319e-02	3.485915067114834898e+01	-3.424820852260292270e+01
8.008008008008007939e-02	-8.129088468532883027e+00	8.714836546074721468e+00
8.108108108108108558e-02	6.092181835395773248e+01	-6.036184356782013793e+01
8.208208208208207790e-02	4.435395462693677615e+01	-4.382030686653465068e+01
8.308308308308308410e-02	-2.564838418397092212e+01	2.615517721793919392e+01
8.408408408408407642e-02	7.591863205386222546e+01	-7.543919489157342184e+01
8.508508508508508261e-02	8.752980045544357779e+01	-8.707819325906667984e+01
8.608608608608608881e-02	6.083206073078081033e+01	-6.040873007472427503e+01
8.708708708708708113e-02	1.238096658101304115e+01	-1.198633107826359989e+01
8.808808808808808732e-02	-2.003082408515886925e+01	2.039637419698408749e+01
8.908908908908909352e-02	5.086356220199768785e+01	-5.052745895745547244e+01
9.009009009009008584e-02	-8.497267291614637452e-01	1.156050748768247427e+00
9.109109109109109204e-02	5.236292439998280912e+01	-5.208668251560373363e+01
9.209209209209209823e-02	1.589166319539916827e+01	-1.564577660964531880e+01
9.309309309309309055e-02	3.995186483254033050e+01	-3.973657669179524277e+01
9.409409409409409675e-02	1.682355271791584528e+01	-1.663907591111235362e+01
9.509509509509508907e-02	2.704744823840183088e+01	-2.689396518650561418e+01
9.609609609609609526e-02	1.433628661036052909e+00	-1.311291136657595668e+00
9.709709709709710146e-02	6.032063448808987971e+01	-6.022956346540323835e+01
9.809809809809809378e-02	1.298855763539918939e+00	-1.239141298656708523e+00
9.909909909909909997e-02	8.946504529999433686e+00	-8.918205671916314969e+00
1.001001001001000923e-01	5.723716602240074991e+01	-5.724031075460848683e+01
1.011011011011010985e-01	-5.514569650708293835e+01	5.511111129427111877e+01
1.021021021021021047e-01	-5.405570641353041594e+01	5.398971491990379690e+01
1.031031031031030970e-01	2.062263804362294906e+01	-2.071997056199124998e+01
1.041041041041041032e-01	-5.422358201511200804e+01	5.409500471983013625e+01
1.051051051051051094e-01	5.003704506640711713e+01	-5.019673999419466526e+01
1.061061061061061017e-01	-3.212904196591333061e+01	3.193838732088026688e+01
1.071071071071071079e-01	-4.494260629077800218e+01	4.472118045845644474e+01
1.081081081081081141e-01	4.397032214440891096e+01	-4.422230020579403487e+01
1.091091091091091064e-01	2.712834374585440500e+01	-2.741062486632837647e+01
1.101101101101101126e-01	3.874369053495937720e+01	-3.905599557919086351e+01
1.111111111111111049e-01	4.231592875052688996e+00	-4.573613018378357431e+00
1.121121121121121111e-01	-5.775161214249184383e+01	5.738021510868427555e+01
1.131131131131131173e-01	3.485135187927263445e+01	-3.525175854544043830e+01
1.141141141141141097e-01	-4.099279824567695840e+01	4.056377789161463454e+01
1.151151151151151159e-01	-6.149926171017754406e+00	5.692716368338675004e+00
1.161161161161161082e-01	-2.608098111574445710e+00	2.123150974856958584e+00
1.171171171171171144e-01	-4.174812669075854643e+01	4.123592176280543242e+01
1.181181181181181206e-01	-1.672390443436478691e+01	1.618494821200457068e+01
1.191191191191191129e-01	-7.712211381364315166e+00	7.147036814598922483e+00
1.201201201201201191e-01	-2.769067304438638999e+01	2.709983900938043178e+01
1.211211211211211253e-01	-7.929921385026408132e+01	7.868330459669689958e+01
1.221221221221221176e-01	-3.230144808204236284e+01	3.166107265536933824e+01
1.231231231231231238e-01	1.363784407508706220e+00	-2.027992768314319960e+00
1.241241241241241300e-01	-6.881766052134560141e+01	6.813027603271649468e+01
1.251251251251251362e-01	-5.078649276156571091e+01	5.007661186927128227e+01
1.261261261261261146e-01	-6.194864899894859889e+01	6.121697367284691893e+01
1.271271271271271208e-01	1.443218616122040920e+01	-1.518493239971836317e+01
1.281281281281281270e-01	-2.686545786640295574e+01	2.609238507301423837e+01
1.291291291291291332e-01	-3.735369678373638180e+01	3.656106189299469378e+01
1.301301301301301394e-01	-7.795288095347612511e+01	7.714146776701325336e+01
1.311311311311311179e-01	-3.425001834937513223e+01	3.342062923785005069e+01
1.321321321321321240e-01	-7.672388084532227026e+01	7.587733595499220485e+01
1.331331331331331302e-01	-5.285667168490707724e+01	5.199380812662114693e+01
1.341341341341341364e-01	-7.596716720409004608e+01	7.508883822550727416e+01
1.351351351351351426e-01	-3.141335942941820392e+01	3.052043357126863654e+01
1.361361361361361211e-01	-3.541477363300924708e+01	3.450813387023235634e+01
1.371371371371371273e-01	-6.309794521126595157e+01	6.217848807987574844e+01
1.381381381381381335e-01	-4.257204403856181330e+01	4.164067874910195854e+01
1.391391391391391397e-01	-9.391621455466793122e+01	9.297386209313361860e+01
1.401401401401401459e-01	-1.074726495742473418e+02	1.065202417913628921e+02
1.411411411411411521e-01	-4.160792402290873326e+01	4.064640271266160454e+01
1.421421421421421305e-01	-5.139000367391788870e+01	5.042031964226020335e+01
1.431431431431431367e-01	-3.564333374286066913e+01	3.466644586749917778e+01
1.441441441441441429e-01	2.367983878235297013e+01	-2.466296450014867503e+01
1.451451451451451491e-01	-2.592895794244916985e+01	2.494056655181569582e+01
1.461461461461461553e-01	-8.976431446777057488e+01	8.877163478088705517e+01
1.471471471471471337e-01	-2.048315396693897483e+01	1.948716760089986977e+01
1.481481481481481399e-01	-1.032376377396614799e+02	1.022393295813902085e+02
1.491491491491491461e-01	-7.400736701247851101e+01	7.300772424481628775e+01
1.501501501501501523e-01	-6.046833404656826616e+01	5.946834517209255466e+01
1.511511511511511585e-01	2.241475614136746730e-01	-1.223493697875655650e+00
1.521521521521521647e-01	-8.318168122822881116e+01	8.218396603903255482e+01
1.531531531531531432e-01	-8.538199899049564578e+01	8.438690134504537355e+01
1.541541541541541493e-01	-6.001271831313955829e+01	5.902122221954217451e+01
1.551551551551551555e-01	-7.904985398126109430e+01	7.806293988620792845e+01
1.561561561561561617e-01	-1.741299222093977406e+01	1.643163604018621626e+01
1.571571571571571679e-01	-9.247046231024796725e+01	9.149563446357343821e+01
1.581581581581581464e-01	-9.400111086947475769e+01	9.303377532107747072e+01
1.591591591591591526e-01	-6.916109850708691908e+01	6.820221181236226471e+01
1.601601601601601588e-01	-7.032183197982553224e+01	6.937234233947071971e+01
1.611611611611611650e-01	1.327341801223669471e+01	-1.421257168985646224e+01
1.621621621621621712e-01	-1.981996793741011231e+01	1.889207891011360374e+01
1.631631631631631496e-01	-4.848293272588569636e+01	4.756722589738552642e+01
1.641641641641641558e-01	-9.262319684174146062e+01	9.172057771407241944e+01
1.651651651651651620e-01	-2.132685045125813517e+01	2.043821158460577792e+01
1.661661661661661682e-01	-8.327398643642690956e+01	8.240020656651418562e+01
1.671671671671671744e-01	-1.005731588331868096e+02	9.971510200233112187e+01
1.681681681681681528e-01	-5.980837519953451142e+00	5.139352222653400304e+00
1.691691691691691590e-01	-3.425656176376659090e+01	3.343248010766322409e+01
1.701701701701701652e-01	-1.239792418677826369e+01	1.159206106982059481e+01
1.711711711711711714e-01	-3.212727078495709776e+01	3.134042308958550649e+01
1.721721721721721776e-01	-1.238171016644530376e+01	1.161465597158970553e+01
1.731731731731731838e-01	-6.295390845361590948e+01	6.220740626528785810e+01
1.741741741741741623e-01	-7.466540507393239068e+01	7.394019307517199024e+01
1.751751751751751685e-01	-1.466573127791252240e+01	1.396252659883183789e+01
1.761761761761761746e-01	-6.361181147042466932e+01	6.293130947906941941e+01
1.771771771771771808e-01	-5.830783779816621148e+01	5.765071141289702439e+01
1.781781781781781870e-01	-4.891566569442665013e+01	4.828256471849982745e+01
1.791791791791791655e-01	-3.122964813106942472e+01	3.062119861007520782e+01
1.801801801801801717e-01	-4.250519033254067836e+01	4.192199393533440599e+01
1.811811811811811779e-01	-7.539558543570460358e+01	7.483821885944296071e+01
1.821821821821821841e-01	-4.884332822556415010e+01	4.831234262543483027e+01
1.831831831831831903e-01	-1.011679153814992276e+02	1.006638358257079062e+02
1.841841841841841965e-01	-2.098116003493925241e+00	1.621440954047498106e+00
1.851851851851851749e-01	-7.654975323705480150e+01	7.610095405685433434e+01
1.861861861861861811e-01	-5.713483345904440824e+01	5.671435394577519418e+01
1.871871871871871873e-01	-1.556676874800016108e+01	1.517502469527976316e+01
1.881881881881881935e-01	-4.079188327552706284e+01	4.042926206174539772e+01
1.891891891891891997e-01	3.863350626880101402e+01	-3.896664606354307381e+01
1.901901901901901781e-01	-5.635085513439614857e+01	5.604752618592151947e+01
1.911911911911911843e-01	-1.355806159385152920e+00	1.082588005776686568e+00
1.921921921921921905e-01	-1.038077831239735893e+01	1.013794112701877204e+01
1.931931931931931967e-01	-4.675760685681902373e+01	4.654539077063651575e+01
1.941941941941942029e-01	1.301912930461414675e+01	-1.320051444048679734e+01
1.951951951951951814e-01	-8.726858659984952027e+00	8.576483838171014895e+00
1.961961961961961876e-01	2.536819205666909838e+01	-2.548740786540527381e+01
1.971971971971971938e-01	2.900542928917954200e+01	-2.909336819759060333e+01
1.981981981981981999e-01	7.619219709277395225e+01	-7.624877214195774400e+01
1.991991991991992061e-01	4.918355947791569349e+01	-4.920871472330507146e+01
2.002002002002001846e-01	-7.227389235022315006e+00	7.233678668338382245e+00
2.012012012012011908e-01	-1.064275803600301940e+00	1.102003696279018730e+00
2.022022022022021970e-01	4.629494981445210300e+01	-4.622582076985732158e+01
2.032032032032032032e-01	3.263980785472086410e+01	-3.253934601686869854e+01
2.042042042042042094e-01	3.380086247129533206e+01	-3.366916718245970941e+01
2.052052052052052156e-01	-4.151943232813154339e+01	4.168223084029663994e+01
2.062062062062061940e-01	1.458245255707272747e+01	-1.438871180583583076e+01
2.072072072072072002e-01	-8.098726261308685892e+00	8.323217669946258113e+00
2.082082082082082064e-01	2.801143818033144584e+01	-2.775641810393113573e+01
2.092092092092092126e-01	1.694483099766940981e+01	-1.665953443159536107e+01
2.102102102102102188e-01	5.268302813002265594e+01	-5.236773719144715500e+01
2.112112112112111972e-01	3.372261512768464797e+01	-3.337764159389006124e+01
2.122122122122122034e-01	5.131406709892726781e+01	-5.093975209900325041e+01
2.132132132132132096e-01	9.929871535259685800e+00	-9.526585212775705358e+00
2.142142142142142158e-01	-4.289816501954689443e+00	4.721675354967985960e+00
2.152152152152152220e-01	1.542676600300587531e+01	-1.496676166560726529e+01
2.162162162162162282e-01	3.052488122510904844e+01	-3.003718628129541557e+01
2.172172172172172067e-01	4.553834787439901532e+01	-4.502344458415820583e+01
2.182182182182182129e-01	1.107271559460371577e+02	-1.101855534744889695e+02
2.192192192192192191e-01	3.335797239421268046e+01	-3.279020630811797332e+01
2.202202202202202252e-01	3.614080867513827400e+00	-3.020712605676207030e+00
2.212212212212212314e-01	2.616525126085992170e+01	-2.554686757894370430e+01
2.222222222222222099e-01	2.376021392069023364e+01	-2.311742631100369394e+01
2.232232232232232161e-01	5.784781734871817349e+01	-5.718126143553580221e+01
2.242242242242242223e-01	-9.598055149740643444e+00	1.028772023871890440e+01
2.252252252252252285e-01	4.652783901435298475e+01	-4.581574672892195821e+01
2.262262262262262347e-01	5.079526349513182026e+01	-5.006144816985509038e+01
2.272272272272272131e-01	5.470197084108317398e+01	-5.394715811352237722e+01
2.282282282282282193e-01	2.761001998093380294e+01	-2.683495625205420154e+01
2.292292292292292255e-01	4.116034441703313007e+01	-4.036579611312068749e+01
2.302302302302302317e-01	1.413549822910810327e+00	-6.003026376870772562e-01
2.312312312312312379e-01	3.437053973429855347e+01	-3.353939785198286216e+01
2.322322322322322163e-01	3.349940479090749079e+01	-3.265119009099468883e+01
2.332332332332332225e-01	6.717057523629205207e+01	-6.630612648083219085e+01
2.342342342342342287e-01	1.426146519406735003e+01	-1.338163719825092102e+01
2.352352352352352349e-01	8.144573997100086160e+01	-8.055140275786983750e+01
2.362362362362362411e-01	1.062735721713425789e+02	-1.053656101114630275e+02
2.372372372372372473e-01	-1.470005343687135735e+01	1.562074249992422104e+01
2.382382382382382258e-01	7.125150537018656394e+01	-7.031899973270685678e+01
2.392392392392392320e-01	7.994571519151512007e+01	-7.900231509324353851e+01
2.402402402402402382e-01	3.535249145504310064e+01	-3.439912978266567478e+01
2.412412412412412444e-01	4.405772203360810124e+01	-4.309534152437147014e+01
2.422422422422422505e-01	5.356461836426490208e+01	-5.259417067374510424e+01
2.432432432432432290e-01	4.877679659795655454e+01	-4.779924135900886739e+01
2.442442442442442352e-01	4.866044050182929226e+01	-4.767674437564968315e+01
2.452452452452452414e-01	2.110078695587815911e+00	-1.121214415824380195e+00
2.462462462462462476e-01	9.883482010523606220e+01	-9.784176551609569117e+01
2.472472472472472538e-01	9.598184669004656655e+01	-9.498558377934801911e+01
2.482482482482482600e-01	3.134268695755320877e+01	-3.034420088568268525e+01
2.492492492492492384e-01	8.857057236328934380e+00	-7.857335362058545769e+00
2.502502502502502724e-01	7.676299575952839405e+01	-7.576302666366065353e+01
2.512512512512512508e-01	3.912202899872337269e+01	-3.812280150652729560e+01
2.522522522522522292e-01	6.349860811849900699e+01	-6.250111032190450544e+01
2.532532532532532632e-01	4.729604068406629125e+01	-4.630125896458370249e+01
2.542542542542542416e-01	8.135639341917581646e+01	-8.036531147250680363e+01
2.552552552552552756e-01	8.050654660273708885e+01	-7.952014446604137277e+01
2.562562562562562540e-01	3.137038268990507461e+01	-3.038963577268503613e+01
2.572572572572572325e-01	8.496191226453758460e+00	-7.522069346015022084e+00
2.582582582582582664e-01	1.571030092326356931e+00	-6.044965147683154516e-01
2.592592592592592449e-01	7.570564530684575288e+01	-7.474765579453026021e+01
2.602602602602602788e-01	1.379629069877375436e+01	-1.284779256521395929e+01
2.612612612612612573e-01	3.693563896048229367e+01	-3.599757013358613023e+01
2.622622622622622357e-01	3.270710384537402859e+01	-3.178039193996874445e+01
2.632632632632632697e-01	5.061960018443334519e+01	-4.970516158498817560e+01
2.642642642642642481e-01	-1.421381881686898829e+01	1.511507986241493384e+01
2.652652652652652820e-01	5.750598738937115684e+01	-5.661879511496255191e+01
2.662662662662662605e-01	6.776250312382295249e+01	-6.689025692580347027e+01
2.672672672672672389e-01	5.172433345274215100e+01	-5.086789585684880421e+01
2.682682682682682729e-01	3.694496375424731127e+01	-3.610518165378876887e+01
2.692692692692692513e-01	4.970683986489643047e+01	-4.888454368329762190e+01
2.702702702702702853e-01	5.834659859476594335e+01	-5.754260146439900581e+01
2.712712712712712637e-01	-5.062170917695561201e+01	5.140661221884201382e+01
2.722722722722722422e-01	1.100237392663864284e+02	-1.092587064689285370e+02
2.732732732732732761e-01	5.471735258494994980e+01	-5.397294653906153172e+01
2.742742742742742545e-01	1.743051331449272467e+01	-1.670747013043121498e+01
2.752752752752752885e-01	2.525313651873510068e+01	-2.455217118196750192e+01
2.762762762762762669e-01	5.390153966082516490e+01	-5.322334532501049864e+01
2.772772772772773009e-01	3.160834503204616297e+01	-3.095359233360643003e+01
2.782782782782782793e-01	-3.506586164576109610e+01	3.569652525080365280e+01
2.792792792792792578e-01	1.034755164124628095e+02	-1.028695655361992607e+02
2.802802802802802917e-01	2.755850057782094709e+01	-2.697786162839234336e+01
2.812812812812812702e-01	6.430665984210581598e+01	-6.375190698772169640e+01
2.822822822822823041e-01	3.833647236356667598e+00	-3.305329047610616744e+00
2.832832832832832826e-01	7.781222272670335371e+01	-7.731086163411575285e+01
2.842842842842842610e-01	3.338527874948136542e+01	-3.291137052689092002e+01
2.852852852852852950e-01	4.231200322257703306e+01	-4.186601649689195881e+01
2.862862862862862734e-01	-1.593915311365630494e+01	1.635677732586277244e+01
2.872872872872873073e-01	5.924774080749669025e+01	-5.885889207890530628e+01
2.882882882882882858e-01	3.945407972756948567e+01	-3.909439099792494687e+01
2.892892892892892642e-01	5.785819260570222156e+01	-5.752801955530138400e+01
2.902902902902902982e-01	-9.845431635041782314e+00	1.014576251265353335e+01
2.912912912912912766e-01	-6.300120366945690442e+00	6.570312087829472958e+00
2.922922922922923106e-01	8.682096223090529463e+01	-8.658117684740756204e+01
2.932932932932932890e-01	-3.008864233749273609e+01	3.029778427043030220e+01
2.942942942942942675e-01	-1.306878983339772593e-01	3.089795694919545421e-01
2.952952952952953014e-01	4.151774292585110260e+01	-4.137047782123096340e+01
2.962962962962962798e-01	3.357035607846110992e+00	-3.240942693720879841e+00
2.972972972972973138e-01	1.854731757323219199e+01	-1.846251164875668138e+01
2.982982982982982922e-01	-1.671955974624237484e+01	1.677299482023543220e+01
2.992992992992992707e-01	7.602893875661729695e+00	-7.580882491735500217e+00
3.003003003003003046e-01	-5.141689009895652873e+01	5.140745602673062820e+01
3.013013013013012831e-01	4.812342660093501223e+01	-4.816429680037572325e+01
3.023023023023023170e-01	-1.454611719898532840e+01	1.447385128706473978e+01
3.033033033033032955e-01	-3.592339344449613492e+01	3.581980328066389774e+01
3.043043043043043294e-01	8.837962301118373887e+00	-8.972774281124957341e+00
3.053053053053053079e-01	-3.145183715469711672e+01	3.128593666812840368e+01
3.063063063063062863e-01	-6.251608379040060726e+01	6.231925884893290402e+01
3.073073073073073203e-01	-6.448732652423534262e+01	6.425977175935925345e+01
3.083083083083082987e-01	3.971852622040686231e+00	-4.229912191469535010e+00
3.093093093093093326e-01	-2.684692662990750733e+01	2.655861743963528454e+01
3.103103103103103111e-01	-2.743175536135306558e+01	2.711348164646075887e+01
3.113113113113112895e-01	1.190926676667696071e+01	-1.225719027937124395e+01
3.123123123123123235e-01	-6.467512726082944141e+01	6.429789799652667170e+01
3.133133133133133019e-01	-5.232670637746838338e+01	5.192054438691391027e+01
3.143143143143143359e-01	-4.161169241472045854e+01	4.117699933356606579e+01
3.153153153153153143e-01	-2.690913105972487074e+01	2.644633673675757279e+01
3.163163163163162928e-01	-3.321034195078294005e+01	3.271990402286652255e+01
3.173173173173173267e-01	-4.242040019755231839e+01	4.190280363709044309e+01
3.183183183183183051e-01	-3.640132384382620501e+01	3.585708047919462871e+01
3.193193193193193391e-01	-3.938910830641317773e+01	3.881875631583527309e+01
3.203203203203203175e-01	-6.128847717574883092e+01	6.069258055511492955e+01
3.213213213213212960e-01	-6.560841367974781235e+01	6.498756168490456275e+01
3.223223223223223299e-01	-2.956482198502722625e+01	2.891962854908853231e+01
3.233233233233233084e-01	-7.065851073307787544e+01	6.998961385933353085e+01
3.243243243243243423e-01	-8.064520795397319830e+01	7.995326908499565377e+01
3.253253253253253208e-01	-5.312463059232705831e+01	5.241033395590003607e+01
3.263263263263262992e-01	-4.852051193699332288e+01	4.778456386950922052e+01
3.273273273273273332e-01	3.254825076644858228e+01	-3.330512251845357241e+01
3.283283283283283116e-01	-7.000346218016204602e+01	6.922641518067975142e+01
3.293293293293293456e-01	-1.459923603575506768e+01	1.380278217625013859e+01
3.303303303303303240e-01	-2.257872480081169542e+01	2.176365165932543277e+01
3.313313313313313024e-01	-8.989879400805560294e+01	8.906590757441483674e+01
3.323323323323323364e-01	-2.404054758880663556e+01	2.319067146761594955e+01
3.333333333333333148e-01	-9.148231066722996729e+01	9.061628526344553336e+01
3.343343343343343488e-01	-1.422272738131778453e+02	1.413459555010680333e+02
3.353353353353353272e-01	-3.121569643240892589e+01	3.031995670872366944e+01
3.363363363363363057e-01	-1.121686180175261427e+02	1.112593426397122585e+02
3.373373373373373396e-01	-3.754149428718130821e+01	3.661958239749608168e+01
3.383383383383383181e-01	-7.702461779564336553e+01	7.609098103203251640e+01
3.393393393393393520e-01	2.301942227173445765e+00	-3.246380632554274559e+00
3.403403403403403304e-01	-1.863482015147060977e+01	1.768051401774186004e+01
3.413413413413413644e-01	-7.110162718518988356e+01	7.013839699429597374e+01
3.423423423423423428e-01	-7.939895945588173731e+01	7.842775770361136267e+01
3.433433433433433213e-01	-9.746827834642043342e+01	9.649006541128721892e+01
3.443443443443443552e-01	-7.113941931805567265e+01	7.015516251162230787e+01
3.453453453453453337e-01	-6.593155663576732195e+01	6.494222924611382552e+01
3.463463463463463676e-01	-6.906382395015570808e+01	6.807040427943789496e+01
3.473473473473473461e-01	-5.123689985390170420e+01	5.024037025095136499e+01
3.483483483483483245e-01	-3.713721486786588599e+01	3.613856075678943114e+01
3.493493493493493585e-01	-4.529206209551048090e+01	4.429227100124655436e+01
3.503503503503503369e-01	-8.327040710182490102e+01	8.227046767362460855e+01
3.513513513513513709e-01	-1.059247367580995700e+02	1.049256377918948857e+02
3.523523523523523493e-01	-9.442136908889482427e+00	8.444866369516649485e+00
3.533533533533533277e-01	-7.958380820737568229e+01	7.858935225162041149e+01
3.543543543543543617e-01	-7.762659837445923472e+01	7.663594037588980257e+01
3.553553553553553401e-01	-7.247049259976429880e+01	7.148461217631690090e+01
3.563563563563563741e-01	-1.172246823550830612e+02	1.162445544003608831e+02
3.573573573573573525e-01	-6.967679313727761325e+01	6.870338685652160393e+01
3.583583583583583310e-01	-6.936707853268610791e+01	6.840135648437075133e+01
3.593593593593593649e-01	-3.181683391295426944e+01	3.085975105695600007e+01
3.603603603603603434e-01	-2.849681834085457055e+01	2.754932109413413954e+01
3.613613613613613773e-01	-5.200549398841236837e+01	5.106851928914493044e+01
3.623623623623623557e-01	-1.953269117145460143e+01	1.860716555253292270e+01
3.633633633633633342e-01	-3.923656909044920837e+01	3.832340776327622223e+01
3.643643643643643681e-01	-5.018194371191827940e+01	4.928204966139496435e+01
3.653653653653653466e-01	-4.300811055471951505e+01	4.212237364632298409e+01
3.663663663663663805e-01	-5.416151506052352715e+01	5.329081116035840182e+01
3.673673673673673590e-01	-6.022592007834924743e+01	5.937111018704231924e+01
3.683683683683683929e-01	-5.503247092278246555e+01	5.419440032407723606e+01
3.693693693693693714e-01	-8.328135591912177915e+01	8.246085334401469424e+01
3.703703703703703498e-01	-3.397928542152924081e+01	3.317716222877419341e+01
3.713713713713713838e-01	-7.631423343668227233e+01	7.553128281047381165e+01
3.723723723723723622e-01	-1.232669382044572792e+01	1.156368998607420018e+01
3.733733733733733962e-01	-4.826244518441123432e+01	4.752014264266562549e+01
3.743743743743743746e-01	-3.662578993995068544e+01	3.590492272102609661e+01
3.753753753753753530e-01	-2.030324553025097956e+01	1.960452646789861220e+01
3.763763763763763870e-01	-1.422773991812929140e+01	1.355185994476661193e+01
3.773773773773773654e-01	-8.805344938802466004e+01	8.740107685150286443e+01
3.783783783783783994e-01	-3.994725486743608656e+01	3.931903487014044174e+01
3.793793793793793778e-01	-1.496227628272883692e+00	8.927813892094574877e-01
3.803803803803803563e-01	-8.810328934187849370e+01	8.752521358237812876e+01
3.813813813813813902e-01	-1.552854834241625426e+01	1.497641469606318410e+01
3.823823823823823687e-01	-1.041684192892487886e+02	1.036427737366174711e+02
3.833833833833834026e-01	-6.016803247082161477e+01	5.966939479958062265e+01
3.843843843843843811e-01	-2.200424962486914637e+01	2.153311291578612696e+01
3.853853853853853595e-01	-7.795304401104951353e+01	7.750987415040538053e+01
3.863863863863863934e-01	-5.303973491460271816e+01	5.262497013349731390e+01
3.873873873873873719e-01	-6.748900692354827413e+01	6.710305736455293868e+01
3.883883883883884058e-01	4.096786853884570689e+01	-4.132462122725993936e+01
3.893893893893893843e-01	-8.163231524170150522e+00	7.836028483312378334e+00
3.903903903903903627e-01	7.366678441075472428e+00	-7.664008277742645703e+00
3.913913913913913967e-01	-1.790717091283049101e+01	1.764000829669597081e+01
3.923923923923923751e-01	-2.058764184429450594e+01	2.035091063400282607e+01
3.933933933933934091e-01	-6.179767569599749777e+01	6.159160998458580849e+01
3.943943943943943875e-01	-1.473122012436647843e+01	1.455602368111460798e+01
3.953953953953953659e-01	-2.877620589018514963e+01	2.863205195911719159e+01
3.963963963963963999e-01	2.821615758995248413e+01	-2.832912646138155921e+01
3.973973973973973783e-01	3.973422245190838709e+01	-3.981589455377159226e+01
3.983983983983984123e-01	5.240451436893465598e+01	-5.245480893929802590e+01
3.993993993993993907e-01	3.304591618160250022e+01	-3.306478348638696474e+01
4.004004004004003692e-01	-1.463148180072570881e+01	1.464406041856444851e+01
4.014014014014014031e-01	-3.015267103823020634e+01	3.019668314025258837e+01
4.024024024024023816e-01	3.574769932880646905e+01	-3.567229726422407055e+01
4.034034034034034155e-01	2.339431145485292873e+01	-2.328759398948157155e+01
4.044044044044043940e-01	-4.708721626119943693e+01	4.722514359917209248e+01
4.054054054054054279e-01	2.712198112775149283e+01	-2.695298030742964457e+01
4.064064064064064064e-01	4.457798680003162417e+01	-4.437807961480682195e+01
4.074074074074073848e-01	1.995273047886318096e+01	-1.972211460812074080e+01
4.084084084084084187e-01	1.316974274893329167e+01	-1.290864623852120197e+01
4.094094094094093972e-01	-6.256356571038878656e+00	6.547675534314425505e+00
4.104104104104104311e-01	-2.649197414487212043e+01	2.681322748855626514e+01
4.114114114114114096e-01	5.188641885301787227e+01	-5.153554880216654510e+01
4.124124124124123880e-01	1.526117061190256230e+01	-1.488103081377896686e+01
4.134134134134134220e-01	1.991331362171255748e+01	-1.950427997977181249e+01
4.144144144144144004e-01	8.863272437915937019e+01	-8.819520136870247029e+01
4.154154154154154344e-01	5.424094249757345665e+01	-5.377536276577949792e+01
4.164164164164164128e-01	4.490783134003667243e+01	-4.441465527813719660e+01
4.174174174174173912e-01	3.847466138320480411e+01	-3.795437667122322267e+01
4.184184184184184252e-01	8.653005384666707300e+01	-8.598317497117344033e+01
4.194194194194194036e-01	9.436601467342366334e+01	-9.379308241878165120e+01
4.204204204204204376e-01	6.828301323755938768e+01	-6.768459415116845435e+01
4.214214214214214160e-01	5.779046333048960804e+01	-5.716714916255138945e+01
4.224224224224223945e-01	-3.196709164252845525e+01	3.261468452416584540e+01
4.234234234234234284e-01	4.572028356307377805e+01	-4.504905234373287470e+01
4.244244244244244069e-01	3.847738607580988202e+01	-3.778318026966915966e+01
4.254254254254254408e-01	4.720494589638554572e+01	-4.648845197290276587e+01
4.264264264264264193e-01	7.700920840539768619e+01	-7.627113487376534806e+01
4.274274274274273977e-01	-4.740162510275293783e+01	4.816054839422102418e+01
4.284284284284284317e-01	2.833052165990416071e+01	-2.755149907432067025e+01
4.294294294294294101e-01	5.766465831379400697e+01	-5.686630677511960386e+01
4.304304304304304440e-01	3.353915987159044221e+01	-3.272226883439753919e+01
4.314314314314314225e-01	2.380234568732146894e+00	-1.545611820484329657e+00
4.324324324324324564e-01	8.146278890974092235e+01	-8.061125977200761383e+01
4.334334334334334349e-01	6.184179588909654512e+01	-6.097420240142894698e+01
4.344344344344344133e-01	1.982638335352469738e+01	-1.894358344080007939e+01
4.354354354354354473e-01	6.422839226236888521e+01	-6.333125888642657486e+01
4.364364364364364257e-01	8.223521434252234030e+01	-8.132463463893030564e+01
4.374374374374374597e-01	5.473790249634630811e+01	-5.381477689715199375e+01
4.384384384384384381e-01	8.229470744301981711e+01	-8.135994878635266048e+01
4.394394394394394165e-01	5.836719409404570058e+01	-5.742172672145184009e+01
4.404404404404404505e-01	4.279567944988988160e+01	-4.184043829229159428e+01
4.414414414414414289e-01	1.731409588754803153e+01	-1.635002554073188108e+01
4.424424424424424629e-01	5.449863711972417946e+01	-5.352669091027194526e+01
4.434434434434434413e-01	6.466530941549764577e+01	-6.368644845808378108e+01
4.444444444444444198e-01	8.841833257498262810e+01	-8.743352482197042264e+01
4.454454454454454537e-01	5.480159198430188638e+01	-5.381181126857810426e+01
4.464464464464464322e-01	7.453593583229664432e+01	-7.354216090429122232e+01
4.474474474474474661e-01	2.551102350182541656e+01	-2.451423706166838201e+01
4.484484484484484446e-01	3.193889756818019876e+01	-3.094008529395292939e+01
4.494494494494494230e-01	5.489513582251586143e+01	-5.389528539555755771e+01
4.504504504504504570e-01	2.263718730729106454e+01	-2.163728743552431411e+01
4.514514514514514354e-01	8.675416412378622510e+01	-8.575520356402739708e+01
4.524524524524524693e-01	7.344988949391681388e+01	-7.245285607413812556e+01
4.534534534534534478e-01	6.659579241299780961e+01	-6.560167205550787628e+01
4.544544544544544262e-01	6.823801566196691226e+01	-6.724779140847572023e+01
4.554554554554554602e-01	1.248589973516602782e+02	-1.238736483911926598e+02
4.564564564564564386e-01	3.872291109218487293e+01	-3.774341179280375513e+01
4.574574574574574726e-01	-2.047269039389335887e+01	2.144537144859651789e+01
4.584584584584584510e-01	6.128709856942285228e+01	-6.032219760072810999e+01
4.594594594594594295e-01	5.183086320011334891e+01	-5.087469646537410028e+01
4.604604604604604634e-01	3.531647626708844712e+01	-3.436998927735359644e+01
4.614614614614614418e-01	1.918877587928103168e+01	-1.825290457372721775e+01
4.624624624624624758e-01	3.700086320648954796e+01	-3.607653302691223729e+01
4.634634634634634542e-01	5.757176849695693477e+01	-5.665989347264189746e+01
4.644644644644644327e-01	3.334501009227277990e+01	-3.244649193615290983e+01
4.654654654654654666e-01	1.316455903686077988e+02	-1.307613175855990164e+02
4.664664664664664451e-01	1.491646896083754115e+01	-1.404731596923554093e+01
4.674674674674674790e-01	1.978932022478230124e+01	-1.893614649158890728e+01
4.684684684684684575e-01	-3.195358515486941897e+01	3.278993596383519815e+01
4.694694694694694914e-01	5.416943709184803879e+01	-5.335073623748220939e+01
4.704704704704704699e-01	-2.429713381843843578e+01	2.509737514109246703e+01
4.714714714714714483e-01	2.537957289731859589e+01	-2.459858242967267827e+01
4.724724724724724823e-01	3.298926620142882626e+01	-3.222829887576715890e+01
4.734734734734734607e-01	1.678566418801286275e+01	-1.604547249131091746e+01
4.744744744744744946e-01	9.893242440728349152e+01	-9.821374028241496035e+01
4.754754754754754731e-01	7.149824351478467577e+01	-7.080177763673545144e+01
4.764764764764764515e-01	8.107900681795123887e+01	-8.040544789106436951e+01
4.774774774774774855e-01	4.478602339250686626e+00	-3.828616416197039740e+00
4.784784784784784639e-01	7.173081988740092640e+01	-7.110504971054912460e+01
4.794794794794794979e-01	4.848022403748078801e+01	-4.787928840331766622e+01
4.804804804804804763e-01	5.668751152775570290e+01	-5.611200467498581190e+01
4.814814814814814548e-01	6.357744484777734328e+01	-6.302793586970653905e+01
4.824824824824824887e-01	-4.798674194651242786e+00	5.321641912867045576e+00
4.834834834834834671e-01	1.034851162669298752e+01	-9.852602308008597376e+00
4.844844844844845011e-01	5.258997088009311938e+01	-5.212161034376045876e+01
4.854854854854854795e-01	-6.915138090660163073e+01	6.959172951953624420e+01
4.864864864864864580e-01	7.146039302466363097e+01	-7.104849177641963820e+01
4.874874874874874919e-01	3.657550655987603250e+01	-3.619245998727286207e+01
4.884884884884884704e-01	1.437608330169719473e+01	-1.402227018257085511e+01
4.894894894894895043e-01	2.157887467091269329e+01	-2.125464487542832259e+01
4.904904904904904828e-01	-2.217066752923867412e+01	2.246499338455795680e+01
4.914914914914914612e-01	-7.760380252008096669e-01	1.040168894517417897e+00
4.924924924924924952e-01	4.668470822558288802e+01	-4.645103352961863408e+01
4.934934934934934736e-01	5.076573435058903527e+01	-5.056274689856227411e+01
4.944944944944945076e-01	9.627903896986447307e+01	-9.610693948710030554e+01
4.954954954954954860e-01	-9.820621712735608799e-01	1.123103503198481068e+00
4.964964964964965199e-01	-2.279054824858389594e+01	2.290039196012639522e+01
4.974974974974974984e-01	-1.958007729900688076e+01	1.965861477057255158e+01
4.984984984984984768e-01	-3.857001304490778892e+01	3.861716661426009978e+01
4.994994994994995108e-01	-7.674782468569611993e+00	7.690505507626652637e+00
5.005005005005005447e-01	6.474736699509448634e+00	-6.490459738566490167e+00
5.015015015015015232e-01	-9.266219055670013915e+00	9.219065486317708391e+00
5.025025025025025016e-01	2.720690253376899292e+01	-2.728544000533466019e+01
5.035035035035034801e-01	-1.983439513684990629e+01	1.972455142530740702e+01
5.045045045045044585e-01	-2.526394511743464122e+01	2.512290378550972392e+01
5.055055055055055480e-01	-3.468582344538646112e+01	3.451372396262229358e+01
5.065065065065065264e-01	-7.178798039299722689e+01	7.158499294097046572e+01
5.075075075075075048e-01	-7.111764128168987042e+01	7.088396658572561648e+01
5.085085085085084833e-01	-5.930851749068076373e+01	5.904438662136416127e+01
5.095095095095094617e-01	2.393286724877275518e+01	-2.422719310409203786e+01
5.105105105105105512e-01	7.447955667746694708e+00	-7.772185463231067182e+00
5.115115115115115296e-01	2.228595314904440627e+01	-2.263976626817074589e+01
5.125125125125125081e-01	-7.165935932302738820e+01	7.127631275042422487e+01
5.135135135135134865e-01	-9.458396754297089615e+01	9.417206629472690338e+01
5.145145145145144649e-01	-5.107011667759780948e+01	5.062976806466318891e+01
5.155155155155155544e-01	-2.425649737939778916e+01	2.378813684306512855e+01
5.165165165165165329e-01	-1.490834668204682067e+01	1.441243736336243231e+01
5.175175175175175113e-01	2.460593738851193368e+00	-2.983561457066993938e+00
5.185185185185184897e-01	-2.490609044305181641e+01	2.435658146498101218e+01
5.195195195195194682e-01	2.392324558795870360e+01	-2.449875244072859104e+01
5.205205205205205576e-01	-4.478185189884372619e+01	4.418091626468060440e+01
5.215215215215215361e-01	-6.972467884684752448e+01	6.909890866999572268e+01
5.225225225225225145e-01	-9.706522803754438655e+01	9.641524211449073789e+01
5.235235235235234930e-01	-7.120085342668075157e+01	7.052729449979388221e+01
5.245245245245244714e-01	-3.372394250283329598e+01	3.302747662478407875e+01
5.255255255255255609e-01	-7.334958129157389806e+01	7.263089716670535267e+01
5.265265265265265393e-01	-1.214464202969447193e+01	1.140445033299253019e+01
5.275275275275275177e-01	2.996934212048213642e+00	-3.757901537709881445e+00
5.285285285285284962e-01	-1.271658479228367753e+02	1.263848574551908541e+02
5.295295295295294746e-01	-1.761411274956916273e+01	1.681387142691513148e+01
5.305305305305305641e-01	-1.245549308551858161e+02	1.237362300008199867e+02
5.315315315315315425e-01	-3.542652339861943744e+01	3.459017258965366182e+01
5.325325325325325210e-01	-8.742330285386961108e+00	7.889156552193568039e+00
5.335335335335334994e-01	-4.961994293789430799e+01	4.875078994629230777e+01
5.345345345345344779e-01	-9.583007937353890782e+01	9.494580659053012539e+01
5.355355355355355673e-01	-7.237061296932915866e+01	7.147209481320929569e+01
5.365365365365365458e-01	-6.151931210018731377e+01	6.060743707587227647e+01
5.375375375375375242e-01	-5.968235758736646801e+01	5.875802740778915734e+01
5.385385385385385026e-01	-6.137383039285219866e+01	6.043795908729838828e+01
5.395395395395394811e-01	-5.881413847528816774e+01	5.786765148555331706e+01
5.405405405405405705e-01	-4.817507173564080603e+01	4.721890500090155740e+01
5.415415415415415490e-01	-9.689753461558464664e+01	9.593263364688991146e+01
5.425425425425425274e-01	-6.378287412255665600e+01	6.281019306785349698e+01
5.435435435435435059e-01	-4.004488913780240189e+00	3.024989614399124171e+00
5.445445445445444843e-01	-6.893548495105667939e+01	6.795013599058906095e+01
5.455455455455455738e-01	-7.108236356170171177e+01	7.009213930821051974e+01
5.465465465465465522e-01	-1.949389659588667811e+01	1.849977623839673768e+01
5.475475475475475307e-01	-1.440459961726537585e+02	1.430489627528750702e+02
5.485485485485485091e-01	-1.632244060296682164e+01	1.532348004320799362e+01
5.495495495495495986e-01	-7.821545304838205936e+01	7.721555317661531603e+01
5.505505505505505770e-01	-5.107997567780235926e+01	5.008012525084405553e+01
5.515515515515515554e-01	-5.302739860346198952e+01	5.202858632923472015e+01
5.525525525525525339e-01	-2.367648544112658016e+01	2.267969900096954561e+01
5.535535535535535123e-01	-6.538154807413616254e+01	6.438777314613074054e+01
5.545545545545546018e-01	-7.876434907628055271e+01	7.777456836055677059e+01
5.555555555555555802e-01	-1.148137570440435340e+01	1.049656795139214616e+01
5.565565565565565587e-01	-1.359373333191512643e+02	1.349584723617373925e+02
5.575575575575575371e-01	-5.345487682612799318e+01	5.248293061667575898e+01
5.585585585585585155e-01	-9.950530154793679571e+01	9.854123120112063816e+01
5.595595595595596050e-01	-7.896941649011900211e+01	7.801417533252072189e+01
5.605605605605605835e-01	1.613933836019850077e+01	-1.708480573279236481e+01
5.615615615615615619e-01	-5.365474152764187465e+01	5.271998287097472513e+01
5.625625625625625403e-01	-4.477954381347507251e+01	4.385641821428075815e+01
5.635635635635635188e-01	-1.114040545296681302e+02	1.104934748260760955e+02
5.645645645645646082e-01	-7.439757390813133497e+01	7.350044053218901752e+01
5.655655655655655867e-01	-4.179237110253812659e+01	4.090957118981350504e+01
5.665665665665665651e-01	-3.577420112548643516e+01	3.490660763781882991e+01
5.675675675675675436e-01	-2.597713449891314852e+01	2.512560536117983645e+01
5.685685685685685220e-01	-4.544236695135909798e+01	4.460774420311128097e+01
5.695695695695696115e-01	-2.679415297880648694e+01	2.597726194161358393e+01
5.705705705705705899e-01	-2.835927897184583557e+01	2.756092743317142890e+01
5.715715715715715683e-01	-1.048527573443310246e+02	1.040737347587475341e+02
5.725725725725725468e-01	-4.030900152117528989e+01	3.955007822970720355e+01
5.735735735735735252e-01	-1.390755500879318873e+01	1.316948147716084883e+01
5.745745745745746147e-01	-1.894279010340318337e+01	1.822629617992039996e+01
5.755755755755755931e-01	-5.018027102851100096e+01	4.948606522237027860e+01
5.765765765765765716e-01	-6.381006275445879083e+01	6.313883153511788748e+01
5.775775775775775500e-01	-7.277352091560540259e+01	7.212592803396800889e+01
5.785785785785785285e-01	-3.760485002171774482e+01	3.698153585377952624e+01
5.795795795795796179e-01	6.840838067119461741e+00	-7.439257153510387965e+00
5.805805805805805964e-01	-9.670903707813822336e+01	9.613610482349619701e+01
5.815815815815815748e-01	-5.139483134193346814e+01	5.084795246643984257e+01
5.825825825825825532e-01	-6.612975222391860086e+01	6.560946751193702653e+01
5.835835835835835317e-01	9.651749076161950658e-01	-1.458350969515671558e+00
5.845845845845846211e-01	-4.329966053707825324e+01	4.283408080528429451e+01
5.855855855855855996e-01	-3.836609305379180768e+01	3.792857004333490067e+01
5.865865865865865780e-01	-2.800014438543984951e+01	2.759111074349910453e+01
5.875875875875875565e-01	-3.637346451660994351e+00	3.257206653537396690e+00
5.885885885885885349e-01	-3.083035637338835144e+01	3.047948632253701717e+01
5.895895895895896244e-01	-1.197270905784816364e+02	1.194058372347974881e+02
5.905905905905906028e-01	4.739981561984492053e+00	-5.031300525260038015e+00
5.915915915915915813e-01	3.040734403838125210e+00	-3.301830914250213578e+00
5.925925925925925597e-01	-1.751345026691519635e+01	1.728283439617275619e+01
5.935935935935935381e-01	-4.515947205960259936e+01	4.495956487437779003e+01
5.945945945945946276e-01	5.845386718897717770e+00	-6.014387539219567813e+00
5.955955955955956060e-01	8.745361201548874419e+00	-8.883288539521526417e+00
5.965965965965965845e-01	-1.864253888692731209e+01	1.853582142155595136e+01
5.975975975975975629e-01	-8.057404204570712380e+00	7.982002139988308542e+00
5.985985985985985414e-01	-3.035986464446811439e+01	3.031585254244572880e+01
5.995995995995996308e-01	-2.650331211375605900e+00	2.637752593536866641e+00
6.006006006006006093e-01	-4.759840767869792444e+01	4.761727498348238896e+01
6.016016016016015877e-01	2.145776593477058114e+01	-2.140747136440721476e+01
6.026026026026025662e-01	-2.325154816997711293e+01	2.333322027184031811e+01
6.036036036036035446e-01	1.909696586759695336e+01	-1.898399699616788538e+01
6.046046046046046341e-01	-3.493042903289982348e+01	3.507458296396778508e+01
6.056056056056056125e-01	-5.363018171562145220e+00	5.538214614814013892e+00
6.066066066066065909e-01	1.289597561149011007e+01	-1.268990990007841901e+01
6.076076076076075694e-01	-3.827449432247893668e+01	3.851122553277061655e+01
6.086086086086086588e-01	2.448539685759539353e+01	-2.421823424146087333e+01
6.096096096096096373e-01	9.440003854009505702e+00	-9.142674017342331538e+00
6.106106106106106157e-01	-3.528155437322907773e+01	3.560875741408685258e+01
6.116116116116115942e-01	-1.835834282707043030e+01	1.871509551548465922e+01
6.126126126126125726e-01	4.883079212941949265e+01	-4.844484257042416431e+01
6.136136136136136621e-01	6.050113539123933748e+01	-6.008637061013392611e+01
6.146146146146146405e-01	2.664385886893653677e+01	-2.620068900829241088e+01
6.156156156156156189e-01	4.677844076539463458e+01	-4.630730405631161517e+01
6.166166166166165974e-01	4.227362828252632454e+01	-4.177499061128533242e+01
6.176176176176175758e-01	4.740440826316608280e+01	-4.687876271053476529e+01
6.186186186186186653e-01	8.128796731217305194e+01	-8.073583366581998177e+01
6.196196196196196437e-01	-1.272792249397981479e+01	1.330599825348018506e+01
6.206206206206206222e-01	6.355070985583236620e+01	-6.294726361676894300e+01
6.216216216216216006e-01	2.852650776848680536e+01	-2.789828777119116410e+01
6.226226226226225791e-01	3.522398359066469453e+01	-3.457161105414290603e+01
6.236236236236236685e-01	3.361413540440216252e+01	-3.293825543103947950e+01
6.246246246246246470e-01	3.231096251368606431e+01	-3.161224345133369695e+01
6.256256256256256254e-01	4.132281723703402854e+00	-3.411414504778818912e+00
6.266266266266266038e-01	5.365461972206060892e+01	-5.291231718031500009e+01
6.276276276276275823e-01	1.049121086150572069e+02	-1.041491047806856756e+02
6.286286286286286717e-01	4.637327426923160800e+01	-4.559032364302314733e+01
6.296296296296296502e-01	4.861286857023572594e+01	-4.781074537748068565e+01
6.306306306306306286e-01	2.580027647755688847e+01	-2.497977390244980356e+01
6.316316316316316071e-01	4.606966753379949608e+01	-4.523159693509426660e+01
6.326326326326325855e-01	6.601232392279871419e+01	-6.515751403149178600e+01
6.336336336336336750e-01	3.789988422288092806e+01	-3.702918032271580273e+01
6.346346346346346534e-01	3.555071035419077674e+01	-3.466497344579424578e+01
6.356356356356356319e-01	6.468933230614109675e+01	-6.378943825561778169e+01
6.366366366366366103e-01	1.950189938392314559e+01	-1.858873805675016300e+01
6.376376376376375887e-01	6.017129937856697097e+01	-5.924577375964529580e+01
6.386386386386386782e-01	7.986116311949871260e+01	-7.892418842023127468e+01
6.396396396396396566e-01	9.790477104825623655e+01	-9.695727380153580555e+01
6.406406406406406351e-01	4.828486003930670734e+01	-4.732777718330843442e+01
6.416416416416416135e-01	9.795139365363181128e+01	-9.698567160531645470e+01
6.426426426426425920e-01	8.612313131323452353e+01	-8.514972503247852842e+01
6.436436436436436814e-01	1.721701219488905465e+01	-1.623688424016687648e+01
6.446446446446446599e-01	9.537512674993640971e+00	-8.551632251546244845e+00
6.456456456456456383e-01	4.123406951353523908e+01	-4.024341151496580693e+01
6.466466466466466168e-01	8.631718310765494095e+01	-8.532272715189967016e+01
6.476476476476475952e-01	4.821998779443456584e+01	-4.722271725506173112e+01
6.486486486486486847e-01	2.998916690679104136e+01	-2.899006794058636061e+01
6.496496496496496631e-01	1.028278610403219346e+02	-1.018279216121216422e+02
6.506506506506506415e-01	5.841348125572405792e+01	-5.741369016146013138e+01
6.516516516516516200e-01	-3.038711501297281004e+01	3.138576912404926489e+01
6.526526526526525984e-01	6.032742970895755263e+01	-5.933090010600721342e+01
6.536536536536536879e-01	6.659727375793403326e+01	-6.560385408721622014e+01
6.546546546546546663e-01	5.590182447039893532e+01	-5.491249708074543889e+01
6.556556556556556448e-01	6.259147401861127946e+01	-6.160721721217790758e+01
6.566566566566566232e-01	4.425545757340493225e+01	-4.327724463827172485e+01
6.576576576576576016e-01	1.462251306769067893e+00	-4.910495544986906991e-01
6.586586586586586911e-01	3.334009232064780548e+01	-3.237686212975389566e+01
6.596596596596596696e-01	1.313576296425007683e+01	-1.218145683052132888e+01
6.606606606606606480e-01	1.340018341927713230e+01	-1.245574501389630306e+01
6.616616616616616264e-01	1.448918030985911543e+00	-5.152812673750644112e-01
6.626626626626626049e-01	5.939852421383594816e+01	-5.847661232415072163e+01
6.636636636636636943e-01	4.666613704826388442e+01	-4.575686167044999308e+01
6.646646646646646728e-01	2.777496933735847762e+01	-2.687922961367322117e+01
6.656656656656656512e-01	2.016907040095316717e+01	-1.928775208884335868e+01
6.666666666666666297e-01	4.122775203455104531e+01	-4.036172663076660427e+01
6.676676676676676081e-01	7.800596779068222020e+01	-7.715609166949153064e+01
6.686686686686686976e-01	-2.837967114806628643e+01	2.921255758170705974e+01
6.696696696696696760e-01	5.154541786191752806e+01	-5.073034472043126897e+01
6.706706706706706544e-01	1.888006829623781613e+01	-1.808361443673288704e+01
6.716716716716716329e-01	-2.700022814324877274e+01	2.777727514273106380e+01
6.726726726726726113e-01	-2.951703755192546197e+01	3.027390930393045565e+01
6.736736736736737008e-01	4.813458669147182789e+00	-4.077510601663079548e+00
6.746746746746746792e-01	4.293359469359031522e+01	-4.221929805716329298e+01
6.756756756756756577e-01	4.755668693533582569e+01	-4.686474806635827406e+01
6.766766766766766361e-01	5.018887105175950936e-04	6.683949850338223309e-01
6.776776776776777256e-01	6.545123300112209108e+01	-6.480603956518339714e+01
6.786786786786787040e-01	7.763510332865452312e+01	-7.701425133381127353e+01
6.796796796796796825e-01	4.095753525848271437e+01	-4.036163863784881300e+01
6.806806806806806609e-01	6.104543581549116027e+00	-5.534191590971212271e+00
6.816816816816816393e-01	6.301926704847150518e+01	-6.247502368383992177e+01
6.826826826826827288e-01	4.805926234081181292e+01	-4.754166578034993762e+01
6.836836836836837072e-01	4.991679001424936502e+01	-4.942635208633294752e+01
6.846846846846846857e-01	-3.951527928342916773e+00	4.414322251310217382e+00
6.856856856856856641e-01	-7.937403084358673766e+01	7.980872392474113042e+01
6.866866866866866426e-01	8.750677730547785416e+01	-8.710061531492337394e+01
6.876876876876877320e-01	-4.101647223537089815e+01	4.139370149967366785e+01
6.886886886886887105e-01	1.149854819313326715e+01	-1.115062468043898214e+01
6.896896896896896889e-01	9.164547286506919477e+01	-9.132719915017688095e+01
6.906906906906906674e-01	1.937179965513858804e+01	-1.908349046486636524e+01
6.916916916916916458e-01	3.861070325246329560e+01	-3.835264368303444371e+01
6.926926926926927353e-01	-4.598657290691057398e+01	4.621412767178665604e+01
6.936936936936937137e-01	-5.710626294540485759e+01	5.730308788687256083e+01
6.946946946946946921e-01	-1.563535234449864220e+01	1.580125283106735523e+01
6.956956956956956706e-01	3.777383150490907582e+01	-3.763901952490249414e+01
6.966966966966966490e-01	-1.372115080596953263e+01	1.382474096980177336e+01
6.976976976976977385e-01	-3.115569313247246797e+01	3.122795904439305659e+01
6.986986986986987169e-01	8.421767421615020677e-01	-8.013065427207887170e-01
6.996996996996996954e-01	2.922146202853589614e+01	-2.921202795630999915e+01
7.007007007007006738e-01	-5.824965128712385365e+01	5.822763990319762684e+01
7.017017017017016522e-01	-5.166669167714559308e+01	5.161325660315253572e+01
7.027027027027027417e-01	-3.801868635443116062e+01	3.793388042995565002e+01
7.037037037037037202e-01	2.515188655610550583e+01	-2.526797947023073831e+01
7.047047047047046986e-01	-5.797397871994924401e+00	5.650132767374783427e+00
7.057057057057056770e-01	5.663549642825065433e+01	-5.681378809940862595e+01
7.067067067067066555e-01	1.420944266609576978e+01	-1.441858459903333411e+01
7.077077077077077449e-01	-2.026583143062916292e+01	2.002604604713142677e+01
7.087087087087087234e-01	2.269147816277109797e+01	-2.296166988365488137e+01
7.097097097097097018e-01	-1.523483249534139183e+01	1.493450161772964258e+01
7.107107107107106803e-01	-4.895105597384037566e+01	4.862088292343953810e+01
7.117117117117116587e-01	-2.274237040375108432e+00	1.914548310730576075e+00
7.127127127127127482e-01	-5.121663099174847389e+01	5.082778226315708281e+01
7.137137137137137266e-01	-3.854159809298110417e+01	3.812397388077463489e+01
7.147147147147147050e-01	1.605645788214217973e+01	-1.650244460782725398e+01
7.157157157157156835e-01	-3.406422926664625805e+01	3.359032104405581975e+01
7.167167167167166619e-01	-5.867946498624897345e+01	5.817810389366137258e+01
7.177177177177177514e-01	-4.871725942829429812e+01	4.818894123954824238e+01
7.187187187187187298e-01	-9.775513967250197556e-02	-4.569977147116151550e-01
7.197197197197197083e-01	-5.524219052515213946e+01	5.466155157572353573e+01
7.207207207207206867e-01	-5.008953466128230758e+01	4.948358378501875876e+01
7.217217217217216652e-01	-5.535091482920770289e+01	5.472025122416514620e+01
7.227227227227227546e-01	-3.300313000968522914e+01	3.234837731124549265e+01
7.237237237237237331e-01	-5.331275369584130175e+01	5.263455936002663549e+01
7.247247247247247115e-01	-9.491186443637101888e+01	9.421089909960342368e+01
7.257257257257256899e-01	-7.157572169924435457e+01	7.085267851518284488e+01
7.267267267267266684e-01	-7.415589841030798368e+01	7.341149236441955850e+01
7.277277277277277578e-01	-1.219356556024729699e+00	4.543237585668393752e-01
7.287287287287287363e-01	-1.668985399858142316e+01	1.590495095669501957e+01
7.297297297297297147e-01	-2.533806307212836018e+01	2.453406594176142264e+01
7.307307307307306932e-01	-6.246245443831496402e+01	6.164015825671615545e+01
7.317317317317316716e-01	-7.308097321187237583e+01	7.224119111141384053e+01
7.327327327327327611e-01	-6.295917672524613806e+01	6.210273912935279128e+01
7.337337337337337395e-01	-8.128025281381373190e+01	8.040800661579424968e+01
7.347347347347347180e-01	3.895133896290506215e+01	-3.983853123731366708e+01
7.357357357357356964e-01	-1.235616764100288094e+02	1.226604153644828585e+02
7.367367367367367859e-01	-2.763299504048329780e+01	2.671855644103813177e+01
7.377377377377377643e-01	-9.119804090373756367e+01	9.027132899833227953e+01
7.387387387387387427e-01	-5.116799784432722475e+01	5.022992901743106131e+01
7.397397397397397212e-01	-8.084915200191747431e+01	7.990065386835767924e+01
7.407407407407406996e-01	-8.719490463513417922e+01	8.623691512281868654e+01
7.417417417417417891e-01	-8.601350366874406461e+01	8.504697009118602580e+01
7.427427427427427675e-01	1.218657535319737839e+01	-1.316069723363611388e+01
7.437437437437437460e-01	-5.220014992196288262e+01	5.121940300474284413e+01
7.447447447447447244e-01	-7.391136925809703939e+01	7.292496712140132331e+01
7.457457457457457028e-01	-2.904662074591234244e+01	2.805553879924332250e+01
7.467467467467467923e-01	-4.795783432395215584e+01	4.696305260446956709e+01
7.477477477477477708e-01	-2.381613482087940170e+01	2.281863702428490370e+01
7.487487487487487492e-01	-1.104125423530003758e+02	1.094133148608042916e+02
7.497497497497497276e-01	-3.829010659810206363e+01	3.729013750223431600e+01
7.507507507507507061e-01	-2.274429668743407262e+01	2.174457481316368401e+01
7.517517517517517955e-01	-1.057646513302965872e+02	1.047661652584260707e+02
7.527527527527527740e-01	-3.337397061250119634e+01	3.237770770180264179e+01
7.537537537537537524e-01	9.229644375707405146e+00	-1.022269896484777263e+01
7.547547547547547309e-01	-4.870490788483107281e+01	4.771604360506763953e+01
7.557557557557557093e-01	-2.065312651862348403e+01	1.966943039244387492e+01
7.567567567567567988e-01	-2.616118815457307178e+01	2.518363291562538464e+01
7.577577577577577772e-01	-7.330308941967740566e+01	7.233264172915761492e+01
7.587587587587587556e-01	-4.920658285655255071e+01	4.824420234731591961e+01
7.597597597597597341e-01	-1.039048152535370662e+02	1.029514535811596403e+02
7.607607607607607125e-01	-6.885301500532224850e+01	6.790961490705066694e+01
7.617617617617618020e-01	-4.582085196636185742e+01	4.488834632888215026e+01
7.627627627627627804e-01	-3.115112902320305466e+01	3.023043996015019275e+01
7.637637637637637589e-01	-5.520727102569856726e+01	5.429930896581902289e+01
7.647647647647647373e-01	-3.214246510255063072e+01	3.124812788941960306e+01
7.657657657657657158e-01	-9.447600185016815999e+01	9.359617385435173276e+01
7.667667667667668052e-01	-6.122822630776892794e+01	6.036377755230905962e+01
7.677677677677677837e-01	-5.715288344458500802e+01	5.630466874467220606e+01
7.687687687687687621e-01	5.797403563940153326e+00	-6.628545446255847295e+00
7.697697697697697405e-01	-6.364792299575410084e+01	6.283467581053036355e+01
7.707707707707707190e-01	-7.305682576113233040e+01	7.226227745721988072e+01
7.717717717717718084e-01	-5.480948695857336617e+01	5.403442322969376477e+01
7.727727727727727869e-01	-8.641212743788024397e+01	8.565731471031944011e+01
7.737737737737737653e-01	-4.759139745642311681e+01	4.685758213114638693e+01
7.747747747747747438e-01	-6.571761611461643326e+01	6.500552382918540673e+01
7.757757757757757222e-01	-1.139360210194989946e+02	1.132463559305207355e+02
7.767767767767768117e-01	-5.365344545114843555e+01	5.298688953796606427e+01
7.777777777777777901e-01	-6.135150493596694332e+01	6.070871732628040718e+01
7.787787787787787686e-01	-1.056545060350983363e+02	1.050361223531821224e+02
7.797797797797797470e-01	-5.093404751960556354e+01	5.034067925776793828e+01
7.807807807807807254e-01	4.120345560204043522e+00	-4.688111646298752433e+00
7.817817817817818149e-01	-2.712864576158149887e+01	2.658704329003331068e+01
7.827827827827827933e-01	-2.194322137182513899e+01	2.142831808158432594e+01
7.837837837837837718e-01	-8.728373083531973009e+01	8.679603589150609366e+01
7.847847847847847502e-01	-2.288761326914496053e+01	2.242760893174634518e+01
7.857857857857857287e-01	-3.200713772766010834e+01	3.157527887464680916e+01
7.867867867867868181e-01	-1.686638588234455227e+01	1.646309955986057005e+01
7.877877877877877966e-01	-1.843626840685008617e+01	1.806195340692606521e+01
7.887887887887887750e-01	-7.769108996975903381e+01	7.734611643596444708e+01
7.897897897897897534e-01	-3.066173680527705869e+01	3.034644586670155419e+01
7.907907907907907319e-01	-5.295919319871830311e+01	5.267389663264425081e+01
7.917917917917918214e-01	-2.650988086506663066e+01	2.625486078866632056e+01
7.927927927927927998e-01	-5.349513180351243591e+01	5.327064039487486014e+01
7.937937937937937782e-01	2.440843896041138805e+01	-2.460217971164829009e+01
7.947947947947947567e-01	-4.771792016775120260e+01	4.755512165558610604e+01
7.957957957957957351e-01	-4.688470399352038243e+01	4.675300870468475978e+01
7.967967967967968246e-01	-1.114897440621000868e+01	1.104851256835783957e+01
7.977977977977978030e-01	-4.823837529533045654e+01	4.816924625073566801e+01
7.987987987987987815e-01	-2.364182959667606454e+01	2.360410170399734753e+01
7.997997997997997599e-01	-3.521042787266610219e+01	3.520413843935003229e+01
8.008008008008007383e-01	4.491556371266533887e+01	-4.489040846727596801e+01
8.018018018018018278e-01	2.628565150252331506e+01	-2.622907645333952331e+01
8.028028028028028062e-01	-1.355268165040246497e-02	1.014915900614613703e-01
8.038038038038037847e-01	-8.641472946221703921e+00	8.760688754957877578e+00
8.048048048048047631e-01	3.979991737545960007e+01	-3.964954255364566649e+01
8.058058058058058526e-01	2.369708092980403791e+01	-2.351569579393138554e+01
8.068068068068068310e-01	2.938261894071919045e+01	-2.917040285453668247e+01
8.078078078078078095e-01	1.373850400072154443e+01	-1.349566681534295576e+01
8.088088088088087879e-01	-4.089539753712301007e+01	4.116861569073147820e+01
8.098098098098097664e-01	1.541890043878745153e+01	-1.511557149031282776e+01
8.108108108108108558e-01	3.271002794229669330e+00	-2.937862999487611759e+00
8.118118118118118343e-01	4.608343485092217406e+01	-4.572081363714050894e+01
8.128128128128128127e-01	6.118150779086823121e+01	-6.078976373814783329e+01
8.138138138138137911e-01	6.401655328894635844e+00	-5.981175815625422665e+00
8.148148148148147696e-01	4.744719987330186939e+01	-4.699840069310140933e+01
8.158158158158158590e-01	9.372870115482238873e+01	-9.325202610537596115e+01
8.168168168168168375e-01	1.329612943169296102e+01	-1.279204987590163611e+01
8.178178178178178159e-01	9.660565459202059913e+01	-9.607466899189127219e+01
8.188188188188187944e-01	1.123324049334398822e+01	-1.067587391708234712e+01
8.198198198198197728e-01	4.351064992647159357e+01	-4.292745352926532121e+01
8.208208208208208623e-01	4.449115539465576319e+01	-4.388270587366154984e+01
8.218218218218218407e-01	4.716740673584066457e+01	-4.653430575991384188e+01
8.228228228228228192e-01	1.993541855882629577e+01	-1.927829217355710867e+01
8.238238238238237976e-01	3.020040488623244812e+01	-2.951990289487719821e+01
8.248248248248247760e-01	2.937234287532621124e+01	-2.866913819624553028e+01
8.258258258258258655e-01	6.500168798513080048e+01	-6.427647598637040005e+01
8.268268268268268439e-01	6.660364560489581720e+01	-6.585714341656776583e+01
8.278278278278278224e-01	1.335371267812330700e+02	-1.327700725863774665e+02
8.288288288288288008e-01	1.057546599582662736e+02	-1.049678122628946824e+02
8.298298298298297793e-01	4.225361869786925695e+01	-4.144775558091158985e+01
8.308308308308308687e-01	7.220922864122010765e+01	-7.138514698511674794e+01
8.318318318318318472e-01	9.652874644535914683e+01	-9.568726114805909333e+01
8.328328328328328256e-01	6.443223244255125337e+01	-6.357417561169556564e+01
8.338338338338338041e-01	6.226494592668589689e+01	-6.139116605677317295e+01
8.348348348348347825e-01	6.743311908180700698e+01	-6.654448021515464973e+01
8.358358358358358720e-01	9.648263024149018463e+01	-9.558001111382114345e+01
8.368368368368368504e-01	3.820466104267329399e+01	-3.728895421417312406e+01
8.378378378378378288e-01	5.683140643170441564e+01	-5.590351740440790707e+01
8.388388388388388073e-01	8.498374160030910218e+01	-8.404458792268933109e+01
8.398398398398397857e-01	8.008273553761812025e+01	-7.913324589726330771e+01
8.408408408408408752e-01	7.798686359170632443e+01	-7.702797689698167005e+01
8.418418418418418536e-01	5.756243804286450683e+01	-5.659510249446721986e+01
8.428428428428428321e-01	1.039797797184537131e+02	-1.030049518717791841e+02
8.438438438438438105e-01	1.442903659821199938e+02	-1.433090098013664431e+02
8.448448448448447889e-01	8.509463930924979991e+01	-8.410772521419663406e+01
8.458458458458458784e-01	6.464223071835517942e+01	-6.365073462475779564e+01
8.468468468468468568e-01	9.735198427625260820e+01	-9.635688663080233596e+01
8.478478478478478353e-01	5.290263447268910113e+01	-5.190491928349283768e+01
8.488488488488488137e-01	4.567440648690264027e+01	-4.467506035044065982e+01
8.498498498498497922e-01	7.250479047798189924e+01	-7.150480160350618064e+01
8.508508508508508816e-01	-1.754470222361416631e+01	1.854434499127639668e+01
8.518518518518518601e-01	3.137306640998221852e+01	-3.037475825171095067e+01
8.528528528528528385e-01	5.868551540834825886e+01	-5.768952904230915379e+01
8.538538538538538170e-01	2.373688687729277547e+01	-2.274420719040925576e+01
8.548548548548547954e-01	3.438974201257414620e+01	-3.340135062194067217e+01
8.558558558558558849e-01	5.438069121596092259e+01	-5.339756549816522124e+01
8.568568568568568633e-01	1.237647012966224125e+01	-1.139958225430074812e+01
8.578578578578578417e-01	5.427927275170488031e+01	-5.330958872004719495e+01
8.588588588588588202e-01	4.917988565630855646e+01	-4.821836434606142774e+01
8.598598598598597986e-01	6.770436566083458274e+01	-6.675195787795013302e+01
8.608608608608608881e-01	1.056278713649345065e+02	-1.046855189034001938e+02
8.618618618618618665e-01	7.104962496240024450e+01	-7.011825967294038264e+01
8.628628628628628450e-01	6.492385298720370201e+01	-6.400439585581349888e+01
8.638638638638638234e-01	6.661256468072089376e+01	-6.570592491794400303e+01
8.648648648648649129e-01	6.994530214076308994e+01	-6.905237628261352256e+01
8.658658658658658913e-01	2.612969135335562498e+01	-2.525136237477285661e+01
8.668668668668668698e-01	5.596800845490393073e+01	-5.510514489661800042e+01
8.678678678678678482e-01	6.927678974801585809e+01	-6.843024485768579268e+01
8.688688688688688266e-01	1.034170803846667575e+01	-9.512318926941592423e+00
8.698698698698699161e-01	8.580819340369222914e+01	-8.499678021722935739e+01
8.708708708708708945e-01	9.181503521908237531e+01	-9.102240032834069439e+01
8.718718718718718730e-01	3.159176337727496531e+01	-3.081869058388624794e+01
8.728728728728728514e-01	4.353640723619634656e+01	-4.278366099769839082e+01
8.738738738738738299e-01	2.019131550136918563e+01	-1.945964017526750567e+01
8.748748748748749193e-01	7.278530304391262007e+01	-7.207542215161818433e+01
8.758758758758758978e-01	1.076672617501311358e+01	-1.007934168638400507e+01
8.768768768768768762e-01	3.793446336224324966e+01	-3.727025500143763281e+01
8.778778778778778547e-01	1.442599036552020131e+01	-1.378561493884717315e+01
8.788788788788788331e-01	4.394033556339896762e+01	-4.332442630983178589e+01
8.798798798798799226e-01	-2.111621513690288054e+01	2.170704917190883876e+01
8.808808808808809010e-01	8.418736029194813852e+01	-8.362218572518274584e+01
8.818818818818818794e-01	3.712250891970525934e+00	-3.173294669610308816e+00
8.828828828828828579e-01	3.701721736170144794e+01	-3.650501243374833393e+01
8.838838838838838363e-01	2.576859268605515041e+01	-2.528364554933765973e+01
8.848848848848849258e-01	5.000679308351960728e+00	-4.543469505672883102e+00
8.858858858858859042e-01	-1.226516010711035554e+00	1.655536364773361857e+00
8.868868868868868827e-01	5.938500761312138110e+01	-5.898460094695357725e+01
8.878878878878878611e-01	7.210302568331501405e+00	-6.838905534523930463e+00
8.888888888888888395e-01	3.252941387089622793e+01	-3.218739372757055861e+01
8.898898898898899290e-01	-6.305375933049980119e+00	6.617680977281468202e+00
8.908908908908909074e-01	-3.059544991501998545e+00	3.341826111975970459e+00
8.918918918918918859e-01	3.326721019810147340e+01	-3.301523213671634949e+01
8.928928928928928643e-01	4.687229429426870553e+01	-4.665086846194714099e+01
8.938938938938938428e-01	6.806512507530378286e+00	-6.615857862497312780e+00
8.948948948948949322e-01	-3.803858089253617436e+01	3.819827582032372248e+01
8.958958958958959107e-01	7.715511230899788586e+01	-7.702653501371601408e+01
8.968968968968968891e-01	-2.291772852181037123e+01	2.301506104017867571e+01
8.978978978978978676e-01	-4.852233090773763990e+01	4.858832240136426606e+01
8.988988988988988460e-01	9.118727652723312360e+01	-9.115269131442130401e+01
8.998998998998999355e-01	-1.382427623178750586e+01	1.382742096399524101e+01
9.009009009009009139e-01	-5.223277214757963094e+01	5.220447328949651222e+01
9.019019019019018923e-01	-2.765369131313953233e+01	2.759397684825632524e+01
9.029029029029028708e-01	6.254513252764287046e+00	-6.345584275450927514e+00
9.039039039039038492e-01	-1.956451834897280362e+00	1.834114310518825119e+00
9.049049049049049387e-01	-3.982961846363101444e+01	3.967613541173479774e+01
9.059059059059059171e-01	4.979818985417980315e+01	-4.998266666098329125e+01
9.069069069069068956e-01	-3.272379605225424370e+01	3.250850791150915597e+01
9.079079079079078740e-01	-5.753451066861602214e+01	5.728862408286217089e+01
9.089089089089088525e-01	1.397890623024538215e+01	-1.425514811462445408e+01
9.099099099099099419e-01	2.454441365729076452e+01	-2.485073767689754831e+01
9.109109109109109204e-01	-5.111467625154010364e+01	5.077857300699788823e+01
9.119119119119118988e-01	-7.312566313520993333e+01	7.276011302338471864e+01
9.129129129129128772e-01	8.287258617168662411e+00	-8.681894119918101893e+00
9.139139139139138557e-01	-9.922352852164699755e+01	9.880019786559046224e+01
9.149149149149149451e-01	-7.301864353427930610e+01	7.256703633790240815e+01
9.159159159159159236e-01	3.157583509537079114e-01	-7.951955132425155837e-01
9.169169169169169020e-01	-3.663800752944261063e+01	3.613121449547433883e+01
9.179179179179178805e-01	-4.563909993394865694e+01	4.510545217354653857e+01
9.189189189189188589e-01	-2.630388855400855164e+01	2.574391376787096064e+01
9.199199199199199484e-01	-4.542324413170978659e+01	4.483749605416794992e+01
9.209209209209209268e-01	-8.647891117959163410e+01	8.586796903104621492e+01
9.219219219219219053e-01	1.115342260045615319e-01	-7.470663118489450083e-01
9.229229229229228837e-01	1.514595311712492176e-01	-8.109531047071434351e-01
9.239239239239238621e-01	-3.986607234448236881e+01	3.918326942731918194e+01
9.249249249249249516e-01	-4.693922322390982771e+01	4.623378615676387682e+01
9.259259259259259300e-01	3.024608689631479663e+01	-3.097346053788784559e+01
9.269269269269269085e-01	-6.093144739145874667e+01	6.018285644312375382e+01
9.279279279279278869e-01	-6.180342250385081115e+01	6.103435449727649598e+01
9.289289289289288654e-01	-4.179635100036004758e+01	4.100756643292741899e+01
9.299299299299299548e-01	-5.146633530553562430e+00	4.338912396479754463e+00
9.309309309309309333e-01	-2.241939625520319002e+00	1.416080644556775958e+00
9.319319319319319117e-01	-6.694329726192462715e+01	6.610011708953840071e+01
9.329329329329328901e-01	-4.867243787608995120e+01	4.781277029590921046e+01
9.339339339339339796e-01	-1.076691791146926107e+02	1.067938742140147923e+02
9.349349349349349581e-01	-7.224524000397646262e+01	7.135516333315455029e+01
9.359359359359359365e-01	-9.140533613051077566e+01	9.050136784704875481e+01
9.369369369369369149e-01	-9.811045411356600709e+01	9.719348811176999448e+01
9.379379379379378934e-01	-6.830887218853716192e+00	5.901830245899354566e+00
9.389389389389389828e-01	-9.245397993199512143e+01	9.151375069128536666e+01
9.399399399399399613e-01	-8.431692072697110518e+01	8.336644896967099783e+01
9.409409409409409397e-01	-5.430486172219580254e+01	5.334508732784261298e+01
9.419419419419419182e-01	-2.295646648921552213e+01	2.198833853631340318e+01
9.429429429429428966e-01	-5.150687664217663553e+01	5.053135246969479510e+01
9.439439439439439861e-01	2.619220242781604213e+01	-2.717415816711354992e+01
9.449449449449449645e-01	-7.138559657377538770e+01	7.039818028031859853e+01
9.459459459459459429e-01	-6.031114586992418225e+01	5.931924543466530508e+01
9.469469469469469214e-01	-6.010383012760618726e+01	5.910842639707217216e+01
9.479479479479478998e-01	-2.060085243938601351e+01	1.960292972435777159e+01
9.489489489489489893e-01	-5.256876153515052863e+01	5.156930663732146058e+01
9.499499499499499677e-01	-7.408993175870060099e+01	7.308993299487200090e+01
9.509509509509509462e-01	-1.028414099521997258e+02	1.018418561769779558e+02
9.519519519519519246e-01	-6.201227375647555817e+01	6.101415338443741376e+01
9.529529529529529031e-01	-2.219656182770512132e+01	2.120086185599828354e+01
9.539539539539539925e-01	-8.420045002951611934e+01	8.320815506186130506e+01
9.549549549549549710e-01	-5.188521502817963693e+01	5.089730630123946042e+01
9.559559559559559494e-01	-6.139845161660793593e+01	6.041590602968530987e+01
9.569569569569569278e-01	-3.984514261415918668e+01	3.886893176318475440e+01
9.579579579579579063e-01	-9.671945817382353994e+01	9.575054739058738562e+01
9.589589589589589957e-01	1.199418380656166150e+01	-1.295483640898398292e+01
9.599599599599599742e-01	-1.117906941313449778e+02	1.108392496566618064e+02
9.609609609609609526e-01	-7.993578841510671396e+01	7.899449290957720393e+01
9.619619619619619311e-01	-3.446726000206430740e+01	3.353704427123570042e+01
9.629629629629629095e-01	-5.580758360662785833e+01	5.488936749974758555e+01
9.639639639639639990e-01	-3.660557011622655210e+01	3.570026161664395659e+01
9.649649649649649774e-01	-8.120037610134812667e+01	8.030887042864983982e+01
9.659659659659659559e-01	-6.591988505190612102e+01	6.504306377667296601e+01
9.669669669669669343e-01	-6.208983010674813130e+01	6.122856027880889940e+01
9.679679679679679127e-01	-7.562006467798560116e+00	6.717139758842741060e+00
9.689689689689690022e-01	-3.669777580230304181e+01	3.587014766370030827e+01
9.699699699699699806e-01	-3.177935413444880552e+01	3.096978297110806011e+01
9.709709709709709591e-01	-8.049552387316191471e+01	7.970481023424682121e+01
9.719719719719719375e-01	-2.341209118461051730e+01	2.264101697191179241e+01
9.729729729729729160e-01	-4.763045678962060947e+01	4.687978448436788170e+01
9.739739739739740054e-01	-6.229731108205053935e+00	5.500203017082864854e+00
9.749749749749749839e-01	1.697417932559057618e+01	-1.768184180447708087e+01
9.759759759759759623e-01	-6.091663396840714739e+01	6.023153687792336797e+01
9.769769769769769407e-01	-6.286073078220064758e+01	6.219887654237077612e+01
9.779779779779779192e-01	-7.722640840840918486e+01	7.658845149765606664e+01
9.789789789789790087e-01	-5.088753301663236073e+01	5.027410428236569828e+01
9.799799799799799871e-01	-5.746887394336891219e+01	5.688057997816810740e+01
9.809809809809809655e-01	-3.028370031934846551e+01	2.972112286113002710e+01
9.819819819819819440e-01	-4.585535438801085206e+01	4.531904974477346570e+01
9.829829829829829224e-01	-5.139268147344031945e+01	5.088317997315644448e+01
9.839839839839840119e-01	-7.584262968463511001e-01	2.762317630443016370e-01
9.849849849849849903e-01	-6.736411535543970786e+01	6.690970460899482930e+01
9.859859859859859688e-01	-1.830411481547008279e+01	1.787793720309764467e+01
9.869869869869869472e-01	-4.519620364001873725e+01	4.479868058993481839e+01
9.879879879879879256e-01	-4.317293153573337428e+00	3.948817758763083496e+00
9.889889889889890151e-01	2.060037905567681449e+01	-2.093944242617148888e+01
9.899899899899899935e-01	-3.503818986617218911e+01	3.472887380478331920e+01
9.909909909909909720e-01	-7.276569157276779443e+00	6.997306273983947555e+00
9.919919919919919504e-01	-1.400463139971274451e+01	1.375569784524584982e+01
9.929929929929930399e-01	-4.564678513572063423e+01	4.542842706947598685e+01
9.939939939939940183e-01	-7.817326668026568726e+00	7.629760014650732280e+00
9.949949949949949968e-01	-3.929536385933636300e+00	3.772946621805077783e+00
9.959959959959959752e-01	2.802848007394921570e+00	-2.928306037575219900e+00
9.969969969969969537e-01	-1.598757639816282072e+01	1.589337416183519025e+01
9.979979979979980431e-01	-3.639365328098738583e+00	3.576512038054258547e+00
9.989989989989990216e-01	-4.425730854116714852e+01	4.422586635024802604e+01
1.000000000000000000e+00	-1.524141001550391294e+01	1.524141001550391117e+01
